name=BMI160 Accelerometer vendor=BOSCH current_time_ms=1561345925949
measured_at recorded_at accuracy value_x value_y value_z
181633320994655 181633402332901 0 0.16160813 9.605664 0.727617
181633331101322 181633402430557 0 0.07541351 9.82077 0.65199095
181633341207988 181633402520453 0 -0.08739628 9.768189 0.62835705
181633351314655 181633402581703 0 -0.20711006 9.72995 0.552731
181633361421322 181633402639776 0 -0.29809317 9.753851 0.44401878
181633371527988 181633402701390 0 -0.34119177 9.65825 0.36366612
181633381634655 181633402760088 0 -0.29330993 9.62479 0.31639937
181633391741322 181633402819828 0 -0.13529378 9.653472 0.26440609
181633401847988 181633477423377 0 -0.06346972 9.653473 0.2596785
181633411954655 181633477623585 0 -0.09220296 9.643913 0.3022167
181633422061322 181633477682231 0 -0.11614781 9.586553 0.3353017
181633432167988 181633477760773 0 -0.16403492 9.658256 0.36366016
181633442274655 181633477821346 0 -0.19276822 9.753859 0.46291715
181633452381322 181633477877179 0 -0.20234765 9.74908 0.56690073
181633462487988 181633477929366 0 -0.21192718 9.806442 0.53854036
181633472594655 181633477980304 0 -0.14967999 9.882925 0.5763519
181633482701322 181633505171036 0 -0.058702122 9.921166 0.5952572
181633492807988 181633505413744 0 0.013121937 9.902046 0.5716233
181633502918301 181633505804317 0 0.008330924 9.921167 0.5952552
181633513033665 181633516692652 0 -0.006036991 9.911609 0.59052765
181633523149030 181633529568642 0 -0.058712546 9.772986 0.5527141
181633533264342 181633577767658 0 -0.15448411 9.701285 0.41091594
181633543379707 181633578037762 0 -0.28377473 9.6965065 0.2832975
181633553495072 181633578097345 0 -0.31250802 9.706067 0.2691168
181633563610384 181633578147814 0 -0.28377998 9.78255 0.19349065
181633573725749 181633578543804 0 -0.26941726 9.849473 0.21239597
181633583841113 181633590574586 0 -0.2933621 9.916395 0.245481
181633593956426 181633644227195 0 -0.25505716 9.945076 0.33528483
181633604071790 181633644400841 0 -0.2646366 9.949858 0.44872156
181633614187155 181633644449539 0 -0.25506234 9.906837 0.45817372
181633624302467 181633644496206 0 -0.18802671 9.902059 0.44871956
181633634417832 181633644538810 0 -0.08747194 9.892499 0.45344514
181633644533197 181633655998811 0 0.037025053 9.9020605 0.48653015
181633654648509 181633656594332 0 0.104060695 9.9498625 0.5716075
181633664763874 181633666635896 0 0.123211876 10.035905 0.6330519
181633674879238 181633677077720 0 0.056171056 10.035906 0.62832433
181633684994551 181633687094231 0 -0.07311966 10.055028 0.5385185
181633695109915 181633697166732 0 -0.188045 9.964207 0.5574237
181633705225280 181633706978816 0 -0.25029743 9.849485 0.51015705
181633715340592 181633717388765 0 -0.27424222 9.816025 0.42980438
181633725455957 181633727415745 0 -0.20720658 9.849486 0.37781104
181633735571322 181633737864809 0 -0.12580562 9.882948 0.29745838
181633745686634 181633747518612 0 -0.06834688 9.8925085 0.2927308
181633755801999 181633758778665 0 -0.082714766 9.91641 0.29272982
181633765917363 181633770217052 0 -0.09708274 9.882951 0.2927288
181633776032676 181633783656064 0 -0.106662236 9.835151 0.368353
181633786148040 181633788259293 0 -0.058780402 9.8160305 0.40616456
181633796263405 181633798301794 0 -0.09230215 9.873393 0.47233558
181633806378717 181633808205493 0 -0.08272787 9.916415 0.5243268
181633816494082 181633818785390 0 -0.053999815 9.916416 0.533779
181633826609447 181633828990756 0 -0.058790825 9.921197 0.4912389
181633836724759 181633839601902 0 -0.14019704 9.911638 0.41088617
181633846840124 181633848986903 0 -0.20723791 9.854277 0.33053344
181633856955488 181633859063675 0 -0.24075966 9.806478 0.22182131
181633867070801 181633869177478 0 -0.19287783 9.825599 0.117835775
181633877186165 181633879353469 0 -0.11626529 9.806479 0.0942019
181633887301530 181633889568210 0 -0.03486427 9.768239 0.07056805
181633897416842 181633899588575 0 0.056113627 9.777801 0.122559324
181633907532207 181633909698993 0 -0.0013503506 9.868624 0.2974415
181633917647572 181633920136025 0 -0.049237456 9.854283 0.33997965
181633927762884 181633930086755 0 -0.08275921 9.859065 0.34943178
181633937878249 181633941362381 0 -0.14022313 9.792145 0.3447042
181633947993613 181633950554257 0 -0.207264 9.725224 0.28798437
181633958108926 181633960899258 0 -0.24078576 9.715664 0.2643505
181633968224290 181633971024676 0 -0.2120577 9.792147 0.22653697
181633978339655 181633981202073 0 -0.14981045 9.806488 0.18399681
181633988454967 181633992694470 0 -0.10192862 9.84951 0.16981615
181633998570332 181634001953689 0 -0.034892984 9.892531 0.19817457
181634008686530 181634012389680 0 0.0129888505 9.906873 0.22180642
181634018802780 181634022025723 0 -0.05884045 9.916434 0.24071173
181634028919082 181634032173067 0 -0.11151598 9.911655 0.15090585
181634039035332 181634042321871 0 -0.24080667 9.854294 0.24070975
181634049151582 181634052335465 0 -0.3030591 9.873416 0.26906815
181634059267832 181634062389633 0 -0.27433097 9.925999 0.20289518
181634069384082 181634072061249 0 -0.22644915 9.9499 0.2643396
181634079500384 181634082705052 0 -0.19293264 9.949901 0.27379176
181634089616634 181634092721719 0 -0.17378145 9.945121 0.3068768
181634099732884 181634102420418 0 -0.20730321 9.892541 0.33996177
181634109849134 181634112908701 0 -0.25997868 9.859081 0.29269508
181634119965384 181634123022556 0 -0.23603907 9.839961 0.2076158
181634130081634 181634133132400 0 -0.18815723 9.868644 0.10363023
181634140197936 181634142928808 0 -0.09717937 9.859084 0.07054323
181634150314186 181634153133965 0 -0.03014367 9.859085 0.089448504
181634160430436 181634163046049 0 -0.02535784 9.863867 0.032728683
181634170546686 181634173361311 0 -0.073244944 9.887768 0.14143884
181634180662936 181634183226468 0 -0.13070892 9.844748 0.22651613
181634190779238 181634197321834 0 -0.11634619 9.830407 0.20760885
181634200895488 181634203485689 0 -0.11634881 9.849529 0.2312407
181634211011738 181634213491836 0 -0.1402936 9.897331 0.2643257
181634221127988 181634224098503 0 -0.13550778 9.935573 0.25959814
181634231244238 181634233702046 0 -0.1642411 9.964254 0.23123772
181634241360540 181634243666318 0 -0.18818595 9.9594755 0.22178358
181634251476790 181634253957204 0 -0.20734234 9.916455 0.22650918
181634261593040 181634265202466 0 -0.21692187 9.859095 0.16033618
181634271709290 181634274070435 0 -0.19777068 9.825635 0.084710054
181634281825540 181634284669238 0 -0.13552344 9.806516 0.065802746
181634291941790 181634294056271 0 -0.0780647 9.801736 0.08470808
181634302058092 181634306646897 0 -0.044548195 9.849539 0.122519635
181634312174342 181634314228877 0 -0.03018549 9.758718 0.17923748
181634322290592 181634324644190 0 -0.044553377 9.720477 0.19341621
181634332406842 181634334087420 0 -0.08286358 9.7348175 0.11306354
181634342523092 181634348711172 0 -0.12596223 9.76828 0.108335964
181634352639394 181634354948100 0 -0.16427243 9.787401 0.103608385
181634362755644 181634364495548 0 -0.22652486 9.830423 0.09415424
181634372871894 181634374792841 0 -0.24089275 9.8973465 0.174505
181634382988144 181634385637113 0 -0.23131847 9.897347 0.21231654
181634393104394 181634395525291 0 -0.15470596 9.926029 0.20286243
181634403220697 181634406223990 0 -0.20738149 9.96427 0.207588
181634413336947 181634416391595 0 -0.24569169 9.873448 0.20286043
181634423453197 181634427431753 0 -0.26152822 9.682756 0.060503807
181634433569447 181634436080764 0 -0.108311825 9.615839 0.013232813
181634443685697 181634446559046 0 -0.2950751 9.41986 -0.057671018
181634453801947 181634456567016 0 0.15502498 9.548928 -0.05294975
181634463918249 181634466545767 0 -0.098776534 9.520252 -9.627328E-4
181634474034499 181634477534831 0 0.020920753 9.721021 0.10774317
181634484150749 181634486578425 0 -0.07486206 9.701907 0.183363
181634494266999 181634495982801 0 -0.4531632 9.725812 0.2873423
181634504382988 181634506668375 0 -0.32867748 10.089106 0.39604816
181634514498717 181634517301918 0 -0.76922846 9.917026 0.54256666
181634524614447 181634529260513 0 0.22196613 10.366362 0.6701788
181634534730228 181634537646816 0 -0.14675815 9.964836 0.75525177
181634544845957 181634547547390 0 0.85401326 10.423733 0.6607151
181634554961686 181634558389943 0 0.054328866 9.773642 0.5803581
181634565077415 181634567529215 0 0.6097748 10.103475 0.5567199
181634575193144 181634577674216 0 -0.13244835 9.635028 0.32511264
181634585308926 181634587864529 0 -0.003174131 9.9744215 0.21166965
181634595424655 181634597260728 0 -0.43893665 9.807122 0.102953255
181634605540384 181634608025937 0 -0.5251426 9.735424 0.06986196
181634615656113 181634617559480 0 -0.3048879 9.840592 -0.024674732
181634625771894 181634629181044 0 -0.56347793 9.649393 0.036765404
181634635887624 181634637731669 0 0.16914059 10.070047 0.10765872
181634646003353 181634648712556 0 -0.3719678 9.759345 0.23999745
181634656119082 181634657972713 0 0.5474001 10.20868 0.29671103
181634666234863 181634668710110 0 -0.13257322 9.663753 0.4432294
181634676350592 181634678223028 0 0.64314127 10.20869 0.4526773
181634686466322 181634688873497 0 -0.15175475 9.649422 0.44321886
181634696582051 181634698571728 0 0.3079222 10.003155 0.4195808
181634706697832 181634709186364 0 -0.19487855 9.816735 0.35813007
181634716813561 181634719391365 0 -0.17095017 9.945803 0.3344919
181634726929290 181634730282200 0 -0.19011785 9.878886 0.27304122
181634737045019 181634738838190 0 -0.4965923 9.673347 0.24467653
181634747160749 181634749756629 0 -0.03212687 9.869337 0.19267896
181634757276530 181634760281265 0 -0.55408144 9.534733 0.2068534
181634767392259 181634770064235 0 0.23121001 10.156152 0.21157469
181634777507988 181634779332986 0 -0.530167 9.682926 0.25883508
181634787623717 181634789991320 0 0.14499019 10.089241 0.3060956
181634797739499 181634800878092 0 -0.37696436 9.716396 0.33444968
181634807855228 181634810310437 0 -0.05615232 9.936286 0.3249913
181634817970957 181634819839500 0 -0.27643475 9.859809 0.4762363
181634828086686 181634831794710 0 -0.09448766 9.864594 0.4478716
181634838202467 181634840567888 0 -0.142386 9.745096 0.43841314
181634848318197 181634850856951 0 -0.11845765 9.850264 0.4242282
181634858433926 181634860364087 0 0.0012396036 9.917191 0.42894948
181634868549655 181634871263151 0 -0.013139571 9.945876 0.4573036
181634878665384 181634881064506 0 0.020365648 10.012802 0.4478452
181634888781165 181634891164559 0 -0.022744235 10.051047 0.43366024
181634898896894 181634900801956 0 -0.08979637 10.060614 0.4478346
181634909012624 181634911388468 0 -0.14248316 9.965015 0.41946995
181634919128353 181634921882792 0 -0.18559307 9.93156 0.41001153
181634929244134 181634932250761 0 -0.19997227 9.902884 0.43363914
181634939359863 181634940899148 0 -0.18083233 9.797726 0.4525401
181634949475592 181634951923107 0 -0.16169249 9.792951 0.4761677
181634959591322 181634961924150 0 -0.0898796 9.745154 0.47143587
181634969707103 181634972206859 0 -0.051585898 9.730819 0.49506342
181634979822832 181634981638839 0 -0.046811327 9.850327 0.46669874
181634989938561 181634993087278 0 -0.032459885 9.907693 0.49032632
181635000054238 181635002647331 0 -0.08035822 9.931598 0.5186805
181635010169759 181635012312592 0 -0.12825659 9.984184 0.5281283
181635020285280 181635021933947 0 -0.1522127 9.960289 0.5139433
181635030400749 181635032972178 0 -0.25278395 9.802549 0.5186646
181635040516269 181635042974731 0 -0.027740836 9.855135 0.54701877
181635050631738 181635053550513 0 -0.45871493 9.534873 0.47138834
181635060747259 181635062392076 0 0.03448127 9.826465 0.42884398
181635070862728 181635073276244 0 -0.36297375 9.496641 0.43829176
181635080978249 181635083489526 0 0.020088095 9.816914 0.45719278
181635091093769 181635093112913 0 -0.16667515 9.745217 0.37210926
181635101209238 181635103271455 0 -0.13316996 9.793023 0.4004634
181635111324759 181635113151977 0 -0.051780168 9.907751 0.42881757
181635121440228 181635123325676 0 -0.39656222 9.773913 0.44771853
181635131555749 181635133993073 0 0.09184546 10.060724 0.49025244
181635141671217 181635143906147 0 -0.5689741 9.573157 0.60841143
181635151786738 181635153829794 0 0.24983642 10.070294 0.63676554
181635161902259 181635163822659 0 -0.5546365 9.587507 0.6934792
181635172017728 181635174911358 0 0.24023181 10.060743 0.6982004
181635182133249 181635184961620 0 -0.49241444 9.601857 0.71710145
181635192248717 181635194185944 0 0.1827427 9.998611 0.72182274
181635202364238 181635204427090 0 -0.24823143 9.74049 0.70291114
181635212479707 181635214603342 0 0.010330805 9.960381 0.73126537
181635222595228 181635225243603 0 -0.06629821 9.907804 0.60836923
181635232710749 181635234855583 0 -0.3392535 9.936489 0.59891087
181635242826217 181635244668032 0 -0.013653034 10.032097 0.47601467
181635252941738 181635254940429 0 -0.5643382 9.597112 0.56581426
181635263057207 181635264981680 0 0.14912643 10.022546 0.56580895
181635273172728 181635275284702 0 -0.54521227 9.501518 0.57053024
181635283288197 181635285214963 0 0.32148275 9.965195 0.636697
181635293403717 181635295277829 0 -0.5021439 9.453727 0.67450434
181635303519238 181635305225746 0 0.18737847 9.965204 0.67449903
181635313634707 181635315764237 0 -0.4590757 9.458517 0.65558743
181635323750228 181635329109030 0 -0.0520716 9.6114855 0.6083165
181635333865697 181635335950802 0 -0.28671938 9.463306 0.53741264
181635343981217 181635345603198 0 -0.31546393 9.468091 0.5893996
181635354096686 181635356138043 0 -0.04732479 9.535018 0.5563083
181635364212207 181635366197627 0 -0.4304144 9.195635 0.5279436
181635374327728 181635376409660 0 0.12981994 9.444206 0.48067266
181635384443197 181635386019348 0 -0.5597302 9.080922 0.52793306
181635394558717 181635485792639 0 0.0052925614 9.453775 0.55156064
181635404674186 181635485824514 0 -0.23893201 9.296037 0.59409446
181635414789707 181635485832431 0 0.04836086 9.515926 0.6035424
181635424905176 181635485838994 0 -0.14319083 9.434669 0.6177168
181635435020697 181635485845139 0 -0.06180113 9.644999 0.7169696
181635445136217 181635485851181 0 -0.22941066 9.5255 0.74532366
181635455251686 181635485857223 0 -0.27252054 9.420342 0.77840436
181635465367207 181635485863681 0 -0.22943842 9.362987 0.8256649
181635475482207 181635485875764 0 -0.17199092 9.224368 0.87292534
181635485596894 181635490591077 0 -0.14806257 9.195692 0.9958109
181635495711634 181635506414464 0 -0.07624977 9.181357 1.0619776
181635505826322 181635507762642 0 0.0578129 9.190923 1.1139646
181635515941061 181635517803372 0 0.07695276 9.066645 1.2746627
181635526055749 181635529094414 0 0.096092746 8.932806 1.3880951
181635536170436 181635539085561 0 0.091290355 8.870669 1.4731683
181635546285176 181635548792385 0 0.06254583 8.837213 1.572421
181635556399863 181635558897803 0 0.014647494 8.798977 1.6338611
181635566514551 181635569048221 0 0.019422064 8.928044 1.6149495
181635576629290 181635579240774 0 -0.018899368 9.171835 1.6149442
181635586743978 181635589185879 0 -0.15298976 9.281783 1.6811109
181635596858665 181635600113172 0 -0.20567656 9.281788 1.6811056
181635606973405 181635610334996 0 -0.24878646 9.267452 1.6432878
181635617088092 181635620756924 0 -0.3062617 9.210095 1.7567202
181635627202780 181635632520362 0 -0.2871218 9.023677 1.8701526
181635637317519 181635640559894 0 -0.18178979 8.932859 2.097023
181635647432207 181635652230781 0 -0.109976955 8.932864 2.380612
181635657546947 181635660519740 0 -0.06689484 8.899407 2.5507634
181635667661634 181635670753074 0 0.033648673 8.79903 2.6216564
181635677776322 181635680592503 0 0.043211695 8.8850765 2.6594636
181635687891061 181635691157504 0 0.019255556 8.9759035 2.6878178
181635698005749 181635701188911 0 -0.047796555 9.1384325 2.772891
181635708120436 181635710923912 0 -0.06696424 9.2531595 2.8721435
181635718235176 181635723090423 0 -0.17232393 9.234044 2.8721383
181635728349863 181635732922404 0 -0.23458762 9.234049 2.9572113
181635738464551 181635741451779 0 -0.105313405 8.999828 2.9997451
181635748579290 181635751662458 0 -0.1532118 8.947253 2.943021
181635758693978 181635762819959 0 -0.25378302 8.756052 2.7350466
181635768808665 181635772121105 0 -0.3926619 8.6652355 2.980823
181635778923405 181635781577617 0 -0.33521435 8.488376 3.4676545
181635789038092 181635791472514 0 -0.19636329 8.402339 3.8741348
181635799152832 181635802102671 0 -0.25383854 8.507505 4.0679193
181635809267519 181635811941943 0 -0.28737155 8.48361 4.342055
181635819382207 181635822861683 0 -0.30175075 8.622238 4.6398234
181635829496947 181635833921528 0 -0.45978338 8.693945 4.663451
181635839611634 181635842801425 0 -0.6226044 8.679609 4.545281
181635849726322 181635852858405 0 -0.6321952 8.646153 4.4082055
181635859841061 181635864376792 0 -0.59869 8.531435 4.450739
181635869955749 181635872840595 0 -0.54603094 8.416718 4.4885464
181635880070436 181635884563460 0 -0.52210253 8.402382 4.5216274
181635890185176 181635892880544 0 -0.47902042 8.302004 4.625607
181635900299863 181635912966744 0 -0.3689 8.106024 4.809938
181635910414551 181635912977317 0 -0.2492027 8.086909 5.126612
181635920529290 181635923210860 0 -0.110351615 8.2446575 5.6228976
181635930643978 181635932475444 0 -0.08642327 8.368945 5.9490256
181635940758717 181635942792112 0 -0.22051367 8.38807 6.0388255
181635950873405 181635952789248 0 -0.37375784 8.411976 6.053
181635960988092 181635963335343 0 -0.4025024 8.254237 6.142799
181635971102832 181635972812480 0 -0.37378556 8.043917 6.3554893
181635981217519 181635984124095 0 -0.33070347 7.9387593 6.3696637
181635991332207 181635998248472 0 -0.220583 7.900523 6.3649325
181636001446790 181636003293212 0 -0.10088573 7.7380037 6.468911
181636011561009 181636021178682 0 -0.005130641 7.556364 6.535078
181636021675280 181636023813578 0 -0.12006726 7.4464264 6.643784
181636031789499 181636036309986 0 -0.2780999 7.3269286 6.7666698
181636041903769 181636047277070 0 -0.45049784 7.269572 6.8375635
181636052018040 181636054761863 0 -0.4888193 7.236116 6.950995
181636062132259 181636065341082 0 -0.49841008 7.178759 6.9651694
181636072246530 181636075254729 0 -0.5989814 7.1214027 7.121141
181636082360749 181636085347491 0 -0.6373028 6.9971247 7.1353164
181636092475019 181636095111919 0 -0.5798553 6.8250456 7.050232
181636102589290 181636104964628 0 -0.43142736 6.772469 6.8989763
181636112703509 181636115517806 0 -0.3021531 6.705552 7.0833077
181636122817780 181636125461088 0 0.033024285 6.4665513 7.3007245
181636132931999 181636135614996 0 0.30595183 6.270571 7.229821
181636143046269 181636145898174 0 0.38734156 6.103272 7.0407524
181636153160540 181636155912394 0 0.2867703 6.065036 6.799692
181636163274759 181636166099374 0 0.31069863 5.7065325 7.7733603
181636173389030 181636175021146 0 0.076050885 5.2954473 8.912458
181636183503301 181636185984115 0 -0.13944307 5.20463 8.529602
181636193617519 181636197249377 0 -0.28311038 5.0373306 7.759165
181636203731790 181636206452451 0 -0.28791264 4.7122874 7.74498
181636213846009 181636215946723 0 -0.59917563 4.5927896 7.934038
181636223960280 181636226702088 0 -0.94395757 5.2142096 8.917159
181636234074551 181636236677818 0 -0.33583874 5.3145967 8.46813
181636244188769 181636247304799 0 -0.24966058 5.3050413 8.732812
181636254303040 181636256742872 0 -0.11559795 5.285926 9.068393
181636264417259 181636267024748 0 0.013676208 5.109066 8.954951
181636274531530 181636277120166 0 -0.010279869 4.908306 9.21018
181636284645801 181636287378500 0 -0.11085114 4.8844104 9.318887
181636294760019 181636298433137 0 -0.2880375 4.8844156 9.120365
181636304874290 181636307450117 0 -0.40297416 4.793598 9.101453
181636314988509 181636317595118 0 -0.39341107 4.6741 9.167621
181636325102780 181636327640015 0 -0.33117515 4.602403 9.200701
181636335217051 181636338583714 0 -0.2928815 4.621528 9.191242
181636345331269 181636348564809 0 -0.18754953 4.7744966 9.195964
181636355445540 181636357959497 0 -0.09658292 4.784062 9.26213
181636365559759 181636368282675 0 -0.18278883 4.7745066 9.446462
181636375674030 181636377662676 0 -0.120552905 4.6263275 9.569347
181636385788301 181636387776219 0 0.027875055 4.401667 9.701686
181636395902519 181636398583876 0 0.013495821 4.2917295 9.673321
181636406016790 181636408706533 0 -0.09665226 4.239153 9.574058
181636416131009 181636418132368 0 -0.2163773 4.167456 9.649677
181636426245280 181636428837160 0 -0.24033341 4.090979 9.649672
181636436359551 181636439015807 0 -0.14457835 3.9858215 9.602402
181636446473769 181636449179194 0 -0.020092623 3.8089619 9.522044
181636456588040 181636458625757 0 0.046931755 3.6034217 9.422781
181636466702259 181636469082529 0 -0.04885106 3.488704 9.550393
181636476816530 181636479305707 0 -0.16174378 3.5692587 9.754407
181636486930801 181636489757687 0 -0.21920896 3.7652447 9.707141
181636497045019 181636499416074 0 -0.08034779 4.004252 9.65042
181636507159811 181636509014720 0 0.034571107 3.9946926 9.598427
181636517274759 181636519385086 0 0.077663295 3.81783 9.565339
181636527389707 181636531036285 0 0.039351873 3.6744277 9.697682
181636537504655 181636586019364 0 -0.051632427 3.7174504 9.825298
181636547619603 181636586045666 0 -0.17134741 3.8512948 9.77803
181636557734551 181636586053634 0 -0.23838948 3.8751967 9.8489275
181636567849499 181636586060197 0 -0.20487416 3.7748156 9.919824
181636577964447 181636586066343 0 -0.16657043 3.6744344 9.863105
181636588079394 181636593655823 0 -0.18093956 3.6744359 9.825291
181636598194290 181636601034625 0 -0.1522127 3.7270184 9.886735
181636608309238 181636611037491 0 -0.16179341 3.774821 10.080523
181636618424186 181636620586086 0 -0.23841235 3.6935601 10.1656
181636628539134 181636632215983 0 -0.22405083 3.5453782 10.23177
181636638654082 181636641398067 0 -0.18574707 3.478458 10.307394
181636648769030 181636651614943 0 -0.15223181 3.3398356 10.378291
181636658883978 181636660929163 0 -0.1713894 3.162973 10.368835
181636668998926 181636671860987 0 -0.2192777 3.0817122 10.274303
181636679113874 181636682127706 0 -0.24322374 3.0434728 10.118324
181636689228822 181636692049791 0 -0.24322756 2.923971 10.000159
181636699343769 181636701605833 0 -0.23365445 2.8857315 9.910353
181636709458665 181636711881616 0 -0.2528121 2.8809528 9.796914
181636719573613 181636722304898 0 -0.28154656 2.8761737 9.659842
181636729688561 181636732537555 0 -0.29591572 2.8283741 9.470778
181636739803509 181636741754587 0 -0.2815542 2.727993 9.366791
181636749918457 181636753291828 0 -0.24803887 2.5654705 9.38097
181636760033405 181636762594694 0 -0.15227376 2.3838274 9.404601
181636770148353 181636773096882 0 -0.07087398 2.3216872 9.409326
181636780263301 181636782369696 0 -0.07087786 2.37427 9.470771
181636790378249 181636792676520 0 -0.11876606 2.4507527 9.499128
181636800493197 181636803173500 0 -0.18580814 2.4603145 9.470768
181636810608092 181636812645740 0 -0.16186972 2.3981743 9.513305
181636820723040 181636822587148 0 -0.07089305 2.331254 9.541663
181636830837988 181636832933242 0 -0.046954602 2.3647163 9.480216
181636840952936 181636843563973 0 -0.090054445 2.4411993 9.428222
181636851067884 181636853164598 0 -0.118788995 2.5463634 9.527479
181636861182832 181636863005381 0 -0.11400436 2.5846057 9.555838
181636871297780 181636873492882 0 -0.0948544 2.6132874 9.522749
181636881412728 181636883445591 0 -0.17147334 2.6132889 9.480209
181636891527676 181636893702884 0 -0.14274648 2.5893896 9.461301
181636901642624 181636904248510 0 -0.056558255 2.5559304 9.41876
181636911757572 181636913841271 0 -0.027831389 2.5989525 9.404579
181636921872467 181636923977835 0 -0.023046749 2.6228545 9.347858
181636931987415 181636934024919 0 -0.01826211 2.594175 9.362038
181636942102363 181636944637576 0 -0.0469966 2.5129144 9.319496
181636952217311 181636954327213 0 -0.104461804 2.4651148 9.286409
181636962332259 181636965337891 0 -0.20502298 2.5893989 9.281681
181636972447207 181636974499923 0 -0.23854597 2.7662647 9.347852
181636982562155 181636984992007 0 -0.17629997 2.7806063 9.357303
181636992677103 181636994666540 0 -0.07095798 2.7280264 9.376208
181637002792051 181637004862166 0 -0.027865762 2.6802266 9.366753
181637012906999 181637015450135 0 8.6107414E-4 2.6658874 9.418744
181637023021999 181637025220032 0 0.020011067 2.6802292 9.418743
181637033136999 181637035372794 0 0.0056419 2.6276488 9.470734
181637043251947 181637045582326 0 0.01521499 2.5511687 9.536904
181637053366947 181637055714254 0 0.043941885 2.508149 9.5605345
181637063481947 181637065817640 0 0.043938074 2.6085327 9.522722
181637073596894 181637075829777 0 0.04393426 2.7184765 9.489634
181637083711894 181637085940872 0 0.06787264 2.7567189 9.461273
181637093826894 181637096097435 0 0.07744574 2.75194 9.470725
181637103941842 181637105572697 0 0.11096102 2.7806222 9.385646
181637114056842 181637116280927 0 0.09659185 2.8045242 9.343104
181637124171842 181637126877803 0 0.091799594 2.7376037 9.333651
181637134286790 181637136391970 0 0.08221894 2.7041442 9.447086
181637144401790 181637146148430 0 0.13009958 2.6611247 9.484898
181637154516790 181637156661035 0 0.17798027 2.670686 9.45181
181637164631738 181637166450515 0 0.23543777 2.7423892 9.3761835
181637174746738 181637177087547 0 0.3072606 2.7710712 9.390362
181637184861738 181637186596507 0 0.3551413 2.8045335 9.362
181637194976686 181637197261404 0 0.25458008 2.7137127 9.324186
181637205091686 181637207480728 0 0.17796116 2.675473 9.2911
181637215206686 181637217635156 0 0.11091908 2.6945949 9.310004
181637225321634 181637227225365 0 0.05345391 2.680256 9.343088
181637235436634 181637237960418 0 0.0534501 2.723278 9.461252
181637245551634 181637247785315 0 0.1923112 2.7663004 9.46125
181637255666582 181637258611618 0 0.20188428 2.8380034 9.470702
181637265781582 181637268799119 0 0.15399602 2.8666854 9.503786
181637275896582 181637279271620 0 0.19708821 2.7710845 9.447065
181637286011530 181637289305840 0 0.26412266 2.699384 9.399798
181637296126530 181637299808549 0 0.29763794 2.675485 9.267453
181637306241530 181637309539279 0 0.31678787 2.675486 9.281631
181637316356478 181637319767041 0 0.37903386 2.6850476 9.366708
181637326471478 181637329747563 0 0.37424162 2.7280703 9.380888
181637336586478 181637339818866 0 0.33593026 2.7280715 9.503776
181637346701426 181637349903502 0 0.28804198 2.7232928 9.617213
181637356816426 181637359979597 0 0.28803816 2.8236763 9.588852
181637366931426 181637370053244 0 0.2928228 2.9049397 9.513225
181637377046374 181637380066057 0 0.3454919 2.8667002 9.399786
181637387161374 181637392381319 0 0.398161 2.80934 9.257987
181637397276374 181637401570903 0 0.46998388 2.7806609 9.21072
181637407391322 181637410568769 0 0.49392232 2.8380234 9.234351
181637417506322 181637420813874 0 0.48434162 2.8667054 9.295795
181637427621322 181637430411271 0 0.46518394 2.8571465 9.34306
181637437736269 181637440753980 0 0.4795454 2.8236868 9.404504
181637447851269 181637450987418 0 0.4795416 2.7950077 9.432861
181637457966269 181637462223409 0 0.45080715 2.8093493 9.447041
181637468081269 181637470879452 0 0.4124958 2.8141308 9.465945
181637478196217 181637481075130 0 0.36883515 2.7760866 9.461003
181637488311217 181637490843725 0 0.38319102 2.7569695 9.44682
181637498426217 181637502422580 0 0.4502198 2.766533 9.41373
181637508540957 181637510900185 0 0.4645757 2.7617562 9.380641
181637518655749 181637521230134 0 0.47414312 2.7330787 9.456263
181637528770488 181637531417479 0 0.4789221 2.7187417 9.508251
181637538885280 181637542200865 0 0.45497045 2.6900644 9.550787
181637549000019 181637551890449 0 0.3974996 2.6996279 9.574416
181637559114811 181637561617534 0 0.36875942 2.7522123 9.50824
181637569229551 181637571731858 0 0.3160771 2.7426553 9.494057
181637579344342 181637582182796 0 0.2825485 2.713978 9.484601
181637589459082 181637592372068 0 0.2585968 2.7331018 9.470418
181637599573874 181637601996288 0 0.24422204 2.7522254 9.418421
181637609688613 181637612354674 0 0.20590496 2.7522287 9.42787
181637619803405 181637622494883 0 0.18195328 2.7235515 9.470407
181637629918144 181637632282280 0 0.10532866 2.7044344 9.503489
181637640032936 181637642798063 0 0.057434786 2.7426784 9.5129385
181637650147676 181637652487543 0 0.03827151 2.7235613 9.470396
181637660262467 181637662596554 0 0.028685134 2.6423028 9.437306
181637670377207 181637672469680 0 0.019098759 2.5945048 9.442028
181637680491999 181637682427494 0 0.019089347 2.66143 9.475111
181637690606738 181637692619526 0 0.03823362 2.7140145 9.470382
181637700721530 181637702692183 0 0.04301266 2.6948972 9.4656515
181637710836269 181637712804059 0 0.047791637 2.6231987 9.50346
181637720951061 181637723586612 0 0.06693591 2.6040816 9.593261
181637731065801 181637734538488 0 0.1004456 2.613645 9.616891
181637741180592 181637743026145 0 0.10043613 2.6518893 9.730324
181637751295332 181637753357709 0 0.11000362 2.6662328 9.777587
181637761410124 181637764604950 0 0.10041724 2.6996968 9.75395
181637771524863 181637774785732 0 0.02858106 2.771402 9.692502
181637781639655 181637785273806 0 0.17222501 2.714044 9.465622
181637791754394 181637793675578 0 0.20573464 2.6423457 9.418352
181637801869186 181637804915995 0 0.15784071 2.6280084 9.432529
181637811983926 181637815561153 0 0.12431214 2.6423523 9.366353
181637822098717 181637824707508 0 0.085995115 2.6566958 9.319084
181637832213457 181637836705634 0 0.071620286 2.69494 9.290721
181637842328249 181637845047666 0 0.09555307 2.7236238 9.248178
181637852442988 181637855083240 0 0.0955436 2.6949465 9.092197
181637862557780 181637864919751 0 0.03328432 2.5993476 8.98821
181637872672519 181637875282409 0 -0.081647806 2.5228689 9.082738
181637882787311 181637886030691 0 -0.18221466 2.546773 9.144179
181637892902051 181637896416629 0 -0.29235843 2.6853995 9.205621
181637903016842 181637905786005 0 -0.41686752 2.824026 9.290696
181637913131582 181637915787725 0 -0.36420405 2.8383698 9.248153
181637923246374 181637926464810 0 -0.41209796 2.8670537 9.347408
181637933361113 181637937288717 0 -0.39295366 2.8718371 9.404123
181637943475905 181637945716843 0 -0.359444 2.8192594 9.36158
181637953590644 181637956970906 0 -0.39297256 2.8240426 9.49392
181637963705436 181637966487522 0 -0.33073223 2.8049257 9.659347
181637973820176 181637976555856 0 -0.24454966 2.8001487 9.734968
181637983934967 181637985751013 0 -0.25413597 2.7666912 9.890942
181637994049707 181637995927525 0 -0.27808768 2.6806524 9.867306
181638004164655 181638006854557 0 -0.32598162 2.570713 9.7916765
181638014279707 181638018891225 0 -0.40739468 2.5898368 9.668781
181638024394811 181638027332840 0 -0.31163523 2.546819 9.366277
181638034509863 181638037152216 0 -0.3212215 2.5372622 9.200845
181638044624967 181638047365655 0 -0.39305776 2.604187 9.035411
181638054740019 181638057561698 0 -0.3978556 2.6758919 8.931423
181638064855124 181638069250657 0 -0.46490335 2.7141364 8.945599
181638074970176 181638077967585 0 -0.5511049 2.73804 8.988134
181638085085280 181638088995086 0 -0.60378724 2.675902 9.068481
181638095200332 181638098377639 0 -0.5990082 2.5611825 9.186644
181638105315436 181638108139932 0 -0.5511332 2.432123 9.333163
181638115430488 181638119474725 0 -0.61818093 2.3556442 9.432417
181638125545592 181638128608736 0 -0.6900171 2.2791655 9.531672
181638135660644 181638137816914 0 -0.77621865 2.1453257 9.678192
181638145775749 181638149158686 0 -0.83847785 2.1023078 9.664008
181638155890801 181638159136031 0 -0.90073717 2.0784106 9.536387
181638166005905 181638169320146 0 -0.86722744 2.0592933 9.531657
181638176121009 181638178587283 0 -0.84329474 2.073637 9.479662
181638186236061 181638188397700 0 -0.862458 2.1740227 9.380401
181638196351165 181638200955983 0 -0.88640964 2.298309 9.262231
181638206466217 181638209481192 0 -0.90557295 2.3174329 9.196056
181638216581322 181638219770724 0 -0.89600545 2.2839754 9.224413
181638226696374 181638229672392 0 -0.8577074 2.2266173 9.281127
181638236811478 181638239707549 0 -0.8002555 2.20272 9.323663
181638246926530 181638249226404 0 -0.78589964 2.2170634 9.47491
181638257041634 181638259291614 0 -0.7811206 2.2457476 9.616703
181638267156686 181638270988229 0 -0.7523994 2.2266302 9.697052
181638277271790 181638280476980 0 -0.75719726 2.159712 9.796307
181638287386842 181638291002919 0 -0.78114897 2.1644957 9.871928
181638297501947 181638300002868 0 -0.647082 2.145378 9.838838
181638307616999 181638310170264 0 -0.7428603 2.1453815 9.848287
181638317732103 181638320559015 0 -0.96792674 2.140605 9.843556
181638327847155 181638331330839 0 -1.0972244 2.1214876 9.753749
181638337962259 181638340229070 0 -1.1690605 2.1501718 9.725386
181638348077311 181638350590529 0 -1.2504736 2.1740754 9.701749
181638358192415 181638361256884 0 -1.26006 2.0736961 9.801003
181638368307519 181638371439489 0 -1.2600694 1.9780974 9.810453
181638378422572 181638380652407 0 -1.2600788 1.9398597 9.753731
181638388537676 181638390757043 0 -1.1978384 1.8777215 9.711188
181638398652728 181638403495118 0 -1.1355982 1.8155835 9.602473
181638408767832 181638411598295 0 -1.1116654 1.7534451 9.555204
181638418882884 181638421504390 0 -1.0590019 1.7247678 9.489028
181638428997988 181638431883662 0 -1.0398576 1.7295512 9.479571
181638439113040 181638442527257 0 -1.0590209 1.7582352 9.60246
181638449228144 181638455281216 0 -0.9967806 1.7438982 9.621362
181638459343197 181638461589967 0 -0.97284764 1.6913202 9.602452
181638469458301 181638471776791 0 -0.92018425 1.7247843 9.507916
181638479573353 181638481979032 0 -0.84198827 1.7433541 9.286369
181638489688457 181638492359814 0 -0.8132511 1.7385716 9.111489
181638499803457 181638503578565 0 -0.7605716 1.6955484 8.936607
181638509918197 181638512398358 0 -0.7318345 1.6907661 8.884618
181638520032884 181638522816275 0 -0.75577015 1.7576853 8.950792
181638530147624 181638532660495 0 -0.7078791 1.8246047 8.960248
181638540262311 181638542745756 0 -0.583373 1.9202048 8.969704
181638550377051 181638554062268 0 -0.4684438 2.0253649 9.021698
181638560491738 181638563009404 0 -0.35351452 2.0970645 9.158771
181638570606478 181638573339353 0 -0.2385853 2.135303 9.310024
181638580721165 181638582714146 0 -0.2337903 2.2643638 9.418737
181638590835905 181638593127532 0 -0.10449576 2.369524 9.546357
181638600950592 181638604019252 0 0.024798863 2.4460037 9.730697
181638611065332 181638613362274 0 0.12536277 2.522483 9.759058
181638621180019 181638624547327 0 0.22113824 2.5320413 9.834686
181638631294759 181638633502172 0 0.16368343 2.5033581 10.071017
181638641409447 181638643891808 0 0.048767213 2.5320368 10.260082
181638651524186 181638654478580 0 -0.09966811 2.5463748 10.468055
181638661638874 181638663983581 0 -0.25768036 2.6324146 10.581493
181638671753613 181638674244936 0 -0.3821734 2.6849935 10.600403
181638681868301 181638684096135 0 -0.4444167 2.5846088 10.53896
181638691983040 181638696491501 0 -0.49229464 2.5750463 10.434978
181638702097728 181638705805721 0 -0.49228814 2.7136674 10.312089
181638712212467 181638714100305 0 -0.5114354 2.785367 10.132483
181638722327155 181638724652077 0 -0.5401596 2.8427258 9.867797
181638732441894 181638734526557 0 -0.6167682 2.8714046 9.617291
181638742556582 181638746171870 0 -0.65985763 2.9622245 9.300613
181638752671322 181638756035361 0 -0.6454858 3.0530443 9.021748
181638762786009 181638765448226 0 -0.5832294 3.139084 8.88468
181638772900749 181638775681613 0 -0.44914642 3.2060032 8.884683
181638783015436 181638785368645 0 -0.32942876 3.2681425 8.955583
181638793130176 181638795720313 0 -0.2671724 3.3780828 9.092657
181638803244863 181638805700730 0 -0.18576232 3.387641 9.215549
181638813359603 181638815702815 0 -0.17139041 3.3398373 9.409342
181638823474290 181638825622607 0 -0.15701854 3.2442331 9.702392
181638833589030 181638838010630 0 -0.12828137 3.1295078 9.905636
181638843703717 181638846139485 0 -0.01814052 2.9956625 10.066343
181638853818457 181638856302975 0 0.048904233 2.866597 10.137244
181638863933144 181638865811049 0 0.09679524 2.7901127 10.075801
181638874047884 181638876513029 0 0.044128887 2.8283515 9.886741
181638884162572 181638887740947 0 0.0010393178 2.7996686 9.54643
181638894277311 181638897843396 0 0.13033395 2.618022 9.310103
181638904391999 181638906489022 0 0.07766753 2.551098 9.3479185
181638914506738 181638916658033 0 0.10161628 2.6419182 9.456632
181638924621426 181638927428816 0 0.15429574 2.7709787 9.499174
181638934736165 181638938016994 0 0.16387913 2.8235579 9.560621
181638944850853 181638947460224 0 0.21655859 2.7183928 9.527538
181638954965592 181638957323506 0 0.22614205 2.6514692 9.3904705
181638965080280 181638968606528 0 0.22614855 2.5988855 9.225043
181638975195019 181638978706529 0 0.2596742 2.6084435 8.974537
181638985309707 181638987890436 0 0.14475797 2.713604 8.785477
181638995424447 181638998832833 0 0.0011111037 2.7996435 8.638955
181639005539394 181639009267157 0 -0.18084334 2.8617828 8.558606
181639015654499 181639019285491 0 -0.31970173 2.8904612 8.468804
181639025769603 181639029068617 0 -0.41546413 2.9621606 8.383728
181639035884759 181639039356483 0 -0.42982298 3.0768812 8.445175
181639045999863 181639049496432 0 -0.381932 3.0768788 8.596429
181639056114967 181639059618412 0 -0.3053103 2.933473 8.8516655
181639066230072 181639069109507 0 -0.19038111 2.8808894 9.12581
181639076345176 181639079134560 0 -0.085028715 2.9000077 9.305422
181639086460280 181639089881800 0 -0.013195451 2.842644 9.494487
181639096575436 181639099878468 0 0.04906085 2.7518196 9.5748415
181639106690540 181639109933625 0 0.029913599 2.6609952 9.631563
181639116805644 181639121895345 0 -0.046695042 2.6179721 9.7071905
181639126920749 181639130250346 0 -0.14724588 2.6609907 9.6552
181639137035853 181639139928368 0 -0.23821987 2.7518103 9.45196
181639147150957 181639150140661 0 -0.3291938 2.7661488 9.347979
181639157266113 181639160693630 0 -0.3866486 2.8043873 9.272356
181639167381217 181639172217642 0 -0.42973813 2.8999875 9.168373
181639177496322 181639180927330 0 -0.44409698 2.9908073 9.130563
181639187611426 181639190229571 0 -0.42493665 3.0433862 9.22037
181639197726530 181639201000874 0 -0.40098792 3.0720646 9.286545
181639207841634 181639210821031 0 -0.28605866 3.0433817 9.366899
181639217956738 181639222063064 0 -0.15676405 3.0194788 9.418895
181639228071894 181639231007856 0 -0.08493084 3.0146966 9.39999
181639238186999 181639240912753 0 -0.056193605 3.0290346 9.409447
181639248302103 181639250951973 0 0.04915873 3.0911736 9.348002
181639258417207 181639261117703 0 0.14972264 3.105512 9.305467
181639268532311 181639271921871 0 0.19282514 3.1533108 9.27711
181639278647415 181639281786403 0 0.2646584 3.1915495 9.300744
181639288762572 181639291734321 0 0.33170316 3.2011073 9.329106
181639298877676 181639301738957 0 0.35086352 3.2775867 9.333837
181639308992780 181639311573698 0 0.35565847 3.3206055 9.390556
181639319107884 181639322534844 0 0.34129965 3.3062632 9.371653
181639329222988 181639331872293 0 0.32215235 3.234559 9.239312
181639339338092 181639342711409 0 0.30300516 3.1915357 9.2204075
181639349453249 181639351979222 0 0.30301172 3.1389523 9.1636915
181639359568353 181639362385526 0 0.29822975 3.067248 9.187326
181639369683457 181639372713391 0 0.21683268 3.014665 9.28186
181639379798561 181639382041152 0 0.13543557 3.0290027 9.395302
181639389913665 181639393036258 0 0.09713457 3.0959222 9.381124
181639400028769 181639402301988 0 0.034891255 3.0385582 9.310227
181639410143926 181639413989385 0 -0.027352002 2.9811947 9.244059
181639420259030 181639423162042 0 -0.008191702 2.9525118 9.1967945
181639430374134 181639432619543 0 0.030122403 3.057672 9.225157
181639440489238 181639443330169 0 0.054071154 3.2058535 9.305511
181639450604342 181639454321368 0 0.006193192 3.2727726 9.381139
181639460719447 181639462893244 0 -0.070415445 3.2393098 9.433133
181639470834603 181639473161526 0 -0.08477422 3.186726 9.404776
181639480949707 181639484316111 0 0.004653458 3.149026 9.380553
181639491064811 181639494018716 0 -0.009721011 3.1633694 9.333283
181639501179811 181639503429185 0 0.004635169 3.172933 9.333281
181639511294655 181639514174707 0 0.018991409 3.1490355 9.2481985
181639521409551 181639524274708 0 0.04292449 3.129918 9.215109
181639531524394 181639535380126 0 0.09558828 3.1203613 9.286004
181639541639238 181639544492835 0 0.13388672 3.1920662 9.290728
181639551754134 181639554487055 0 0.16260831 3.2972322 9.404161
181639561868978 181639564688462 0 0.17696449 3.340256 9.460876
181639571983874 181639574592474 0 0.17695537 3.340259 9.380523
181639582098717 181639584818569 0 0.23919606 3.3020215 9.337978
181639592213561 181639595236903 0 0.36368656 3.2446635 9.281257
181639602328457 181639607008675 0 0.4115619 3.1920853 9.252894
181639612443301 181639615929665 0 0.4259181 3.1395073 9.257617
181639622558144 181639624951489 0 0.469005 3.0534682 9.248159
181639632673040 181639635299876 0 0.5073034 3.00567 9.233977
181639642787884 181639645800345 0 0.4977174 2.9961133 9.191435
181639652902780 181639657201440 0 0.48334292 2.943535 9.115806
181639663017624 181639666270816 0 0.41629556 2.8622763 9.073263
181639673132467 181639677134255 0 0.3684019 2.843159 9.115799
181639683247363 181639686181860 0 0.3205083 2.876623 9.181968
181639693362207 181639696084361 0 0.22473033 2.9674485 9.285949
181639703477051 181639706873633 0 0.2199327 3.0582738 9.276493
181639713591947 181639716620613 0 0.2390774 3.0391564 9.257583
181639723706790 181639726761603 0 0.27737585 3.005699 9.3473835
181639733821686 181639737007750 0 0.33961648 3.0487232 9.418279
181639743936530 181639746588376 0 0.368338 3.0726268 9.470268
181639754051374 181639757057648 0 0.44494405 3.0391693 9.465537
181639764166269 181639767018222 0 0.50239635 2.9292295 9.522253
181639774281113 181639777309056 0 0.5119641 2.9292328 9.545882
181639784395957 181639787666505 0 0.46407044 2.962697 9.536426
181639794510853 181639797328329 0 0.42575377 2.919679 9.474977
181639804625697 181639809022185 0 0.3299757 2.8957818 9.427708
181639814740540 181639817671977 0 0.25813982 2.9627066 9.290634
181639824855436 181639828313593 0 0.2485538 2.9866104 9.252817
181639834970280 181639838118281 0 0.18629488 2.9913936 9.2859
181639845085176 181639847971407 0 0.15755506 3.0296376 9.3946085
181639855200019 181639858483596 0 0.12881523 3.0487614 9.59312
181639865314863 181639867624743 0 0.10965237 3.0153039 9.607297
181639875429759 181639878183025 0 0.17189306 2.9579453 9.635653
181639885544603 181639888685005 0 0.19582614 2.8671265 9.73018
181639895659447 181639897806204 0 0.18145168 2.8145483 9.692365
181639905774342 181639909173132 0 0.14313495 2.8002112 9.59783
181639915889186 181639918925216 0 0.15749119 2.8336751 9.489115
181639926004082 181639929197405 0 0.17184743 2.8145578 9.380401
181639936118926 181639938286416 0 0.13353065 2.7858806 9.276413
181639946233769 181639949302928 0 0.061694823 2.7954438 9.248049
181639956348665 181639959268866 0 -0.038871653 2.843248 9.314218
181639966463509 181639969326523 0 -0.13943818 2.8336911 9.352027
181639976578353 181639978743243 0 -0.24000463 2.742872 9.399289
181639986693249 181639988509755 0 -0.3740903 2.6807337 9.479637
181639996808092 181639998785954 0 -0.45550302 2.5182133 9.507994
181640006922624 181640010093350 0 -0.4938197 2.350912 9.484358
181640017037155 181640019217570 0 -0.52734804 2.2266324 9.451267
181640027151686 181640029982988 0 -0.52735716 2.1931748 9.432358
181640037266165 181640041293510 0 -0.503424 2.2170784 9.432354
181640047380697 181640050411219 0 -0.45076022 2.2075214 9.375632
181640057495228 181640059938772 0 -0.37894267 2.1597235 9.399261
181640067609707 181640070450596 0 -0.3981056 2.1262658 9.380352
181640077724238 181640080666118 0 -0.48430672 2.1167088 9.370894
181640087838769 181640091359400 0 -0.54177725 2.116712 9.44179
181640097953249 181640100251901 0 -0.5369979 2.1262755 9.46542
181640108067780 181640111202840 0 -0.54179555 2.0497968 9.489049
181640118182311 181640121459976 0 -0.5418046 1.9733182 9.559943
181640128296790 181640131410029 0 -0.5801213 1.9781014 9.607206
181640138411322 181640141988780 0 -0.6711109 1.9350835 9.611929
181640148525853 181640151547375 0 -0.7429468 1.906406 9.649737
181640158640384 181640162033209 0 -0.73337895 1.8968488 9.526845
181640168754863 181640171714460 0 -0.68550366 1.8442708 9.351957
181640178869394 181640181121649 0 -0.7046666 1.844274 9.20543
181640188983926 181640191334931 0 -0.7765024 1.9350994 9.125075
181640199098405 181640202056963 0 -0.7525693 1.954223 9.110892
181640209212936 181640213353162 0 -0.7430015 1.9494462 9.214873
181640219327467 181640222445872 0 -0.7621645 1.9637897 9.351939
181640229441947 181640232419571 0 -0.7525967 2.0354946 9.470101
181640239556478 181640242687749 0 -0.75739425 2.1071997 9.531543
181640249671009 181640252154781 0 -0.7238843 2.035501 9.517359
181640259785488 181640262265303 0 -0.72868186 1.9685825 9.432278
181640269900019 181640272349262 0 -0.6041914 1.9924862 9.143953
181640280014551 181640282945617 0 -0.56589293 1.9829292 9.096684
181640290129030 181640292785410 0 -0.5850558 1.9638119 9.262111
181640300243561 181640302441244 0 -0.5706996 1.9781555 9.574061
181640310358092 181640312849735 0 -0.49409363 2.0450804 9.890738
181640320472572 181640322724788 0 -0.43185294 2.0355232 10.235775
181640330587103 181640333049581 0 -0.3265162 1.8299814 10.4390135
181640340701634 181640343208332 0 -0.15414132 1.7057016 10.349204
181640350816113 181640353197708 0 0.12836796 1.7630662 10.065608
181640360930644 181640363208125 0 0.35820428 1.9447137 9.909627
181640371045176 181640375271460 0 0.46354097 2.1359212 9.791459
181640381159655 181640383219429 0 0.5162048 2.2602077 9.824541
181640391274186 181640393307451 0 0.42042667 2.3223524 9.956882
181640401388717 181640403672036 0 0.21930277 2.460979 10.131762
181640411503197 181640414338234 0 -0.07759005 2.661747 10.316094
181640421617728 181640425305006 0 -0.37448284 2.7860332 10.283006
181640431732259 181640434599382 0 -0.5516646 2.6378527 10.174291
181640441846790 181640444033133 0 -0.69532704 2.4562113 10.075029
181640451961269 181640454438603 0 -0.87729716 2.5374765 9.966314
181640462075801 181640464880740 0 -0.8773063 2.5805008 9.781975
181640472190332 181640475278553 0 -0.9778728 2.6330853 9.630721
181640482304811 181640484597096 0 -1.0349865 2.704666 9.42761
181640492419342 181640494764857 0 -1.0924535 2.80027 9.224366
181640502533874 181640505097306 0 -1.0589398 2.9866965 9.1912775
181640512648509 181640515226942 0 -0.89134973 3.182683 9.257448
181640522763144 181640525681527 0 -0.6998174 3.3499892 9.328344
181640532877832 181640535936215 0 -0.5130735 3.426473 9.413421
181640542992467 181640545599602 0 -0.3742141 3.4264748 9.474863
181640553107103 181640555593092 0 -0.25929695 3.3738954 9.446502
181640563221738 181640565643666 0 -0.18268733 3.3691175 9.29525
181640573336426 181640575546376 0 -0.24015428 3.3882399 9.214897
181640583451061 181640585504918 0 -0.35508257 3.4073622 9.143994
181640593565697 181640596488044 0 -0.47958767 3.3882437 8.94075
181640603680332 181640609055337 0 -0.52747774 3.292643 9.058913
181640613795019 181640616535703 0 -0.63282907 3.2974255 9.087271
181640623909655 181640626175651 0 -0.75733423 3.364349 9.1061735
181640634024290 181640636654767 0 -0.8291665 3.32611 9.172344
181640644138926 181640646555185 0 -0.93451786 3.2830908 9.318866
181640654253613 181640657211384 0 -0.96325415 3.2783124 9.342497
181640664368249 181640667176958 0 -0.9105868 3.2783144 9.361401
181640674482884 181640677329979 0 -0.8291887 3.263976 9.31886
181640684597519 181640687458314 0 -0.82919425 3.3404596 9.195967
181640694712155 181640698437846 0 -0.7813153 3.3882632 9.10616
181640704826842 181640706991024 0 -0.7621671 3.388265 8.79893
181640714941478 181640718831859 0 -0.7382304 3.4456282 8.53424
181640725056113 181640728755349 0 -0.642467 3.5077717 8.354628
181640735170749 181640739545611 0 -0.5754343 3.5077736 8.345173
181640745285436 181640748003164 0 -0.47009403 3.4408538 8.52478
181640755400072 181640759936967 0 -0.33123466 3.3882744 8.765834
181640765514707 181640769386499 0 -0.19237527 3.2448733 9.082512
181640775629342 181640779200667 0 -0.0774581 2.9867487 9.422824
181640785744030 181640789438741 0 -0.005636896 2.7381847 9.559892
181640795858665 181640799566762 0 -0.010430887 2.6760452 9.559889
181640805973301 181640809830618 0 0.008717318 2.6378062 9.370824
181640816087936 181640819746296 0 -0.015230479 2.551766 9.238479
181640826202624 181640829512651 0 -0.09185118 2.6043491 9.158124
181640836317259 181640840178069 0 -0.10143363 2.7716548 9.006872
181640846431894 181640851180101 0 -0.063131586 2.8576994 8.84144
181640856546530 181640860221925 0 0.032631814 2.9580836 8.841438
181640866661165 181640869531874 0 0.042203177 3.1062691 8.964327
181640876775853 181640880466979 0 0.008678417 3.316596 9.077762
181640886890488 181640890695782 0 0.02303823 3.4169803 9.229011
181640897005124 181640900586512 0 -0.04879399 3.440883 9.408618
181640907119759 181640910334273 0 -0.14935692 3.407424 9.550413
181640917234447 181640920329587 0 -0.29301587 3.3213837 9.588223
181640927349082 181640930481932 0 -0.37921342 3.2305639 9.451151
181640937463717 181640940269276 0 -0.34091142 3.0871623 9.247906
181640947578353 181640950636934 0 -0.4079553 2.9676611 9.162826
181640957693040 181640960311674 0 -0.5420373 3.0106843 9.082472
181640967807676 181640971378134 0 -0.661754 3.1015081 9.0068445
181640977922311 181640980715530 0 -0.7335863 3.1493113 9.016295
181640988036947 181640993661417 0 -0.8293607 3.2114549 9.016294
181640998151634 181641002520272 0 -0.9107699 3.2927186 9.125003
181641008266686 181641011094804 0 -0.9682368 3.4074435 9.276251
181641018381947 181641020971837 0 -0.91078097 3.483927 9.451132
181641028497207 181641031922723 0 -0.8054408 3.402667 9.663825
181641038612467 181641040946943 0 -0.7048889 3.2640457 9.829252
181641048727676 181641051356683 0 -0.6091255 3.1110837 9.909602
181641058842936 181641061012570 0 -0.5420928 2.9246614 9.9474125
181641068958197 181641072205279 0 -0.46069473 2.8147206 9.88124
181641079073457 181641081398666 0 -0.40323892 2.7764819 9.857603
181641089188717 181641091522000 0 -0.44155204 2.790824 9.763071
181641099303926 181641101229240 0 -0.48465362 2.8195066 9.625998
181641109419186 181641116882836 0 -0.5277552 2.88165 9.418027
181641119534447 181641162728309 0 -0.5181838 2.9963748 9.172243
181641129649707 181641162752944 0 -0.4798818 3.1158795 9.006811
181641139764915 181641162770601 0 -0.41763756 3.2831855 8.945363
181641149880176 181641162788309 0 -0.32666266 3.3501089 8.954814
181641159995436 181641162805392 0 -0.22611083 3.3548913 9.091883
181641170110697 181641172766643 0 -0.16386656 3.3405526 9.243131
181641180225957 181641182423571 0 -0.12077607 3.3023136 9.399105
181641190341165 181641192981958 0 -0.0489549 3.230614 9.455822
181641200456426 181641203427688 0 -0.02022976 3.072872 9.48418
181641210571686 181641215694773 0 0.013283739 3.0155127 9.49363
181641220686947 181641222560242 0 0.08989336 2.996394 9.403824
181641230802155 181641233757535 0 0.08509937 2.9485946 9.38019
181641240917415 181641244482119 0 0.06594002 3.0107384 9.375461
181641251032676 181641253837172 0 0.08987674 3.1398034 9.342372
181641261147936 181641263308111 0 0.08987114 3.259308 9.32819
181641271263197 181641274426758 0 0.13775006 3.2927709 9.366
181641281378405 181641284462384 0 0.113802314 3.268872 9.351819
181641291493665 181641294403739 0 0.06591226 3.2449737 9.290371
181641301608926 181641304397438 0 0.03238762 3.2497554 9.200564
181641311724186 181641314609210 0 -0.005925529 3.225857 9.162749
181641321839394 181641324063117 0 -0.06339245 3.2210786 9.153295
181641331954655 181641334968847 0 -0.06818645 3.19718 9.068213
181641342069915 181641344774213 0 -0.10649957 3.1685014 9.011493
181641352185176 181641355204839 0 -0.10171666 3.1732836 9.063483
181641362300436 181641365367965 0 -0.10651065 3.1828456 9.143833
181641372415644 181641375733851 0 -0.10651619 3.1732874 9.261994
181641382530905 181641385342342 0 -0.13046402 3.178069 9.295078
181641392646165 181641395785207 0 -0.19750781 3.2402127 9.280897
181641402761426 181641405371510 0 -0.1927249 3.254555 9.276169
181641412876686 181641416007501 0 -0.187942 3.2736776 9.247806
181641422991894 181641425696825 0 -0.21667822 3.3501613 9.252531
181641433107155 181641435928284 0 -0.2214722 3.4075246 9.176904
181641443222415 181641445845316 0 -0.19753551 3.388406 9.129636
181641453337676 181641456184901 0 -0.15444502 3.3645074 9.139087
181641463452884 181641465833287 0 -0.087412365 3.4027503 9.167444
181641473568144 181641476467038 0 -0.034745 3.4170923 9.224161
181641483683405 181641487392196 0 0.04186462 3.3788533 9.304511
181641493798665 181641496282040 0 0.09453198 3.364515 9.503024
181641503913978 181641505888552 0 0.1424109 3.4362187 9.611733
181641514029499 181641517112355 0 0.23338588 3.4744616 9.578646
181641524145019 181641528486731 0 0.3339377 3.4935842 9.564464
181641534260488 181641537800742 0 0.3339321 3.5031462 9.536102
181641544376009 181641547408347 0 0.3099843 3.493588 9.455748
181641554491478 181641557681265 0 0.32913256 3.4840293 9.233597
181641564606999 181641567536735 0 0.37222302 3.4314504 9.072892
181641574722519 181641578472100 0 0.44883263 3.3884313 8.945273
181641584837988 181641587029393 0 0.6116342 3.426674 8.827106
181641594953509 181641597970384 0 0.7026092 3.4840372 8.812924
181641605068978 181641607778510 0 0.7799687 3.4550974 8.926645
181641615184499 181641617963459 0 0.82306594 3.4120758 8.9880905
181641625300019 181641628109657 0 0.8374324 3.3881748 9.054263
181641635415488 181641638272575 0 0.8182798 3.3212528 9.134615
181641645531009 181641648815910 0 0.81349254 3.3164723 9.167703
181641655646530 181641658188150 0 0.81828207 3.3308122 9.262233
181641665761999 181641668531537 0 0.81349486 3.326032 9.257508
181641675877519 181641679520756 0 0.87095726 3.2782302 9.229149
181641685992988 181641688984872 0 0.9188429 3.1730673 9.205517
181641696108509 181641698422321 0 0.89969033 3.1109254 9.205517
181641706224030 181641709017426 0 0.8709607 3.0965846 9.248056
181641716339499 181641719186802 0 0.8135006 3.0631235 9.186612
181641726455019 181641729837793 0 0.7560403 2.9866412 9.09208
181641736570540 181641739079825 0 0.6937917 2.9388397 9.035362
181641746686009 181641750282795 0 0.67942756 2.9292789 9.002276
181641756801530 181641759718316 0 0.58365965 2.9627397 8.950284
181641766916999 181641769781495 0 0.42564213 2.9770794 8.99755
181641777032519 181641780345714 0 0.31550902 3.0057595 9.044817
181641787148040 181641789386913 0 0.29156795 3.0296597 9.210247
181641797263509 181641800494883 0 0.3538189 2.9818585 9.328412
181641807379030 181641810200874 0 0.3633969 2.9388368 9.541108
181641817494499 181641819637281 0 0.35860968 3.010538 9.777437
181641827610019 181641831052282 0 0.4064953 2.986637 9.80107
181641837725540 181641840917804 0 0.40649644 2.9197152 9.786891
181641847841009 181641851102857 0 0.35861313 2.9436154 9.725446
181641857956530 181641860668587 0 0.24847999 2.938835 9.578923
181641868072051 181641870863275 0 0.13834687 2.924494 9.484392
181641878187519 181641881349370 0 0.056944437 2.905373 9.399313
181641888303040 181641890485673 0 -0.029246435 2.981855 9.266971
181641898418509 181641900701351 0 -0.05318753 3.010535 9.196072
181641908534030 181641910441509 0 -0.043609526 3.0105345 9.214979
181641918649551 181641920957812 0 -0.014877626 3.0200942 9.148808
181641928765019 181641931248906 0 0.03300796 3.0631151 9.082637
181641938880540 181641941275626 0 0.071316704 3.0917952 9.082637
181641948996009 181641952112190 0 0.05695254 3.1873972 9.092091
181641959111530 181641962908337 0 -0.010084587 3.2973394 9.068457
181641969227051 181641971896306 0 -0.06275633 3.3786008 9.044826
181641979342519 181641981916359 0 -0.0627552 3.402501 9.073185
181641989458040 181641992292454 0 -0.019658035 3.3929405 9.144084
181641999573457 181642002408497 0 -0.01008 3.2829976 9.3426
181642009688301 181642013117508 0 -0.04838639 3.158714 9.57893
181642019803144 181642022580270 0 -0.08190433 3.087012 9.687641
181642029917988 181642032589021 0 -0.077114776 3.0296502 9.706549
181642040032832 181642042466001 0 -0.10105587 3.005749 9.739634
181642050147676 181642053312460 0 -0.11063155 2.9914083 9.673462
181642060262519 181642063085482 0 -0.13457267 3.0200887 9.607291
181642070377363 181642072751473 0 -0.1297831 3.053549 9.484401
181642080492207 181642083641734 0 -0.14893568 3.0678892 9.304791
181642090607051 181642092939027 0 -0.14893454 3.0535483 9.092096
181642100721947 181642103295069 0 -0.15851025 3.020087 8.9644785
181642110836790 181642113426737 0 -0.19681671 2.9579453 8.931394
181642120951634 181642123328092 0 -0.201604 2.8671227 8.969207
181642131066478 181642133714187 0 -0.2016028 2.7189386 9.092098
181642141181322 181642143369709 0 -0.23033237 2.5564144 9.295341
181642151296165 181642153795804 0 -0.22075434 2.470372 9.413506
181642161411009 181642164284138 0 -0.25427228 2.360429 9.479678
181642171525853 181642173964556 0 -0.2494827 2.3126273 9.474952
181642181640697 181642185369140 0 -0.23511621 2.231365 9.413507
181642191755540 181642194230287 0 -0.27342266 2.2026837 9.389874
181642201870384 181642204403777 0 -0.2877868 2.2361443 9.337882
181642211985228 181642214082633 0 -0.21117048 2.240924 9.295343
181642222100124 181642225041592 0 -0.14891954 2.140541 9.389875
181642232214967 181642234934874 0 -0.081880145 2.0401583 9.437142
181642242329811 181642244348261 0 -0.019629141 2.0736187 9.569487
181642252444655 181642254435084 0 -0.0052626557 2.016257 9.687652
181642262559499 181642264868471 0 0.013892222 1.9397748 9.74437
181642272674342 181642275462743 0 0.009104962 1.8919731 9.810543
181642282789186 181642285461702 0 -0.029201457 1.8919728 9.848355
181642292904030 181642294974047 0 -0.15369987 1.8967524 9.881443
181642303018874 181642305819517 0 -0.32129437 1.8585112 9.82945
181642313133717 181642315271445 0 -0.42185062 1.8059294 9.753826
181642323248561 181642325759883 0 -0.5271953 1.6673057 9.900351
181642333363405 181642335983895 0 -0.65169376 1.6099439 10.0515995
181642343478249 181642347156031 0 -0.7570384 1.6147236 10.146132
181642353593144 181642356168845 0 -0.689999 1.6481841 10.079961
181642363707988 181642366166919 0 -0.5702867 1.6481836 9.975977
181642373822832 181642376432388 0 -0.5463434 1.6816441 9.933437
181642383937676 181642386228691 0 -0.5032462 1.8059267 9.824728
181642394052519 181642396940567 0 -0.5415526 1.9971308 9.673477
181642404167363 181642406729370 0 -0.53676295 2.1500943 9.635665
181642414282207 181642417240569 0 -0.44099286 2.279157 9.56004
181642424397051 181642426585675 0 -0.35479972 2.4369001 9.574222
181642434511894 181642438161249 0 -0.25424114 2.5516226 9.649846
181642444626738 181642447335052 0 -0.21114396 2.6089838 9.768012
181642454741582 181642458332292 0 -0.27818108 2.723706 9.961802
181642464856426 181642467951668 0 -0.15368034 2.7332659 10.037427
181642474971322 181642478289221 0 -0.29254413 2.7476058 10.089419
181642485086165 181642489379483 0 -0.56548434 2.6663432 9.961803
181642495201009 181642498522557 0 -0.68998283 2.5229394 9.701841
181642505315905 181642508572870 0 -0.68519324 2.4321172 9.583677
181642515430957 181642518939798 0 -0.6708268 2.4751375 9.536412
181642525546009 181642529262247 0 -0.6995563 2.5850797 9.479693
181642535661061 181642539541727 0 -0.6325169 2.6520011 9.465515
181642545776113 181642548902405 0 -0.65645796 2.7762835 9.474968
181642555891113 181642559142198 0 -0.69955283 2.8718855 9.451336
181642566006165 181642569790116 0 -0.7139171 2.905346 9.460789
181642576121217 181642581091211 0 -0.6708199 2.9244661 9.318994
181642586236269 181642589238868 0 -0.60378045 3.029628 9.158289
181642596351322 181642599563869 0 -0.47927964 3.091769 9.096846
181642606466322 181642611327464 0 -0.35566935 3.0825188 8.997248
181642616581374 181642620098558 0 -0.18329312 2.9104373 8.789276
181642626696426 181642629620799 0 -0.2216085 2.9343407 8.742007
181642636811478 181642640233977 0 -0.22640477 3.092087 8.775091
181642646926530 181642651172832 0 -0.18810505 3.144671 8.751455
181642657041582 181642660173823 0 -0.22642049 3.1446738 8.954694
181642667156582 181642669991115 0 -0.25994742 3.2115982 9.257192
181642677271634 181642681538252 0 -0.24080148 3.292863 9.474611
181642687386686 181642691103774 0 -0.23602083 3.2833054 9.484062
181642697501738 181642700195181 0 -0.24081714 3.2163866 9.640036
181642707616790 181642710194765 0 -0.20730582 3.2259495 9.597494
181642717731790 181642720787735 0 -0.13069856 3.2641933 9.375341
181642727846842 181642731664351 0 -0.078033455 3.2450755 9.157915
181642737961894 181642741008727 0 0.0033622638 3.2163975 8.987757
181642748076947 181642750564196 0 0.03687362 3.2785416 8.907402
181642758191999 181642760914197 0 0.022500401 3.431508 8.902673
181642768306999 181642770713990 0 0.051223304 3.484092 8.945209
181642778422051 181642781491491 0 0.094311446 3.3980527 9.190987
181642788537103 181642791002013 0 0.13739964 3.2355313 9.484032
181642798652155 181642801334149 0 0.046411324 3.1160312 9.654185
181642808767207 181642811051442 0 -0.063730836 2.9630704 9.843245
181642818882207 181642821454099 0 -0.16429603 2.8387904 9.947227
181642828997259 181642831931809 0 -0.22655363 2.7001696 9.838513
181642839112311 181642841601601 0 -0.2696575 2.6189103 9.611634
181642849227363 181642851175873 0 -0.35106897 2.6332533 9.356396
181642859342415 181642861587228 0 -0.42290348 2.714518 9.138971
181642869457415 181642871443688 0 -0.4995265 2.7671022 8.99717
181642879572467 181642882110147 0 -0.5474188 2.8531468 8.949903
181642889687519 181642892596606 0 -0.6288302 2.9248514 8.926267
181642899802572 181642902367962 0 -0.69108784 2.8913932 8.935716
181642909917624 181642913022702 0 -0.72940326 2.8292546 9.063331
181642920032624 181642923442339 0 -0.80123776 2.905739 9.195672
181642930147676 181642934185725 0 -0.8778608 3.0156846 9.242935
181642940262728 181642944459216 0 -0.7916766 2.9439855 9.224026
181642950377780 181642952757967 0 -0.7390115 2.939208 9.271289
181642960492832 181642963397968 0 -0.6384619 2.9296503 9.285465
181642970607884 181642973245521 0 -0.49002793 2.8436112 9.27601
181642980722884 181642984598907 0 -0.3990553 2.8388338 9.318545
181642990837936 181642993018023 0 -0.31287107 2.886638 9.2949095
181643000952780 181643004082451 0 -0.28414825 2.9870229 9.143656
181643011066999 181643013570785 0 -0.34640586 3.0682876 9.077481
181643021181165 181643023695005 0 -0.39908665 3.1256516 9.030212
181643031295384 181643033847975 0 -0.47570962 3.192576 9.039662
181643041409551 181643044727872 0 -0.49487126 3.2595003 9.124738
181643051523769 181643054357039 0 -0.5044559 3.3120842 9.186181
181643061637936 181643065671884 0 -0.53798294 3.2881866 9.257076
181643071752155 181643074638135 0 -0.5523561 3.283409 9.294886
181643081866322 181643084561261 0 -0.5810946 3.2164903 9.299609
181643091980540 181643095073814 0 -0.60504466 3.1161106 9.356324
181643102094759 181643105123867 0 -0.5715334 3.0730922 9.45558
181643112208926 181643115956472 0 -0.5380221 3.1400166 9.531201
181643122323144 181643125861682 0 -0.5332415 3.1878204 9.611551
181643132437311 181643135776891 0 -0.5332494 3.1256816 9.743891
181643142551530 181643145540538 0 -0.55719936 3.0539827 9.8336935
181643152665697 181643155576997 0 -0.55241877 3.0970063 9.814784
181643162779915 181643166141634 0 -0.55242664 3.1830513 9.776969
181643172894082 181643175923249 0 -0.5284923 3.2451956 9.668255
181643183008301 181643186322313 0 -0.49976933 3.2547586 9.550088
181643193122519 181643196108147 0 -0.48062342 3.249981 9.413014
181643203236686 181643208375492 0 -0.41838145 3.2499838 9.275941
181643213350905 181643216400180 0 -0.3848701 3.235646 9.176679
181643223465072 181643225794400 0 -0.36572418 3.2117486 9.115231
181643233579290 181643236114505 0 -0.29869384 3.2595522 9.025423
181643243693457 181643246476433 0 -0.18377888 3.2117538 9.006515
181643253807676 181643256351122 0 -0.15505601 3.1352746 9.039597
181643263921842 181643265853987 0 -0.1359101 3.120937 9.115218
181643274036061 181643276593207 0 -0.17901397 3.1544006 9.290099
181643284150280 181643287323625 0 -0.14550264 3.1161623 9.356268
181643294264447 181643297430188 0 -0.13114518 3.0922644 9.427164
181643304378665 181643307453002 0 -0.1646721 3.092267 9.493333
181643314492832 181643316621128 0 -0.15510307 3.0731494 9.531142
181643324607051 181643327657743 0 -0.17905316 3.0444715 9.46024
181643334721217 181643337659619 0 -0.18384942 2.991893 9.422425
181643344835436 181643347450610 0 -0.16470344 2.9679952 9.431875
181643354949603 181643357294673 0 -0.22696112 3.0014586 9.40824
181643365063822 181643367998216 0 -0.31794938 3.073163 9.375151
181643375178040 181643378050926 0 -0.38020706 3.073166 9.332608
181643385292207 181643387285718 0 -0.39458022 3.1209698 9.186082
181643395406426 181643399571501 0 -0.3802227 3.1639934 9.129359
181643405520592 181643408919887 0 -0.38501897 3.1353157 9.223888
181643415634811 181643417795357 0 -0.38502684 3.2165804 9.209706
181643425748978 181643428662389 0 -0.33715025 3.2404835 9.18607
181643435863197 181643438634473 0 -0.31321582 3.1735647 9.23806
181643445977363 181643450191662 0 -0.28449294 3.1257663 9.252235
181643456091582 181643458612861 0 -0.25577015 3.082748 9.223873
181643466205801 181643469015414 0 -0.27972022 3.0636303 9.228598
181643476319967 181643479747342 0 -0.26057425 2.9775908 9.294766
181643486434186 181643489508228 0 -0.23185144 2.9536932 9.308943
181643496548353 181643500137188 0 -0.19834012 2.9632561 9.351479
181643506663040 181643509663907 0 -0.13130972 3.0684214 9.308936
181643516777832 181643520092711 0 -0.11216372 3.0875444 9.318387
181643526892676 181643530118545 0 -0.078652486 3.0540864 9.318384
181643537007519 181643539417087 0 -0.045141157 3.09711 9.2852955
181643547122311 181643550457453 0 -0.04514902 3.0875528 9.242754
181643557237155 181643560208965 0 -0.011637666 3.0827754 9.167125
181643567351947 181643571037872 0 -0.01164553 3.1162386 9.07259
181643577466790 181643579636935 0 -0.026018688 3.092341 9.015868
181643587581582 181643589736051 0 -0.078699484 3.0780034 9.034772
181643597696426 181643600291625 0 -0.06913039 3.1305873 9.058402
181643607811217 181643611247563 0 -0.039791584 3.1255953 9.086992
181643617926061 181643620658918 0 0.008091201 3.120816 9.1957035
181643628040905 181643631068086 0 0.079916306 3.101696 9.176796
181643638155697 181643641059962 0 -0.00627731 3.125597 9.167343
181643648270540 181643651812724 0 0.10864373 3.0682364 9.157888
181643658385332 181643660846631 0 0.15173812 2.9869747 9.134254
181643668500176 181643671590642 0 0.19483246 2.9965358 9.172068
181643678614967 181643680803560 0 0.27144602 3.0634577 9.068082
181643688729811 181643691526061 0 0.33848268 3.0204372 9.001909
181643698844655 181643701086010 0 0.41509616 2.9821973 8.916831
181643708959447 181643712179761 0 0.4534021 2.9869776 8.845931
181643719074290 181643721369397 0 0.45818895 2.9821985 8.84593
181643729189082 181643731278461 0 0.50607175 2.9774187 8.9215555
181643739303926 181643741612056 0 0.51564705 2.920058 8.959367
181643749418717 181643751917109 0 0.59704906 2.9152782 8.954639
181643759533561 181643761979558 0 0.6736625 2.9152787 9.0728035
181643769648405 181643772222163 0 0.7550645 2.9152794 9.162607
181643779763197 181643781716122 0 0.7933704 2.9200602 9.148427
181643789878040 181643792541279 0 0.8220995 2.8674793 9.195693
181643799992832 181643802518728 0 0.8268863 2.8340192 9.299677
181643810107676 181643812860448 0 0.8173077 2.84836 9.356394
181643820222467 181643822501387 0 0.83645993 2.862701 9.389481
181643830337311 181643834143627 0 0.8939196 2.7862198 9.460378
181643840452103 181643843929357 0 0.91307175 2.7479794 9.4934635
181643850566947 181643854637275 0 0.93701243 2.75276 9.436745
181643860681790 181643862718422 0 0.9705299 2.7479806 9.403657
181643870796582 181643873681652 0 1.0088359 2.7193005 9.356391
181643880911426 181643884275299 0 1.0662956 2.7384214 9.361117
181643891026217 181643893571914 0 1.1189668 2.7240815 9.332757
181643901141061 181643903211082 0 1.2003688 2.7240822 9.257132
181643911255853 181643914061396 0 1.2530401 2.700182 9.332756
181643921370697 181643923765928 0 1.2530384 2.6810622 9.54545
181643931485540 181643934232387 0 1.2626137 2.7288642 9.663614
181643941600332 181643944497128 0 1.2913429 2.7432048 9.871584
181643951715176 181643954540775 0 1.3009182 2.6237028 9.97084
181643961829967 181643964045671 0 1.3248587 2.5376613 10.027559
181643971944811 181643974757027 0 1.281761 2.5567822 10.074824
181643982059603 181643984811455 0 1.224298 2.5472226 10.008651
181643992174447 181643994294893 0 1.1333158 2.4659612 9.980291
181644002289394 181644004816926 0 0.8460075 2.4659617 9.98029
181644012404603 181644014892395 0 0.6927756 2.4755225 9.885758
181644022519811 181644025285261 0 0.6257357 2.4850833 9.706149
181644032635019 181644036077293 0 0.53954196 2.5089843 9.606889
181644042750228 181644045135784 0 0.5491172 2.5376656 9.488724
181644052865436 181644055913233 0 0.6400961 2.5902476 9.441458
181644062980644 181644065223754 0 0.6831905 2.7240913 9.498177
181644073095905 181644075918599 0 0.67840046 2.9057362 9.483996
181644083211113 181644086059225 0 0.69276416 2.9296374 9.531261
181644093326322 181644096114851 0 0.77895457 2.900957 9.621065
181644103441530 181644106089331 0 0.8364143 2.8579369 9.658877
181644113556738 181644116210582 0 0.9178163 2.8770578 9.658877
181644123671947 181644126384177 0 0.98964137 2.8627179 9.663602
181644133787155 181644136855793 0 1.0758318 2.872279 9.786492
181644143902363 181644147889961 0 1.1332915 2.8913999 9.933016
181644154017572 181644156500639 0 1.200328 2.8483794 10.088992
181644164132780 181644166841837 0 1.3008839 2.714537 10.131531
181644174247988 181644178085172 0 1.4062281 2.5615735 10.122078
181644184363197 181644186479548 0 1.4684763 2.3894901 10.060631
181644194478405 181644197995903 0 1.4158018 2.3082285 9.989732
181644204593613 181644208714446 0 1.2817236 2.2699883 9.829027
181644214708822 181644219604968 0 1.0566648 2.1935072 9.6446905
181644224824030 181644227685385 0 0.74541426 2.126586 9.403635
181644234939238 181644238297782 0 0.33360615 2.102686 9.205118
181644245054447 181644248331012 0 0.007990165 2.1743882 9.006602
181644255169655 181644258584711 0 -0.13566484 2.1982894 8.850624
181644265284915 181644269382473 0 -0.14045492 2.0596666 8.836444
181644275400124 181644278798724 0 -0.23143704 1.9736252 8.822264
181644285515332 181644288786850 0 -0.37988046 2.0166466 8.973513
181644295630540 181644298844351 0 -0.42297816 2.1170297 9.186209
181644305745749 181644308863154 0 -0.39903754 2.2174127 9.413083
181644315860957 181644319555134 0 -0.279328 2.2843347 9.654138
181644325976165 181644329229562 0 -0.12131092 2.2795553 9.791208
181644336091374 181644339493469 0 0.031917766 2.1743932 9.852653
181644346206582 181644349128158 0 0.15641572 2.0309906 9.933003
181644356321790 181644359781544 0 0.3048559 1.8589069 9.93773
181644366436999 181644369723524 0 0.3671041 1.7346245 9.914096
181644376552207 181644379639411 0 0.35752562 1.6438029 9.814837
181644386667415 181644389539620 0 0.31442794 1.6438034 9.701399
181644396782624 181644399681600 0 0.24259968 1.725066 9.587961
181644406897832 181644410026080 0 0.11331 1.8445693 9.427257
181644417013040 181644420079519 0 -0.09738335 1.9975336 9.318545
181644427128249 181644429867697 0 -0.3463842 2.1218174 9.271278
181644437243457 181644440125146 0 -0.61932725 2.136158 9.33745
181644447358665 181644450089574 0 -0.82523215 2.1552792 9.441434
181644457473874 181644460227856 0 -0.8683298 2.207861 9.621042
181644467589134 181644470334784 0 -0.88748515 2.2747831 9.621042
181644477704342 181644480307754 0 -0.9497366 2.2365427 9.592682
181644487819551 181644490612547 0 -0.94016135 2.1457212 9.625768
181644497934759 181644500987235 0 -1.0311435 2.1791828 9.630494
181644508049655 181644510860726 0 -1.1412793 2.3512673 9.649399
181644518164603 181644521353279 0 -1.2370499 2.523352 9.56432
181644528279499 181644530732967 0 -1.2897246 2.6810966 9.4697895
181644538394394 181644540992552 0 -1.2226878 2.7910395 9.408342
181644548509342 181644550645678 0 -1.1604397 2.8818622 9.275998
181644558624238 181644562785731 0 -1.0359417 2.9774654 9.167287
181644568739134 181644570869794 0 -0.96411663 2.9344447 9.153106
181644578854082 181644580773858 0 -0.93059915 2.920105 9.195644
181644588968978 181644591135578 0 -0.90187013 2.8675241 9.252362
181644599083874 181644602909902 0 -0.8970833 2.7767024 9.299627
181644609198822 181644611858653 0 -0.9118718 2.614326 9.398725
181644619313717 181644621190320 0 -0.9453968 2.4565845 9.469622
181644629428613 181644631314905 0 -0.9549795 2.3514237 9.502705
181644639543561 181644642031729 0 -0.9741392 2.274944 9.578327
181644649658457 181644652908553 0 -1.026818 2.2558258 9.677585
181644659773353 181644662247043 0 -1.1273812 2.2797282 9.74848
181644669888301 181644672965169 0 -1.2710404 2.2414894 9.710665
181644680003197 181644683659024 0 -1.4003345 2.2032506 9.715389
181644690118092 181644693446890 0 -1.4673786 2.1124303 9.687028
181644700233040 181644703090172 0 -1.5009035 2.1219926 9.620853
181644710347936 181644713586111 0 -1.5440054 2.1172147 9.5405
181644720462832 181644723440070 0 -1.5104922 2.1554577 9.408154
181644730577780 1816447335677