name=AzimuthSensor vendor=Kyle current_time_ms=1561446802735
m_t m_x m_y m_z a_t a_x a_y a_z g_t g_x g_y g_z direction_degrees
282510056 0 NaN NaN NaN 0 NaN NaN NaN 0 NaN NaN NaN 0.0
282510089 282510075637920 -0.4014057 -0.46417418 -0.7895669 282510078384222 -0.12833203 0.15934086 0.97884697 282510075884222 0.8489311 -0.5111086 -0.13447653 124.3236906688407
282510123 282510105773702 -0.4016731 -0.46474686 -0.7890938 282510108726097 -0.12530175 0.1621672 0.9787753 282510106226097 0.8285221 -0.5350023 -0.16529869 124.28430779808639
282510156 282510145966879 -0.4019046 -0.46534264 -0.7886247 282510149181983 -0.121566944 0.16453311 0.9788515 282510146681983 0.79912525 -0.5713679 -0.18691574 124.30097345966124
282510188 282510176117868 -0.40230778 -0.4657029 -0.7882064 282510179523858 -0.11932571 0.16451088 0.979131 282510177023858 0.77756083 -0.60162824 -0.18287346 124.3933859191315
282510221 282510216305941 -0.40293717 -0.4659905 -0.7877148 282510209865785 -0.11400879 0.16523558 0.97964233 282510207365785 0.7706782 -0.6097533 -0.18508391 124.52680683437853
282510254 282510246444743 -0.40335846 -0.46624318 -0.7873495 282510250321670 -0.10581312 0.16708057 0.98024875 282510247821670 0.7778827 -0.5941863 -0.20455122 124.69482948796087
282510287 282510276585420 -0.40374258 -0.46686393 -0.78678465 282510280663545 -0.10192577 0.16988349 0.9801789 282510278163545 0.77991706 -0.58779883 -0.2149929 124.6850759778261
282510320 282510316767816 -0.40438855 -0.46738315 -0.78614426 282510311005420 -0.09840647 0.17290327 0.98001057 282510308505420 0.7721237 -0.59781635 -0.21550076 124.62626804907228
282510353 282510346907452 -0.4047562 -0.4677501 -0.7857368 282510341347347 -0.09387675 0.17572778 0.9799526 282510338847347 0.77297497 -0.5944798 -0.22159337 124.61363219910777
282510386 282510377052712 -0.40511262 -0.46824268 -0.7852595 282510381803181 -0.08881499 0.17801335 0.98001176 282510379303181 0.78373754 -0.57699883 -0.229843 124.66832835398122
282510419 282510407194847 -0.40543833 -0.46873245 -0.78479904 282510402031150 -0.08680084 0.17918034 0.9799796 282510399531150 0.78425837 -0.57695043 -0.22818175 124.69137341224086
282510452 282510447382087 -0.40595317 -0.46951315 -0.78406596 282510442486983 -0.08140081 0.18224259 0.9798783 282510439986983 0.7751659 -0.5877017 -0.23178534 124.72465009387713
282510485 282510477521462 -0.40626597 -0.46998292 -0.78362244 282510482942868 -0.07558654 0.18552515 0.9797281 282510470328910 0.7744711 -0.584121 -0.24289332 124.73776405708355
282510518 282510507663077 -0.40655437 -0.4704318 -0.78320336 282510513286670 -0.07245702 0.18819848 0.97945464 282510510786670 0.77947474 -0.5738634 -0.251197 124.69335416710015
282510551 282510547853389 -0.4068375 -0.47124335 -0.78256816 282510543635316 -0.06870203 0.19063166 0.97925466 282510541135316 0.78380686 -0.5712298 -0.24360499 124.72291522582793
282510584 282510577994066 -0.40708908 -0.47166398 -0.7821839 282510573983910 -0.064968206 0.19330694 0.97898495 282510571483910 0.79080266 -0.5641838 -0.2373348 124.69844948822094
282510617 282510608131097 -0.4073303 -0.4721083 -0.78179014 282510614448754 -0.060714453 0.19642499 0.97863734 282510611948754 0.7934848 -0.55922914 -0.24009281 124.66331499513046
282510650 282510648317608 -0.40760452 -0.47295246 -0.78113675 282510644797400 -0.058641106 0.19792615 0.9784612 282510642297400 0.79457825 -0.55435866 -0.24765275 124.70004775248674
282510683 282510678455160 -0.40768313 -0.473533 -0.78074384 282510675146045 -0.056194533 0.19985928 0.9782118 282510672646045 0.8005392 -0.5501044 -0.23774408 124.70313499799158
282510716 282510708592556 -0.40779433 -0.47378176 -0.7805348 282510705494639 -0.054109037 0.20181765 0.97792727 282510702994639 0.80602413 -0.53889143 -0.24478795 124.65670337201385
282510749 282510738729327 -0.4078665 -0.47420445 -0.7802404 282510745959483 -0.05197356 0.20539567 0.977298 282510743459483 0.798275 -0.53939897 -0.2679661 124.50954011615676
282510782 282510778919275 -0.40809876 -0.4747556 -0.77978367 282510776308129 -0.049765952 0.20785747 0.9768923 282510773808129 0.7954224 -0.54205334 -0.27107465 124.45179769691345
282510815 282510809062243 -0.40819907 -0.47510782 -0.7795166 282510806656775 -0.04749436 0.21005775 0.97653466 282510804156775 0.8079219 -0.5297086 -0.25820738 124.4021558820258
282510848 282510839205368 -0.40819383 -0.4754095 -0.7793354 282510837005368 -0.045366216 0.21241298 0.9761263 282510834505368 0.818139 -0.5185196 -0.24856792 124.33449602810765
282510881 282510879403493 -0.4082187 -0.475975 -0.77897704 282510877470212 -0.04251827 0.2146801 0.9757585 282510874970212 0.81264347 -0.5221647 -0.25875595 124.32508402743139
282510914 282510909550004 -0.4083161 -0.47632757 -0.7787104 282510907818858 -0.04054022 0.21534698 0.9756957 282510905318858 0.8037308 -0.5374348 -0.2553051 124.38047686160019
282510947 282510939695525 -0.40851521 -0.47668597 -0.77838665 282510938167504 -0.038264535 0.21617037 0.9756056 282510935667504 0.8110608 -0.5329649 -0.24109913 124.43129346902509
282510980 282510969842452 -0.4085875 -0.4770323 -0.7781366 282510968516097 -0.036288362 0.21752474 0.97537994 282510966016097 0.8218461 -0.51516724 -0.24325232 124.43442169566498
282511013 282511010033077 -0.40859136 -0.47737157 -0.7779264 282511008980993 -0.034734078 0.21993193 0.97489667 282511006480993 0.81147665 -0.5150386 -0.27611738 124.341257915386
282511046 282511040172139 -0.4086579 -0.47769505 -0.7776929 282511039330160 -0.032240927 0.22210647 0.9744892 282511036830160 0.8097069 -0.51401025 -0.2831398 124.29742176129287
282511079 282511070312139 -0.40866363 -0.47797504 -0.77751774 282511069679327 -0.02946946 0.22436373 0.97405976 282511067179327 0.8128469 -0.48771602 -0.3184541 124.25579858849079
282511112 282511100453441 -0.40859246 -0.47828633 -0.7773637 282511100028493 -0.026459541 0.22587825 0.9737961 282511097528493 0.79587436 -0.4681893 -0.38390473 124.28944410034228
282511145 282511140645889 -0.4085174 -0.4786054 -0.7772068 282511140494014 -0.02031554 0.2277689 0.97350323 282511137994014 0.7570266 -0.45205277 -0.4717616 124.4203788267314
282511178 282511170787347 -0.4083521 -0.47877198 -0.777191 282511170843181 -0.014973754 0.22931153 0.973238 282511168343181 0.7360584 -0.39953455 -0.54643404 124.53890992958782
282511211 282511200929847 -0.40815353 -0.47920337 -0.77702945 282511201192347 -0.010082361 0.23032296 0.97306204 282511198692347 0.6901149 -0.31679532 -0.6506782 124.71462337617555
282511244 282511241126097 -0.40758446 -0.47962093 -0.7770705 282511241657920 -0.0043562944 0.23112606 0.97291404 282511239157920 0.59178764 -0.27202502 -0.7588081 124.9653596206067
282511277 282511271268025 -0.40704802 -0.48015332 -0.7770229 282511272007035 -5.6359655E-4 0.23202154 0.9727105 282511269507035 0.5099049 -0.29957807 -0.80638075 125.1399255954139
282511310 282511301412243 -0.4066718 -0.48079547 -0.77682287 282511302356202 0.003716828 0.23200662 0.97270703 282511299856202 0.42714572 -0.30015838 -0.85290766 125.4183104456053
282511343 282511341601879 -0.40586662 -0.48150334 -0.7768056 282511332705368 0.0064351046 0.23090234 0.9729557 282511330205368 0.3597428 -0.29135108 -0.886397 125.7530580168276
282511376 282511371738389 -0.40506268 -0.4819542 -0.77694553 282511373170941 0.008654971 0.22885276 0.9734225 282511370670941 0.29876357 -0.29633585 -0.9071523 126.11994845828406
282511409 282511401877556 -0.40422076 -0.48258856 -0.77699023 282511403520108 0.010208964 0.22761269 0.97369826 282511401020108 0.26522645 -0.29690963 -0.9173329 126.4111194226017
282511442 282511432021879 -0.40321946 -0.4832737 -0.7770847 282511433869275 0.010804146 0.22683178 0.97387403 282511431369275 0.22859348 -0.29175392 -0.92877585 126.6344939292178
282511475 282511472207920 -0.4017481 -0.48412678 -0.77731574 282511464218441 0.011658422 0.22567016 0.974134 282511461718441 0.19360135 -0.2858801 -0.93850476 126.94793131022965
282511508 282511502355472 -0.40050206 -0.48508453 -0.77736163 282511504683962 0.010545106 0.22399731 0.9745327 282511502183962 0.16779527 -0.27939075 -0.9454023 127.20701404582655
282511541 282511532504379 -0.3989217 -0.48606965 -0.77755886 282511535031097 0.0098207155 0.22318377 0.9747269 282511532531097 0.15667558 -0.28196058 -0.9465469 127.43592100567037
282511574 282511572693389 -0.39661548 -0.4873558 -0.7779335 282511565378233 0.008613905 0.22213657 0.97497755 282511562878233 0.13975461 -0.28393978 -0.94860256 127.7354111403971
282511607 282511602837868 -0.39470586 -0.4883688 -0.77826935 282511595725368 0.00664615 0.22110255 0.97522795 282511593225368 0.12538733 -0.27970994 -0.95186144 127.94392315537925
282511640 282511632976827 -0.3925581 -0.4892754 -0.77878606 282511636188233 0.001715246 0.22025149 0.9754416 282511633688233 0.11769563 -0.27621505 -0.95386213 127.99546376285616
282511673 282511663114170 -0.3902749 -0.4902999 -0.779289 282511666535420 -0.0021480499 0.22043376 0.97539955 282511664035420 0.10840867 -0.26848528 -0.9571641 128.03551599214916
282511706 282511703310368 -0.38688713 -0.49149305 -0.7802262 282511696882556 -0.0064184605 0.2205965 0.975344 282511694382556 0.09281125 -0.26013556 -0.96110123 128.14142490541934
282511739 282511733451618 -0.3840879 -0.49224535 -0.7811344 282511727229691 -0.009978235 0.22091712 0.9752415 282511724729691 0.08238889 -0.2578831 -0.9626569 128.18862151258412
282511772 282511763590525 -0.38110068 -0.49305207 -0.7820881 282511767692556 -0.014160555 0.22194429 0.9749565 282511765192556 0.08701467 -0.25451922 -0.9631451 128.1656037750812
282511805 282511793732400 -0.37797892 -0.49371114 -0.7831866 282511798039691 -0.017019002 0.22220334 0.97485185 282511795539691 0.09116563 -0.25362667 -0.9629966 128.2615542725415
282511838 282511833926202 -0.37343055 -0.49470168 -0.78474194 282511828386879 -0.020185744 0.22149208 0.97495323 282511825886879 0.08450611 -0.25503618 -0.9632317 128.54070410391995
282511871 282511864073806 -0.37011695 -0.49525473 -0.785962 282511868849743 -0.024529936 0.21759556 0.9757307 282511866349743 0.07756789 -0.25696126 -0.96330374 128.89583295962558
282511904 282511894218077 -0.3665552 -0.49564788 -0.787382 282511899196879 -0.029395778 0.21405919 0.9763783 282511896696879 0.08159931 -0.25322857 -0.9639589 129.19166211295715
282511937 282511934393233 -0.36183268 -0.49623278 -0.78919595 282511929544014 -0.036433596 0.21020827 0.9769776 282511927044014 0.07724359 -0.2459742 -0.9661937 129.49046922876687
282511970 282511964524639 -0.35810012 -0.4963698 -0.7908105 282511959891150 -0.043607313 0.20668133 0.9774361 282511957391150 0.06893062 -0.24652286 -0.96668243 129.6482465985942
282512003 282511994664379 -0.3542498 -0.49622506 -0.7926334 282512000354014 -0.05095227 0.20398365 0.9776474 282511997854014 0.059378535 -0.24937841 -0.96658397 129.71137120690344
282512036 282512024802816 -0.35047376 -0.49599317 -0.7944552 282512030699327 -0.056405954 0.20240754 0.9776756 282512028199327 0.05167637 -0.24900745 -0.9671219 129.76852622987815
282512069 282512064985212 -0.34544262 -0.4951615 -0.7971728 282512061044327 -0.060494583 0.2013526 0.97764903 282512058544327 0.042232964 -0.25263804 -0.9666387 129.8709517466716
282512102 282512095123806 -0.34184828 -0.4942504 -0.7992849 282512091389327 -0.06237509 0.20153706 0.9774928 282512088889327 0.034017127 -0.26045024 -0.9648878 129.89391484266122
282512135 282512125257295 -0.3383423 -0.493125 -0.8014688 282512131849327 -0.060654078 0.20406477 0.9770766 282512129349327 0.028248996 -0.2688778 -0.96276 129.89253514444886
282512168 282512165439900 -0.3337314 -0.4915703 -0.80435187 282512162194327 -0.057650875 0.20623684 0.97680235 282512159694327 0.022800745 -0.2701804 -0.96253973 130.01291039838117
282512201 282512195572347 -0.33044186 -0.4902049 -0.8065403 282512192539327 -0.053931568 0.20818518 0.9766014 282512190039327 0.017338919 -0.2712878 -0.9623421 130.1285864821645
282512234 282512225706983 -0.32725966 -0.48888338 -0.80863726 282512222884327 -0.050017107 0.20951588 0.9765251 282512220384327 0.01522734 -0.2743568 -0.9615074 130.30791992901237
282512267 282512255837660 -0.32432276 -0.4874505 -0.8106829 282512263344327 -0.045654614 0.20950824 0.9767405 282512260844327 0.011031713 -0.2828207 -0.9591093 130.6025333086717
282512300 282512296020525 -0.32059678 -0.4853882 -0.8133978 282512293689327 -0.043460228 0.20965093 0.97681 282512291189327 0.010480067 -0.29214537 -0.9563166 130.75962765958195
282512333 282512326160264 -0.31803325 -0.48389474 -0.8152918 282512324034327 -0.040918633 0.21148731 0.9765238 282512321534327 0.016883323 -0.3009872 -0.95347875 130.77682607591208
282512366 282512356297035 -0.315492 -0.48216105 -0.8173037 282512364494327 -0.037827 0.2170467 0.97542804 282512351879327 0.024365949 -0.30136707 -0.95319676 130.4768441675651
282512399 282512396468129 -0.31226096 -0.4800311 -0.81979465 282512394839327 -0.035062313 0.22273524 0.97424823 282512392339327 0.040111266 -0.2943947 -0.9548418 130.13809410548913
282512432 282512426601775 -0.30993995 -0.47854114 -0.8215447 282512425184327 -0.033779547 0.22844028 0.97297174 282512422684327 0.05170515 -0.2816488 -0.9581235 129.69555248878567
282512465 282512456742920 -0.30771592 -0.47716847 -0.82317746 282512455529327 -0.03283105 0.23201291 0.97215843 282512453029327 0.062473334 -0.27662194 -0.958946 129.4244622806279
282512498 282512496923077 -0.30495688 -0.47550797 -0.8251627 282512495989327 -0.031658743 0.23217401 0.9721589 282512493489327 0.069966935 -0.2786589 -0.9578381 129.49112492692723
282512531 282512527055785 -0.3030368 -0.4743054 -0.82656103 282512526332816 -0.030458884 0.23183274 0.97227865 282512523832816 0.07853398 -0.28155103 -0.956327 129.60737474660084
282512564 282512557187087 -0.30120137 -0.47340178 -0.827749 282512556675733 -0.029465603 0.23244104 0.97216403 282512554175733 0.09024923 -0.2816841 -0.9552534 129.64539157952112
282512597 282512587322920 -0.29942486 -0.4724496 -0.82893676 282512587018650 -0.03075416 0.23406601 0.9717342 282512584518650 0.100696355 -0.2732758 -0.95665073 129.42600590338031
282512630 282512627503441 -0.29712477 -0.47137272 -0.8303762 282512627475837 -0.033687588 0.23742469 0.9708217 282512624975837 0.1100348 -0.2549013 -0.960686 128.94962752952858
282512663 282512657645108 -0.29542485 -0.470443 -0.8315092 282512657818754 -0.03520306 0.23980859 0.97018176 282512655318754 0.108252 -0.24729793 -0.9628734 128.62833543097122
282512696 282512687776670 -0.2937639 -0.46966428 -0.83253723 282512688161670 -0.036003396 0.24034557 0.97001946 282512685661670 0.10654572 -0.24716912 -0.9630968 128.55241104815735
282512729 282512717909118 -0.2921185 -0.46895608 -0.8335148 282512718504535 -0.037177883 0.24061884 0.96990746 282512716004535 0.10752678 -0.24374087 -0.96386117 128.48610357169485
282512762 282512758088910 -0.2901366 -0.46793595 -0.83477944 282512758961775 -0.040802393 0.24252723 0.9692862 282512756461775 0.1050671 -0.24221815 -0.96451604 128.08071818407626
282512795 282512788230525 -0.28872126 -0.4673073 -0.8356219 282512789304691 -0.042986803 0.24543378 0.9684598 282512786804691 0.108842514 -0.24973202 -0.96217835 127.66690434302188
282512828 282512818372243 -0.28746969 -0.46646023 -0.8365262 282512819647556 -0.044088885 0.24859113 0.9676046 282512817147556 0.11524054 -0.25148484 -0.960976 127.25089118105473
282512861 282512858556514 -0.2858199 -0.4656385 -0.8375487 282512849990472 -0.044959832 0.25131983 0.96685934 282512847490472 0.112168215 -0.24645716 -0.9626407 126.92102036489979
282512894 282512888693545 -0.2847463 -0.465002 -0.8382676 282512890447712 -0.045579407 0.25457385 0.9659787 282512887947712 0.093986705 -0.2424138 -0.9656097 126.52650863843985
282512927 282512918838233 -0.28369185 -0.46426368 -0.8390341 282512920790577 -0.04521416 0.2561828 0.96557033 282512918290577 0.09241672 -0.23996224 -0.96637326 126.35369119206018
282512960 282512948978702 -0.28271386 -0.46366003 -0.8396977 282512951133493 -0.044837702 0.25721046 0.96531457 282512948633493 0.095314495 -0.23194292 -0.9680484 126.25573261898387
282512993 282512989159847 -0.28149068 -0.4629026 -0.8405261 282512991590733 -0.04420024 0.2577715 0.96519434 282512989090733 0.07666621 -0.23345146 -0.9693414 126.22282476756277
282513026 282513019294327 -0.28056943 -0.46251902 -0.8410451 282513021932816 -0.042370543 0.25802022 0.96520996 282513019432816 0.056623634 -0.24676643 -0.9674193 126.32815994494268
282513059 282513049420785 -0.27975535 -0.4619409 -0.8416338 282513052274275 -0.03968939 0.25816768 0.9652845 282513049774275 0.043674424 -0.2569279 -0.96544313 126.46826078519803
282513092 282513089590368 -0.27868235 -0.46123463 -0.8423769 282513082615733 -0.03596003 0.25844222 0.9653571 282513080115733 0.033013128 -0.2633159 -0.96414465 126.66893174301299
282513125 282513119723702 -0.27797896 -0.46071795 -0.8428919 282513123071045 -0.030522851 0.25856897 0.9655105 282513120571045 -0.009724069 -0.2661124 -0.96389294 127.00568738985129
282513158 282513149855733 -0.27731508 -0.4600208 -0.84349114 282513153412504 -0.026170019 0.25708744 0.9660337 282513150912504 -0.04366814 -0.27361158 -0.96084845 127.43712311896434
282513192 282513190039847 -0.276342 -0.45901132 -0.84435993 282513183753962 -0.021383751 0.25515848 0.96666276 282513181253962 -0.06417638 -0.28368098 -0.9567688 127.9451389290515
282513224 282513220174379 -0.27576703 -0.45815042 -0.84501517 282513214095420 -0.016208185 0.25311288 0.96730095 282513211595420 -0.07738398 -0.29190478 -0.9533118 128.4953243270744
282513257 282513250308910 -0.27519822 -0.45720407 -0.84571296 282513244436931 -0.010713775 0.2513815 0.9678288 282513241936931 -0.09026288 -0.2967988 -0.9506646 129.0348273092353
282513290 282513280441827 -0.27474535 -0.4560414 -0.8464876 282513284892191 -0.0023982432 0.2489739 0.9685072 282513282392191 -0.118155584 -0.30763507 -0.9441398 129.85402653790834
282513323 282513320614222 -0.27409798 -0.4541093 -0.8477353 282513315233650 0.0049071643 0.24635875 0.9691663 282513312733650 -0.1302253 -0.31896698 -0.9387765 130.56059594716783
282513356 282513350748597 -0.27372727 -0.45243114 -0.8487518 282513345575160 0.012490632 0.24368292 0.9697745 282513343075160 -0.14489809 -0.32337818 -0.9351103 131.33345917251143
282513389 282513380872139 -0.2733111 -0.45039803 -0.8499663 282513386030420 0.022243924 0.23935115 0.97067827 282513383530420 -0.17275058 -0.31216687 -0.9341889 132.48603993457277
282513422 282513411002660 -0.27302745 -0.44811484 -0.8512632 282513416371879 0.03053547 0.23574944 0.97133404 282513413871879 -0.17421477 -0.30231056 -0.93715394 133.41330641629372
282513455 282513451177087 -0.27264357 -0.44455016 -0.85325295 282513446713389 0.036947455 0.23194763 0.9720263 282513444213389 -0.16352175 -0.28895128 -0.94327503 134.05624578324534
282513488 282513481302660 -0.2724861 -0.44178137 -0.85474 282513477054847 0.041070003 0.22740784 0.9729332 282513474554847 -0.1467521 -0.27552223 -0.950027 134.6579444679884
282513521 282513511435525 -0.27224994 -0.43865645 -0.856423 282513517510472 0.04392313 0.22063465 0.974367 282513515010472 -0.12266104 -0.26109177 -0.957489 135.3622189336868
282513554 282513551606670 -0.27203226 -0.43439344 -0.8586622 282513547852764 0.044664036 0.21542518 0.9754984 282513545352764 -0.09890859 -0.2575575 -0.9611874 135.51965479405555
282513587 282513581735004 -0.27194166 -0.4310167 -0.8603908 282513578195056 0.045259003 0.2106234 0.97651905 282513575695056 -0.07234825 -0.2616099 -0.96245825 135.7146157137244
282513620 282513611872816 -0.27204084 -0.42751616 -0.86210424 282513618651410 0.047000386 0.20634125 0.9773506 282513616151410 -0.046361312 -0.27271256 -0.9609779 135.93243044635614
282513653 282513642006827 -0.27224573 -0.42376074 -0.86389184 282513648993702 0.04865923 0.20433806 0.9776902 282513646493702 -0.034620594 -0.27435124 -0.9610061 135.8358379111138
282513686 282513682191097 -0.27269378 -0.41894883 -0.86609465 282513679335993 0.04940884 0.20215382 0.9781066 282513676835993 -0.02418545 -0.27011847 -0.9625233 135.497415698118
282513719 282513702283702 -0.2729714 -0.41655254 -0.8671624 282513699564170 0.048795603 0.20078088 0.9784202 282513697064170 -0.0169335 -0.26581907 -0.9638742 135.24953447275993
282513752 282513702283702 -0.2729714 -0.41655254 -0.8671624 282513699564170 0.048795603 0.20078088 0.9784202 282513697064170 -0.0169335 -0.26581907 -0.9638742 135.24953447275993
282513785 282513782642504 -0.27453783 -0.40677977 -0.8712975 282513780476931 0.04675817 0.20128243 0.97841656 282513777976931 0.007790349 -0.25376046 -0.9672357 133.48428574214847
282513818 282513812784066 -0.27530637 -0.40292028 -0.87284684 282513810819222 0.045286752 0.20150083 0.97844094 282513808319222 0.017291123 -0.24946505 -0.9682295 132.68225760904886
282513851 282513842925577 -0.27622837 -0.39905885 -0.8743282 282513841161514 0.042735506 0.20066476 0.97872746 282513838661514 0.028335238 -0.24413922 -0.9693261 131.88080321183958
282513885 282513883111045 -0.2774871 -0.39407972 -0.87618613 282513881617920 0.03774498 0.19952404 0.9791657 282513879117920 0.038754616 -0.24186942 -0.9695346 130.68149029547703
282513917 282513913248858 -0.27857795 -0.3904368 -0.8774699 282513911960212 0.03342408 0.19841623 0.9795478 282513909460212 0.043667067 -0.24081782 -0.96958745 129.76597173912853
282513950 282513943385525 -0.27972552 -0.38686013 -0.8786881 282513942302504 0.028676396 0.1969655 0.97999096 282513939802504 0.046155646 -0.24028641 -0.9696041 128.87233710888074
282513983 282513973534014 -0.28105634 -0.3831397 -0.8798928 282513972644795 0.0235823 0.19596344 0.9803276 282513970144795 0.044853315 -0.2379581 -0.9702392 127.86555356484251
282514016 282514013724535 -0.2829643 -0.37790763 -0.8815424 282514013101306 0.013098062 0.1973043 0.98025477 282514010601306 0.038895212 -0.23368493 -0.97153413 125.83456949438255
282514049 282514043871410 -0.28454813 -0.37416115 -0.88263005 282514043444379 0.003869273 0.19832689 0.9801283 282514040944379 0.027665662 -0.23164685 -0.9724065 124.26254681539075
282514082 282514074016462 -0.2860175 -0.37042826 -0.8837289 282514073787400 -0.005081668 0.19742112 0.9803056 282514071287400 0.015347595 -0.22264916 -0.97477776 123.034902274351
282514115 282514104167087 -0.28754672 -0.36637497 -0.88492155 282514104130472 -0.014397774 0.19619823 0.98045856 282514101630472 0.010941286 -0.21257406 -0.9770837 121.82171041359499
282514148 282514144368962 -0.2897063 -0.36150512 -0.88621914 282514144587868 -0.025109928 0.19681332 0.98011935 282514142087868 0.008559806 -0.20739214 -0.9782204 120.16772546456309
282514181 282514174520264 -0.29135865 -0.35766318 -0.88723564 282514174930889 -0.03141091 0.19846925 0.9796036 282514172430889 0.0043973573 -0.20329049 -0.9791087 118.89315752392531
282514214 282514204668597 -0.29302743 -0.35413486 -0.8881011 282514205273962 -0.036507662 0.2009142 0.97892827 282514202773962 0.0031927468 -0.19553225 -0.980692 117.65685230301801
282514247 282514234817712 -0.29465607 -0.3505119 -0.88899904 282514235616983 -0.040803846 0.20348033 0.9782284 282514233116983 0.0064852783 -0.18684721 -0.9823676 116.45652851865827
282514280 282514275009170 -0.29675198 -0.34582856 -0.89013535 282514276074379 -0.045564465 0.20507944 0.9776841 282514273574379 0.010229908 -0.1747803 -0.9845543 115.1960307677108
282514313 282514305145785 -0.29839927 -0.34240675 -0.8909071 282514306417452 -0.048738346 0.20496784 0.9775545 282514303917452 0.008760268 -0.16790971 -0.98576343 114.46738618705382
282514346 282514335285941 -0.30005765 -0.33927616 -0.89154756 282514336760472 -0.052273963 0.2045189 0.9774658 282514334260472 0.008794695 -0.16596895 -0.98609173 113.82105904627383
282514379 282514375475420 -0.30233088 -0.33490172 -0.8924331 282514377217868 -0.056693505 0.2047857 0.9771636 282514374717868 0.023234287 -0.16185114 -0.98654157 112.84624761774046
282514412 282514405617556 -0.3040075 -0.3318913 -0.892988 282514407560941 -0.061861802 0.20572868 0.9766519 282514405060941 0.032868605 -0.15681261 -0.9870813 112.00154446270665
282514445 282514435761358 -0.30563107 -0.32898822 -0.89350796 282514437903962 -0.067127176 0.20674202 0.97609 282514435403962 0.031217746 -0.16285908 -0.9861554 111.18373859262431
282514478 282514475954952 -0.30792186 -0.32528138 -0.89407843 282514468247035 -0.06997487 0.20769611 0.9756874 282514465747035 0.027660571 -0.17298432 -0.98453605 110.33687026762362
282514511 282514506100733 -0.30965748 -0.32229704 -0.8945596 282514508704535 -0.07179259 0.20919812 0.9752344 282514506204535 0.036141787 -0.18180719 -0.98266983 109.59100678006905
282514544 282514536240212 -0.3114284 -0.31995466 -0.89478564 282514539048493 -0.0715437 0.21110176 0.9748423 282514536548493 0.04282858 -0.1857891 -0.9816558 108.95577869669034
282514577 282514566382243 -0.3131945 -0.3176162 -0.8950023 282514569392452 -0.070712395 0.21341084 0.9744001 282514566892452 0.035203986 -0.18928033 -0.98129183 108.28674800710928
282514610 282514606567816 -0.31536424 -0.3144852 -0.89534605 282514599736410 -0.067753345 0.2160533 0.97402793 282514597236410 0.02511451 -0.19785145 -0.9799102 107.50354387536225
282514643 282514636704535 -0.31702566 -0.31215316 -0.8955753 282514640195004 -0.06081731 0.2210425 0.9733661 282514637695004 0.028863132 -0.2002602 -0.9793175 106.6356590582854
282514676 282514666846775 -0.31866917 -0.31014758 -0.8956888 282514670539014 -0.056749977 0.22521761 0.97265434 282514668039014 0.029132038 -0.18768854 -0.9817965 105.82769549079711
282514709 282514696986358 -0.3201721 -0.30789873 -0.8959287 282514700882972 -0.055080045 0.22800632 0.9721005 282514698382972 0.01927545 -0.18112712 -0.9832708 105.10605868422857
282514742 282514737174222 -0.32197478 -0.30534303 -0.89615726 282514731226931 -0.054455526 0.23010813 0.9716403 282514728726931 0.018635381 -0.18722533 -0.9821402 104.39856036924198
282514775 282514767313962 -0.32334903 -0.30358317 -0.8962603 282514771685525 -0.052403044 0.23283969 0.97110224 282514759070889 0.032790158 -0.199717 -0.97930485 103.76292247451306
282514808 282514797453806 -0.32472456 -0.30198562 -0.89630276 282514802029483 -0.049334165 0.23788597 0.97003937 282514799529483 0.052683286 -0.19841568 -0.97870106 102.84036199313027
282514841 282514837648181 -0.3262509 -0.30021405 -0.8963436 282514832373441 -0.04829056 0.24199267 0.96907556 282514829873441 0.06794129 -0.19336642 -0.9787714 101.97595374234095
282514874 282514867791462 -0.32728675 -0.29928952 -0.89627516 282514862717400 -0.04862272 0.24412301 0.9685245 282514860217400 0.07836527 -0.19241337 -0.97817993 101.5100187277302
282514907 282514897938233 -0.3281602 -0.29840824 -0.89624965 282514903176045 -0.04965332 0.24175999 0.96906483 282514900676045 0.07882002 -0.21756457 -0.9728582 101.67871757004036
282514940 282514938132660 -0.32942614 -0.29708236 -0.8962257 282514933520004 -0.046832394 0.2414075 0.9692931 282514931020004 0.091583185 -0.26644996 -0.95948786 101.54228454136933
282514973 282514968277295 -0.3303522 -0.29630312 -0.8961428 282514963863962 -0.043182038 0.2453226 0.9684793 282514961363962 0.10575832 -0.27495682 -0.95562226 100.89896951401334
282515006 282514998415264 -0.33115456 -0.295492 -0.8961145 282514994207920 -0.043375332 0.25091708 0.9670363 282514991707920 0.12296888 -0.22784783 -0.96590066 99.95871884268024
282515039 282515028554795 -0.33180973 -0.29475698 -0.89611423 282515034667035 -0.045755893 0.25874776 0.96486056 282515032167035 0.1428261 -0.17316855 -0.9744811 98.69492894055281
282515072 282515068747035 -0.33259773 -0.2938983 -0.8961041 282515065011514 -0.045997668 0.26090845 0.964267 282515062511514 0.12619004 -0.17014337 -0.9773062 98.24363102133339
282515105 282515098893493 -0.33322328 -0.29324993 -0.89608413 282515095355993 -0.04550781 0.2592368 0.96474105 282515092855993 0.117273174 -0.17860645 -0.9769067 98.38039189908454
282515138 282515129039014 -0.3336542 -0.29251313 -0.89616454 282515135815316 -0.04552716 0.25741732 0.96522725 282515133315316 0.1563799 -0.20215769 -0.9667872 98.52242568287494
282515171 282515159174327 -0.33419862 -0.29194754 -0.8961461 282515166159795 -0.045463968 0.25902507 0.96480006 282515163659795 0.18435608 -0.22744904 -0.95617974 98.20109260318253
282515204 282515199351566 -0.33485898 -0.29115093 -0.89615875 282515196504275 -0.04508804 0.26149222 0.96415186 282515194004275 0.18262447 -0.23548819 -0.95456463 97.72134694606996
282515237 282515229487920 -0.33523738 -0.29045683 -0.89624256 282515226848754 -0.044612527 0.26355064 0.96361345 282515224348754 0.16238469 -0.22033586 -0.96181244 97.31688363398933
282515270 282515259624170 -0.335735 -0.29007897 -0.89617866 282515267308077 -0.045389924 0.26616225 0.962859 282515264808077 0.15439923 -0.20952064 -0.96553713 96.88036624413382
282515303 282515299810160 -0.3363248 -0.2896225 -0.8961051 282515297652556 -0.045111082 0.2693995 0.9619714 282515295152556 0.17778902 -0.21239589 -0.9608741 96.34337677158743
282515336 282515329955525 -0.33679318 -0.28917196 -0.8960747 282515327997035 -0.043643706 0.27249715 0.96116626 282515325497035 0.17625034 -0.21192221 -0.9612621 95.82428239466645
282515369 282515360094275 -0.33724883 -0.28878817 -0.8960271 282515358341514 -0.04097764 0.27472413 0.96064955 282515355841514 0.15073188 -0.21034388 -0.96593755 95.43455180062551
282515402 282515400289222 -0.33788255 -0.28799728 -0.89604294 282515398800837 -0.036589853 0.27646688 0.9603266 282515396300837 0.13331658 -0.21811958 -0.9667732 95.03945950808611
282515435 282515430426827 -0.33846185 -0.28754482 -0.89596957 282515429145316 -0.03228521 0.2772715 0.96024907 282515426645316 0.13288689 -0.22951956 -0.9641897 94.8315143988051
282515468 282515460563181 -0.33910987 -0.28717688 -0.89584255 282515459489795 -0.026920587 0.27826452 0.9601272 282515456989795 0.11436106 -0.24596353 -0.962509 94.60040128785937
282515501 282515490702139 -0.3398886 -0.28667673 -0.89570767 282515489834275 -0.020987386 0.27867076 0.9601574 282515487334275 0.07643143 -0.2616763 -0.96212465 94.4300427095809
282515534 282515530887868 -0.34124327 -0.2859401 -0.895428 282515530292920 -0.011115294 0.2779723 0.96052474 282515527792920 0.051464107 -0.27825603 -0.9591272 94.37217734693257
282515567 282515561025733 -0.34251955 -0.28524497 -0.8951624 282515560636618 -0.0038582762 0.27633917 0.9610525 282515558136618 0.043266796 -0.27760062 -0.9597218 94.48546286450642
282515600 282515591167920 -0.34393808 -0.2845046 -0.894854 282515590980316 0.0027881733 0.273597 0.9618404 282515588480316 0.022726463 -0.27859366 -0.9601401 94.78077975365022
282515633 282515631358858 -0.3456232 -0.28363073 -0.89448214 282515631438597 0.011784797 0.26996958 0.9627968 282515628938597 0.0011798867 -0.28882548 -0.957381 95.06828290638362
282515666 282515661502712 -0.34838918 -0.28229266 -0.89383215 282515661782295 0.018303633 0.2669037 0.9635493 282515659282295 -0.011551183 -0.29476446 -0.9555001 95.4754031620514
282515699 282515691654900 -0.3507029 -0.28134015 -0.89322734 282515692125993 0.021944318 0.26294607 0.9645609 282515689625993 -0.014233256 -0.28681692 -0.95787966 95.96862478239632
282515732 282515721802243 -0.3532763 -0.28041902 -0.89250267 282515722469691 0.023618598 0.25826192 0.9657861 282515719969691 -0.018540615 -0.28423384 -0.95857567 96.58397018510112
282515765 282515761997972 -0.35692418 -0.27935958 -0.89138275 282515762927972 0.02456972 0.2514547 0.9675572 282515760427972 -0.011238636 -0.2865221 -0.95800775 97.50661262875394
282515798 282515792142347 -0.36000082 -0.27872244 -0.89034444 282515793271670 0.023188433 0.2467245 0.9688082 282515790771670 0.0020248748 -0.28360322 -0.95893955 98.13063237170468
282515831 282515822288441 -0.36318496 -0.2779806 -0.8892825 282515823615368 0.021581965 0.24232943 0.96995395 282515821115368 0.0064061983 -0.28832626 -0.9575108 98.66038184373087
282515864 282515852433754 -0.3663919 -0.27747664 -0.8881237 282515853959066 0.021325437 0.23765725 0.971115 282515851459066 0.0032567242 -0.29563284 -0.95529604 99.268671661023
282515897 282515892637452 -0.37083015 -0.2766658 -0.88653314 282515894417347 0.02012615 0.23174329 0.97256875 282515891917347 0.0068778335 -0.30037984 -0.9537949 99.97048042843102
282515930 282515922786566 -0.37427142 -0.2763218 -0.88519335 282515924761045 0.018311193 0.22950216 0.97313595 282515922261045 0.01364576 -0.30246094 -0.95306414 100.18117810394756
282515963 282515952933754 -0.37781313 -0.27607688 -0.883764 282515955104743 0.01634374 0.22909789 0.9732662 282515952604743 0.016085349 -0.30401093 -0.95253277 100.1298082511999
282515996 282515993128545 -0.38259545 -0.27585983 -0.88177204 282515985448441 0.014509932 0.229717 0.97314924 282515982948441 0.01824899 -0.30235025 -0.9530222 99.92482744401866
282516029 282516023271150 -0.386132 -0.2760666 -0.8801644 282516025906827 0.01365239 0.23337689 0.9722906 282516023406827 0.029444326 -0.29308698 -0.9556322 99.38757842428379
282516062 282516053411097 -0.38964182 -0.27643862 -0.8784993 282516056250837 0.009655774 0.23497017 0.97195464 282516053750837 0.034406774 -0.27732453 -0.96016 99.15411572826355
282516095 282516093602452 -0.39393035 -0.27708337 -0.876381 282516086594847 0.003823885 0.23281898 0.97251266 282516084094847 0.03194123 -0.27046454 -0.9621999 99.46114639183395
282516128 282516123743181 -0.39719123 -0.27774137 -0.8746993 282516116938858 0.0010175521 0.22970955 0.9732587 282516114438858 0.032356348 -0.27956286 -0.9595821 99.91837974544217
282516161 282516153889743 -0.4003426 -0.27850553 -0.87301797 282516157397504 4.719348E-4 0.22893125 0.9734425 282516154897504 0.042989854 -0.2801612 -0.9589898 100.09543873929636
282516194 282516184038597 -0.40334854 -0.27931792 -0.87137336 282516187741514 -0.002694342 0.22940183 0.97332805 282516185241514 0.043359563 -0.27104184 -0.9615904 100.09377900332805
282516227 282516224235056 -0.40733123 -0.28038234 -0.8691761 282516218085472 -0.008328419 0.23058563 0.9730164 282516215585472 0.030925019 -0.26984438 -0.96240723 100.01148205401859
282516260 282516254382347 -0.4103876 -0.28133667 -0.8674282 282516248429483 -0.011345851 0.23188892 0.9726761 282516245929483 0.020994192 -0.27654678 -0.96077114 99.93434189753248
282516293 282516284523754 -0.41327515 -0.2823121 -0.86573875 282516288888129 -0.015717985 0.23193324 0.9726047 282516286388129 0.008884557 -0.26216444 -0.96498233 100.00866801608055
282516326 282516314666150 -0.4159908 -0.2832866 -0.8641182 282516319232139 -0.023979014 0.22996923 0.9729025 282516316732139 -0.006040099 -0.24397072 -0.96976376 100.29315905538988
282516359 282516354859170 -0.41946417 -0.28457138 -0.8620144 282516349576150 -0.031859644 0.22854623 0.97301155 282516347076150 -0.010088772 -0.24470975 -0.9695439 100.54238582801452
282516392 282516385006202 -0.42215186 -0.28564286 -0.86034644 282516390034795 -0.039401166 0.22987786 0.97242165 282516387534795 -0.001143183 -0.24096608 -0.97053283 100.46079921837872
282516425 282516415153910 -0.42463052 -0.28675264 -0.858756 282516420378806 -0.045401543 0.23215088 0.9716196 282516417878806 0.0026607257 -0.23190139 -0.97273564 100.30087033896285
282516458 282516455333285 -0.4275841 -0.28848428 -0.85670805 282516450722764 -0.051535163 0.23425633 0.97080797 282516448222764 0.0064769336 -0.22608376 -0.9740863 100.24254052345094
282516491 282516485470056 -0.4297415 -0.28980348 -0.855182 282516481066775 -0.056756824 0.23541905 0.9702353 282516478566775 0.015340472 -0.21537232 -0.9764115 100.24718505208659
282516524 282516515604535 -0.4317572 -0.29126492 -0.85366875 282516521525160 -0.06214618 0.2355112 0.9698826 282516519025160 0.030831266 -0.20304006 -0.9786849 100.38154170324987
282516557 282516545739743 -0.43353242 -0.2928863 -0.85221314 282516551868597 -0.06608452 0.23461013 0.96984065 282516549368597 0.03720709 -0.1979106 -0.97951365 100.64095911811614
282516590 282516585937712 -0.4357468 -0.29514307 -0.85030305 282516582212035 -0.06932528 0.23388912 0.9697886 282516579712035 0.047684547 -0.1947958 -0.979684 100.95352223491426
282516623 282516616071931 -0.43727675 -0.29688272 -0.8489109 282516612555525 -0.07366874 0.23438767 0.96934795 282516610055525 0.060066056 -0.18837668 -0.9802582 101.07932748923673
282516656 282516646213077 -0.43873593 -0.29874662 -0.84750295 282516653013441 -0.0814231 0.2352024 0.9685299 282516650513441 0.06341519 -0.18011126 -0.9815999 101.1730581752168
282516689 282516686398025 -0.44043416 -0.30119827 -0.84575254 282516683356879 -0.08705946 0.23498139 0.96809316 282516680856879 0.06506336 -0.1885726 -0.97990155 101.4398726849542
282516722 282516716535525 -0.44181928 -0.30295828 -0.84440047 282516713700368 -0.08974614 0.23603839 0.9675906 282516711200368 0.07892627 -0.20916015 -0.9746911 101.52113144550981
282516755 282516746671358 -0.44317394 -0.3047723 -0.8430366 282516744043806 -0.08993235 0.23830342 0.9670179 282516741543806 0.09600046 -0.22076555 -0.9705908 101.5080789540059
282516788 282516776808441 -0.44446033 -0.30652505 -0.84172297 282516784501722 -0.09151257 0.24051662 0.96632147 282516782001722 0.09582751 -0.21920891 -0.9709606 101.48838068843963
282516821 282516816987139 -0.44606313 -0.30852494 -0.8401429 282516814845212 -0.0924537 0.24044627 0.9662494 282516812345212 0.08618894 -0.2229306 -0.97101665 101.70749998720282
282516854 282516847119483 -0.44712853 -0.30995813 -0.8390483 282516845188650 -0.092177965 0.24039838 0.9662877 282516842688650 0.08460945 -0.22294004 -0.97115344 101.86777037607715
282516887 282516877249379 -0.44816005 -0.31135044 -0.83798176 282516875532087 -0.091789104 0.24158596 0.9660284 282516873032087 0.08034396 -0.21258038 -0.973835 101.91146992638687
282516920 282516917433702 -0.44943982 -0.3127127 -0.8367883 282516915990056 -0.09016393 0.24403907 0.96556485 282516913490056 0.061128423 -0.20273654 -0.97732353 101.84091407226066
282516953 282516947573389 -0.45036906 -0.31369832 -0.8359193 282516946333493 -0.088359036 0.24645786 0.9651172 282516943833493 0.05699012 -0.1918804 -0.9797622 101.73344787585967
282516986 282516977706358 -0.45109835 -0.31466797 -0.83516127 282516976676931 -0.08623842 0.24972266 0.9644695 282516974176931 0.06397744 -0.1814776 -0.98131174 101.54791261724546
282517019 282517007844379 -0.4517805 -0.3156499 -0.83442175 282517017134847 -0.08293303 0.25298887 0.963908 282517014634847 0.051254723 -0.17061706 -0.9840034 101.36564901924368
282517052 282517048027608 -0.45263225 -0.31671268 -0.8335569 282517047478337 -0.08004927 0.253447 0.9640315 282517044978337 0.028991928 -0.1764425 -0.9838839 101.44920955354962
282517085 282517078168650 -0.4533166 -0.31738704 -0.8329283 282517077821827 -0.077238925 0.25284302 0.9644193 282517075321827 0.02363424 -0.18984595 -0.98152936 101.58851126167201
282517118 282517108305004 -0.45399478 -0.31765363 -0.8324571 282517108165316 -0.07436511 0.25251934 0.9647299 282517105665316 0.02870786 -0.20867644 -0.9775633 101.65650579485947
282517151 282517138443285 -0.454581 -0.31815323 -0.8319463 282517138508806 -0.07200479 0.25139114 0.9652035 282517136008806 0.010487092 -0.21728979 -0.9760508 101.82551199568229
282517184 282517178629222 -0.45542613 -0.3185866 -0.831318 282517178966775 -0.06947089 0.24991415 0.96577257 282517176466775 -0.039030455 -0.24916449 -0.9676743 102.0200904247576
282517217 282517208758233 -0.45603105 -0.31888533 -0.8308717 282517209310264 -0.0661877 0.24951972 0.96610504 282517206810264 -0.060162522 -0.2657686 -0.9621578 102.10338458168587
282517250 282517238882400 -0.45673117 -0.319357 -0.8303058 282517239653754 -0.06316857 0.25033078 0.9660975 282517237153754 -0.072368346 -0.27238718 -0.95946234 102.0914522412059
282517283 282517279066827 -0.45766702 -0.319484 -0.8297415 282517280111722 -0.05852866 0.25027078 0.96640515 282517277611722 -0.11619856 -0.2586641 -0.95895296 102.12932564015364
282517316 282517309209222 -0.45821956 -0.31970567 -0.829351 282517310455212 -0.055315144 0.24909502 0.96689814 282517307955212 -0.15846048 -0.24698238 -0.95597595 102.2809831604846
282517349 282517339344952 -0.4588064 -0.3198404 -0.82897455 282517340798702 -0.05146611 0.24749775 0.9675206 282517338298702 -0.17545255 -0.2508615 -0.95198995 102.46828743809385
282517382 282517379523129 -0.45957923 -0.32006562 -0.8284594 282517371142191 -0.046287876 0.24550985 0.96828836 282517368642191 -0.17967662 -0.25348032 -0.9505072 102.71388738026917
282517415 282517409660889 -0.4602087 -0.32032117 -0.82801104 282517411600160 -0.038202673 0.24153075 0.9696409 282517409100160 -0.18884653 -0.26448214 -0.94571996 103.18626326326722
282517448 282517439798389 -0.46091115 -0.32081547 -0.8274287 282517441943650 -0.030304346 0.23800175 0.9707919 282517439443650 -0.18888071 -0.2725057 -0.94343245 103.65431563652066
282517481 282517469937452 -0.46178323 -0.32145572 -0.8266937 282517472287139 -0.020384422 0.23428194 0.97195494 282517469787139 -0.18240257 -0.2832597 -0.9415377 104.19226816574007
282517514 282517510120108 -0.46274716 -0.32233223 -0.8258129 282517502630577 -0.011248165 0.228967 0.9733692 282517500130577 -0.18154788 -0.2753568 -0.94404393 104.92990127534478
282517547 282517540256566 -0.46354017 -0.32303008 -0.8250951 282517543088806 -0.0015895065 0.22079453 0.975319 282517540588806 -0.1708427 -0.2631872 -0.9494974 105.97094504825975
282517580 282517570402087 -0.4644202 -0.32390752 -0.8242559 282517573432504 0.004037222 0.21481735 0.9766459 282517570932504 -0.15734583 -0.26944962 -0.95007324 106.76394367127659
282517613 282517610593389 -0.46567094 -0.32545328 -0.82294035 282517603776202 0.009512541 0.20895442 0.97787917 282517601276202 -0.14543845 -0.2725098 -0.9510973 107.5775421448302
282517646 282517640725316 -0.46658605 -0.32708055 -0.8217759 282517644234483 0.0155158825 0.20107013 0.979454 282517631619900 -0.12874757 -0.27148196 -0.9537932 108.48202311547993
282517679 282517670865368 -0.46738225 -0.3289888 -0.82056093 282517674578181 0.01959187 0.19409834 0.98078644 282517672078181 -0.1015521 -0.26232985 -0.9596198 109.72664067660719
282517712 282517700999639 -0.4680834 -0.330913 -0.81938666 282517704921879 0.020886008 0.18699181 0.9821394 282517702421879 -0.07452798 -0.251455 -0.9649953 110.67553153724037
282517745 282517741174014 -0.46886227 -0.33392075 -0.8177194 282517735265577 0.020133326 0.18043363 0.9833811 282517732765577 -0.04033164 -0.2589705 -0.9650428 111.62471609600789
282517778 282517771306410 -0.4694258 -0.3367764 -0.8162237 282517765609275 0.019743834 0.17588067 0.9842135 282517763109275 -0.008650447 -0.27134523 -0.96244323 112.36155690366883
282517811 282517801442087 -0.46989912 -0.33966562 -0.81475276 282517806067556 0.016760163 0.17331144 0.9847244 282517803567556 0.0078031328 -0.28033414 -0.95987076 112.83028546565015
282517844 282517841619014 -0.47045082 -0.34391075 -0.81265086 282517836411254 0.014496255 0.17336309 0.98475134 282517833911254 0.007159324 -0.2874312 -0.9577746 113.21556960654141
282517877 282517871751150 -0.47074854 -0.3472125 -0.8110729 282517866754952 0.013152887 0.17478809 0.9845182 282517864254952 0.012008021 -0.29079145 -0.9567112 113.40113901610147
282517910 282517901879118 -0.47104374 -0.35073903 -0.8093824 282517907213181 0.013214368 0.17840375 0.98386866 282517904713181 0.025939282 -0.2809549 -0.9593704 113.45065788758404
282517943 282517932007035 -0.47108084 -0.35434672 -0.80778795 282517937556879 0.012663467 0.1816712 0.9832778 282517935056879 0.033060487 -0.26579946 -0.9634613 113.53312559162282
282517976 282517972188806 -0.47087613 -0.35937825 -0.8056817 282517967900577 0.0105343135 0.18462457 0.9827526 282517965400577 0.036119726 -0.2521323 -0.96701854 113.76552960832163
282518009 282518002325472 -0.47045594 -0.36318326 -0.80421954 282517998244275 0.0072250594 0.18595394 0.9825319 282517995744275 0.043499522 -0.24609008 -0.96827036 113.9835150956826
282518042 282518032464900 -0.46996054 -0.36699644 -0.8027769 282518038703077 0.0029126236 0.18689257 0.98237604 282518036203077 0.04798327 -0.25376368 -0.9660753 114.21011345158695
282518075 282518072645993 -0.4692878 -0.37173992 -0.80098593 282518069047243 1.5020437E-4 0.18802798 0.9821637 282518066547243 0.042205386 -0.26433176 -0.96350783 114.5684456660133
282518108 282518102781097 -0.4687254 -0.37549922 -0.79956037 282518099391410 -0.0013566228 0.19183338 0.9814266 282518096891410 0.03609667 -0.27244872 -0.9614929 114.61635261285181
282518141 282518132916254 -0.46797758 -0.37909645 -0.7983 282518129735577 -0.004656948 0.1937011 0.98104954 282518127235577 0.027884692 -0.25852996 -0.9656006 114.7732147373303
282518174 282518163051150 -0.46711078 -0.38247675 -0.7971944 282518170194483 -0.013339043 0.19092463 0.9815141 282518167694483 -0.012249934 -0.257714 -0.9661436 115.15875159522085
282518207 282518203230108 -0.46592966 -0.3868078 -0.7957947 282518200538650 -0.012681523 0.19204733 0.9813037 282518198038650 -0.044835333 -0.25337127 -0.9663295 115.58062505949584
282518240 282518233363181 -0.46479586 -0.38955426 -0.7951178 282518230882816 -0.016022062 0.18590634 0.98243684 282518228382816 -0.08614313 -0.24697275 -0.9651859 116.32705545275155
282518273 282518263497660 -0.46358252 -0.3919499 -0.7946487 282518271341722 -0.024667233 0.17566863 0.98414034 282518268841722 -0.1262442 -0.23738064 -0.9631785 117.19409332637127
282518306 282518303676254 -0.46197 -0.3953309 -0.79391253 282518301685889 -0.02745166 0.17004088 0.9850546 282518299185889 -0.1359101 -0.24776043 -0.959241 117.95557745655765
282518339 282518333813285 -0.4607418 -0.39767125 -0.7934573 282518332030056 -0.027960962 0.16695823 0.9855674 282518329530056 -0.12588973 -0.2519821 -0.9595086 118.46068360605847
282518372 282518363949795 -0.45947847 -0.40023327 -0.7929016 282518362374275 -0.031312615 0.16735783 0.9853988 282518359874275 -0.09163481 -0.23993243 -0.96645516 118.62549607073083
282518405 282518394086879 -0.45803073 -0.4030492 -0.79231256 282518402833129 -0.038222134 0.17000139 0.9847023 282518400333129 -0.06318091 -0.21723528 -0.97407234 118.53809697011138
282518438 282518434261410 -0.45578805 -0.40673563 -0.79172176 282518433177295 -0.041070364 0.16980536 0.98462135 282518430677295 -0.06783441 -0.2186634 -0.97343975 118.91151707241431
282518471 282518464397816 -0.4541385 -0.40952194 -0.79123324 282518463521514 -0.040293332 0.16757691 0.9850352 282518461021514 -0.05309423 -0.21665138 -0.97480416 119.440925034982
282518504 282518494534066 -0.45237777 -0.41229045 -0.790804 282518493865681 -0.03969625 0.16445658 0.9855852 282518491365681 -0.0031583623 -0.18685478 -0.98238254 120.03375813418245
282518537 282518524669795 -0.45051792 -0.41549987 -0.79018563 282518524209691 -0.04112805 0.16453178 0.98551404 282518521709691 0.047826786 -0.1637015 -0.9853499 120.36581461087178
282518570 282518564849743 -0.44777313 -0.41968325 -0.7895348 282518564668389 -0.04417166 0.16976775 0.9844937 282518562168389 0.06507978 -0.14168744 -0.9877699 120.39030766923543
282518603 282518594983285 -0.44567534 -0.42307726 -0.78891015 282518595012400 -0.045142427 0.17223419 0.9840212 282518592512400 0.088493474 -0.12203838 -0.9885725 120.58783674003223
282518636 282518625114795 -0.443608 -0.42626014 -0.7883618 282518625356410 -0.04846188 0.17611356 0.9831762 282518622856410 0.1415966 -0.09645552 -0.98521405 120.58119779615896
282518669 282518665290785 -0.44080168 -0.430799 -0.78746814 282518665815056 -0.05042484 0.18276584 0.98186255 282518663315056 0.19045718 -0.06589485 -0.97948146 120.57439492774563
282518702 282518695428441 -0.43867725 -0.43424517 -0.78676134 282518696159066 -0.05147712 0.18636532 0.981131 282518693659066 0.1912061 -0.05351164 -0.98009014 120.69217470979333
282518735 282518725568337 -0.4366653 -0.43752757 -0.7860617 282518726503077 -0.058047533 0.19248635 0.9795813 282518724003077 0.21332707 -0.03409491 -0.9763857 120.42249152060452
282518768 282518765761514 -0.43396324 -0.4419991 -0.7850558 282518766961775 -0.06276306 0.20126624 0.97752374 282518754347087 0.2732243 0.0066747433 -0.9619272 120.1592560299922
282518801 282518795910525 -0.43173546 -0.44539207 -0.7843662 282518797305733 -0.06213921 0.20654178 0.97646254 282518794805733 0.3029597 0.030060824 -0.95252913 120.20116607073942
282518834 282518826064535 -0.42964888 -0.44882676 -0.7835537 282518827649743 -0.0646994 0.21342944 0.97481376 282518825149743 0.2961885 -0.01235761 -0.9550496 120.01957866146546
282518867 282518856215472 -0.4279226 -0.45180464 -0.78278655 282518857993754 -0.06558587 0.22326644 0.97254854 282518855493754 0.29849872 -0.07111373 -0.951757 119.59920783880784
282518900 282518896398181 -0.42612848 -0.455611 -0.7815582 282518898452452 -0.06791107 0.23828821 0.9688172 282518895952452 0.40246105 -0.0851363 -0.9114697 118.80638680070945
282518933 282518926531983 -0.42489326 -0.45874205 -0.78039825 282518928796462 -0.070190445 0.25208876 0.96515524 282518926296462 0.51748526 -0.07473802 -0.852422 118.00579300733557
282518966 282518956670212 -0.42389193 -0.46227235 -0.7788581 282518959140472 -0.07037339 0.2673138 0.9610364 282518956640472 0.63646966 -0.0635876 -0.7686761 117.16028388997972
282518999 282518996852608 -0.42300206 -0.46720544 -0.7763944 282518989484483 -0.071586505 0.28288326 0.95647925 282518986984483 0.7318292 -0.049499318 -0.67968804 116.38825394771482
282519032 282519026997087 -0.42242187 -0.4713413 -0.7742074 282519029943233 -0.07280756 0.30583322 0.9492972 282519027443233 0.8406284 -0.022498088 -0.5411449 115.39186595159339
282519065 282519057138337 -0.42212638 -0.4758436 -0.77161014 282519060287400 -0.07066282 0.3248624 0.9431178 282519057787400 0.89776164 -0.0052461075 -0.4404504 113.72250624673973
282519098 282519087274066 -0.42206687 -0.48077607 -0.7685792 282519090631514 -0.070836335 0.34510222 0.9358881 282519088131514 0.9275586 0.006494459 -0.3736212 112.43832822993977
282519131 282519127460004 -0.42226696 -0.48773637 -0.7640706 282519120975681 -0.071426585 0.36541653 0.9280997 282519118475681 0.9439084 -0.016357044 -0.32980195 111.34743090627285
282519164 282519157599379 -0.42268237 -0.4931514 -0.76035607 282519161434535 -0.06935096 0.39355713 0.9166805 282519158934535 0.9560767 -0.04427151 -0.28975397 109.28142162574909
282519197 282519187737608 -0.42321208 -0.49875095 -0.75639874 282519191778702 -0.06863712 0.41543064 0.9070316 282519189278702 0.9678406 -0.025051646 -0.2503137 107.77737298937723
282519230 282519227914535 -0.4244295 -0.5063451 -0.7506493 282519222122816 -0.0689204 0.43951556 0.89558697 282519219622816 0.9761889 -0.008637068 -0.21675013 106.25523118189403
282519263 282519258049691 -0.42554244 -0.5123134 -0.7459548 282519252466983 -0.06888049 0.46465597 0.8828082 282519249966983 0.98125255 -0.009484123 -0.19249283 104.35984685702635
282519296 282519288191722 -0.42681718 -0.5182714 -0.74109495 282519292925837 -0.069168895 0.4984424 0.864159 282519290425837 0.98602116 -0.005567743 -0.166527 101.43977706230578
282519329 282519318328910 -0.42824844 -0.52417094 -0.7361034 282519323269952 -0.06876915 0.5241646 0.8488358 282519320769952 0.9896646 -0.0011007215 -0.14339763 99.3351908733498
282519362 282519358511670 -0.43043736 -0.53169733 -0.72939825 282519353614118 -0.06783028 0.55045915 0.832102 282519351114118 0.9920722 -0.0044132154 -0.12559158 97.34829567398225
282519395 282519388648493 -0.43229604 -0.5374679 -0.72405005 282519383958285 -0.06463819 0.5769383 0.81422615 282519381458285 0.99396694 -0.008116105 -0.10938012 94.95308493584218
282519428 282519418787400 -0.4343368 -0.5431217 -0.71858907 282519424417139 -0.061106 0.6114943 0.7888858 282519421917139 0.99552107 -0.006994612 -0.09428064 91.42522392763885
282519461 282519458972139 -0.437489 -0.55013824 -0.7113026 282519454761254 -0.05900875 0.63757575 0.7681243 282519452261254 0.9966169 -0.007854148 -0.08181156 89.18361048355405
282519494 282519489109743 -0.439944 -0.5554126 -0.70566714 282519485105420 -0.054844595 0.6644189 0.74534535 282519482605420 0.99751425 -0.013950527 -0.06906947 86.37813760272797
282519527 282519519242347 -0.442349 -0.5602414 -0.7003263 282519515449014 -0.050907254 0.69088465 0.72117054 282519523063233 0.99803627 -0.017806944 -0.06005511 83.47734260184524
282519560 282519549382972 -0.44482958 -0.5649731 -0.69493306 282519555905889 -0.047508363 0.7235227 0.68866384 282519553405889 0.99836916 -0.019204598 -0.05375934 79.68679934835245
282519593 282519589566202 -0.4481251 -0.57098126 -0.68786937 282519586248545 -0.04568648 0.7467877 0.6634913 282519583748545 0.9985155 -0.026884504 -0.047370467 77.48192549181312
282519626 282519619705525 -0.45061454 -0.57512736 -0.68277013 282519616591254 -0.04391804 0.76861507 0.6382022 282519614091254 0.99855757 -0.032937635 -0.042401496 75.1251004168085
282519659 282519649843962 -0.4531701 -0.57925993 -0.67756546 282519657048129 -0.04239864 0.79649395 0.6031582 282519654548129 0.9986696 -0.037460912 -0.035435423 71.95107052836858
282519692 282519690033129 -0.45635942 -0.5843697 -0.6710053 282519687390785 -0.0412664 0.8164669 0.5759157 282519684890785 0.99865663 -0.042313054 -0.02990976 70.07235869526482
282519725 282519720171097 -0.45852253 -0.58785915 -0.6664673 282519717733441 -0.03935391 0.8353444 0.54831666 282519715233441 0.99855953 -0.048285857 -0.023393469 67.93538374926464
282519758 282519750309014 -0.46052825 -0.59118104 -0.66213197 282519748076097 -0.03593388 0.8527313 0.5211124 282519745576097 0.99826324 -0.05545495 -0.019880988 65.75149223385557
282519791 282519780453025 -0.462585 -0.5942451 -0.6579422 282519788533025 -0.032915108 0.87298703 0.48663154 282519786033025 0.9980099 -0.058485676 -0.023571504 63.16302812333919
282519824 282519820638233 -0.4650314 -0.5982147 -0.6525986 282519818875681 -0.032196123 0.8869194 0.4608008 282519816375681 0.99789023 -0.058551338 -0.02804745 61.87109101164208
282519857 282519850783337 -0.4667524 -0.6010922 -0.64871424 282519849218337 -0.030820545 0.89975476 0.43530607 282519846718337 0.99772215 -0.05791682 -0.03458347 60.42244203962821
282519890 282519880920941 -0.46843576 -0.60377187 -0.64500195 282519879560993 -0.029420674 0.9110172 0.41131747 282519877060993 0.9975242 -0.057857014 -0.039976135 59.14052481544354
282519923 282519921107243 -0.4704261 -0.6069297 -0.6405744 282519920017868 -0.026584232 0.923626 0.382372 282519917517868 0.99732274 -0.059061445 -0.04311794 57.48564511163033
282519956 282519951242920 -0.4718939 -0.60922545 -0.6373072 282519950360525 -0.025736108 0.9319581 0.36165154 282519947860525 0.9973513 -0.054486427 -0.048183836 56.588964217012744
282519989 282519981377660 -0.4732313 -0.6113586 -0.63426566 282519980703233 -0.024847295 0.93976396 0.34091976 282519978203233 0.997572 -0.05083423 -0.047603186 55.71768479591839
282520022 282520011516722 -0.47447094 -0.61337394 -0.6313872 282520011045993 -0.022773428 0.9466571 0.32143703 282520008545993 0.99770534 -0.053213898 -0.041861173 54.69140447689438
282520055 282520051706358 -0.4761103 -0.6158756 -0.62770706 282520051503962 -0.020846136 0.95420736 0.29841888 282520049003962 0.99806345 -0.04908425 -0.03821068 53.65755972336456
282520088 282520081855837 -0.47726813 -0.61770386 -0.6250256 282520081847400 -0.01932504 0.9596407 0.28056416 282520079347400 0.9982949 -0.044301886 -0.03800905 52.857252797935814
282520121 282520112002608 -0.4784371 -0.61928576 -0.62256175 282520112190837 -0.017536003 0.9643698 0.26397622 282520109690837 0.9981076 -0.046074618 -0.040721796 52.03946400332643
282520154 282520142140993 -0.4794482 -0.62088907 -0.6201824 282520142534275 -0.01652012 0.9679371 0.25064903 282520140034275 0.9982805 -0.03890763 -0.043842517 51.53206291026453
282520187 282520182337920 -0.4807446 -0.6227915 -0.6172644 282520182992243 -0.015020875 0.971892 0.23494782 282520180492243 0.9982819 -0.039188758 -0.04356085 50.87615301407902
282520220 282520212484066 -0.48160806 -0.6243744 -0.61498797 282520213335681 -0.012313722 0.97462493 0.22350547 282520210835681 0.99816126 -0.046501912 -0.038881376 49.934819757762455
282520253 282520242630108 -0.4824931 -0.6257503 -0.6128924 282520243679118 -0.009020278 0.9772095 0.21208534 282520241179118 0.9972034 -0.06183062 -0.041981433 48.75491140883196
282520286 282520282825368 -0.4833721 -0.6273579 -0.6105518 282520284137087 -0.0036615145 0.98010415 0.19845013 282520281637087 0.9945577 -0.09085081 -0.051001288 46.76145922786117
282520319 282520312970212 -0.484003 -0.62842685 -0.60895056 282520314480525 -5.570986E-4 0.98189616 0.18941928 282520311980525 0.9894082 -0.13175024 -0.0609368 45.49383075942018
282520352 282520343113702 -0.48453745 -0.62954503 -0.6073685 282520344823962 0.004091245 0.9836845 0.17985603 282520342323962 0.97844005 -0.19609058 -0.064834364 43.55899867700106
282520385 282520383306514 -0.4850514 -0.63093656 -0.60551155 282520375167452 0.009228046 0.985179 0.171281 282520372667452 0.9579921 -0.27788037 -0.07094842 41.360022688810034
282520418 282520413445837 -0.48537615 -0.6319086 -0.60423636 282520415625368 0.015573656 0.9866786 0.16193417 282520413125368 0.91262984 -0.4013647 -0.0775441 38.40533408028131
282520451 282520443587972 -0.4855595 -0.63298386 -0.6029622 282520445968806 0.019452501 0.9876598 0.15540172 282520443468806 0.8675417 -0.4892385 -0.089538164 36.42855097597999
282520484 282520473730004 -0.48564127 -0.63405466 -0.6017699 282520476312295 0.023235202 0.98852855 0.14923625 282520473812295 0.8046775 -0.5854546 -0.09867704 34.38760165952095
282520517 282520503877087 -0.4856494 -0.63513523 -0.60062295 282520506655733 0.026386362 0.98916346 0.14442828 282520504155733 0.7183044 -0.68798727 -0.10350047 32.63196983526086
282520550 282520544073910 -0.4853406 -0.63666975 -0.59924626 282520547113597 0.030019559 0.989655 0.1402914 282520544613597 0.5887181 -0.80235577 -0.09816377 30.659540976555434
282520583 282520574217035 -0.4848474 -0.6379504 -0.5982828 282520577456983 0.033255797 0.9900185 0.13695759 282520574956983 0.5116018 -0.85328466 -0.100840524 28.852549544831447
282520616 282520614405420 -0.4841187 -0.6396953 -0.59700835 282520607800368 0.035665356 0.9903687 0.13378292 282520605300368 0.44185278 -0.8915122 -0.09986023 27.381331920252535
282520649 282520644547504 -0.48331285 -0.64093304 -0.5963334 282520638143702 0.037012458 0.99054635 0.1320914 282520635643702 0.36412802 -0.9266997 -0.09294329 26.5253862738449
282520682 282520674691306 -0.48228833 -0.6422765 -0.59571713 282520678601566 0.03681352 0.99046314 0.1327689 282520676101566 0.2756485 -0.95757985 -0.08401643 26.694450531275663
282520715 282520704835316 -0.48121676 -0.6435607 -0.5951975 282520708944952 0.03531306 0.990365 0.13390285 282520706444952 0.23986574 -0.9674247 -0.08095644 27.496227654923246
282520748 282520745027035 -0.4793567 -0.6453334 -0.59477884 282520739288337 0.03242735 0.9904247 0.1341924 282520736788337 0.20660171 -0.97541 -0.07675282 28.73489270618876
282520781 282520775165889 -0.47785395 -0.64676654 -0.59443146 282520769631722 0.03035262 0.9906869 0.13273405 282520767131722 0.174786 -0.9820281 -0.07120816 29.400173621915542
282520814 282520805308910 -0.47606447 -0.64821285 -0.5942918 282520810089587 0.029395368 0.991202 0.12905228 282520807589587 0.13154745 -0.98862565 -0.07290147 29.242215252075255
282520847 282520845490577 -0.47308362 -0.6500894 -0.59462225 282520840432972 0.02799243 0.99137634 0.1280209 282520837932972 0.1031369 -0.9910188 -0.08511462 29.613705825937643
282520880 282520875632400 -0.4705112 -0.651595 -0.5950152 282520870776358 0.022949915 0.9913415 0.12928787 282520868276358 0.08798228 -0.99066097 -0.10416315 31.920062633165003
282520913 282520905774170 -0.4677383 -0.65312564 -0.595523 282520911234170 0.013777495 0.99115336 0.13200486 282520908734170 0.08805515 -0.9889709 -0.11909151 36.33211211999395
282520946 282520935912712 -0.46464184 -0.654626 -0.59629923 282520941577556 0.009392077 0.99094975 0.13390435 282520939077556 0.08534509 -0.9898405 -0.11371892 38.31407933787534
282520979 282520976101306 -0.46015194 -0.6567501 -0.5974442 282520971920941 0.008433707 0.99055547 0.1368528 282520969420941 0.078448065 -0.9912276 -0.10636555 38.633178945709176
282521012 282521006243389 -0.4567044 -0.6582665 -0.59841985 282521002264327 0.008290384 0.9901592 0.13969974 282520999764327 0.07861932 -0.9916727 -0.10200194 38.62830219064176
282521045 282521036388233 -0.45297626 -0.6597014 -0.5996721 282521042723597 0.0070575518 0.98975486 0.14260222 282521040223597 0.069070265 -0.99263763 -0.099498056 39.07073452431854
282521078 282521076580056 -0.4474407 -0.6616864 -0.6016377 282521073068181 0.0032849049 0.989105 0.14717554 282521070568181 0.052765116 -0.99340194 -0.10182466 40.535386629557706
282521111 282521106722452 -0.4430326 -0.6629374 -0.60351986 282521103412712 -0.002995881 0.9882971 0.15251191 282521100912712 0.03988731 -0.9936969 -0.10476357 43.06430856598456
282521144 282521136862139 -0.43837142 -0.6641537 -0.6055826 282521133757243 -0.011087076 0.98745924 0.15748452 282521131257243 0.026922772 -0.99386734 -0.10725107 46.12973161643214
282521177 282521166997243 -0.4337292 -0.6652175 -0.60775375 282521174216618 -0.021728382 0.98631227 0.16345018 282521171716618 0.0076598222 -0.9941945 -0.107325375 49.98824891254492
282521210 282521207180837 -0.42732623 -0.66630965 -0.61108404 282521204561150 -0.028374877 0.9854044 0.16784886 282521202061150 -0.0060297805 -0.9943311 -0.106156886 51.908215088235465
282521243 282521237318181 -0.42238057 -0.66704327 -0.6137165 282521234905681 -0.03458819 0.9846751 0.17093436 282521232405681 -0.008998755 -0.9940982 -0.10811057 53.701873990699596
282521276 282521267454952 -0.4173986 -0.66762537 -0.6164859 282521265250212 -0.038130812 0.9845622 0.17083111 282521262750212 -0.0052061616 -0.9942653 -0.10681422 54.52550942723849
282521309 282521307639795 -0.4110322 -0.66812885 -0.6202066 282521305709587 -0.036462557 0.9852348 0.16728131 282521303209587 -0.011477926 -0.9947015 -0.10216231 53.396988006528545
282521342 282521337784222 -0.4062923 -0.66841835 -0.6230115 282521336054170 -0.03240016 0.9858494 0.16447254 282521333554170 -0.01687746 -0.9947242 -0.10118772 51.48110286886708
282521375 282521367930160 -0.40157646 -0.66860837 -0.6258588 282521366398702 -0.028634863 0.9862101 0.16300204 282521363898702 -0.017700989 -0.9943754 -0.10442313 49.60207343196697
282521408 282521398075420 -0.39692643 -0.66873246 -0.62868613 282521396743233 -0.02701041 0.98628324 0.16283683 282521394243233 -0.017573478 -0.994193 -0.10616719 48.51263093859325
282521441 282521438268025 -0.3911126 -0.6686658 -0.6323898 282521437202608 -0.026768032 0.9860904 0.16404027 282521434702608 -0.021162018 -0.994482 -0.10275089 47.810074265471144
282521474 282521468409743 -0.38690642 -0.6683813 -0.63527155 282521467547139 -0.027702345 0.98611957 0.16370961 282521465047139 -0.02012113 -0.9946644 -0.10118257 47.733985958117216
282521507 282521498553493 -0.38271463 -0.66805327 -0.63814914 282521497891670 -0.028242651 0.9864358 0.16169943 282521495391670 -0.01672265 -0.99499345 -0.098530345 47.53736871757462
282521540 282521528692712 -0.3787247 -0.6678666 -0.6407198 282521528236358 -0.029362123 0.98690414 0.15861312 282521525736358 -0.015319208 -0.99505013 -0.09818635 47.63469549815272
282521573 282521558825420 -0.37479103 -0.66749567 -0.6434138 282521568695993 -0.032000244 0.98747146 0.15451853 282521556081045 -0.013643284 -0.99480456 -0.10088473 48.394673571627095
282521606 282521599002816 -0.36986893 -0.66690755 -0.6468627 282521599040681 -0.036189556 0.9874738 0.15357669 282521596540681 -0.004918922 -0.9934518 -0.11414656 49.59528422393197
282521639 282521629144795 -0.36643377 -0.666605 -0.64912564 282521629385420 -0.041865926 0.9873985 0.1526154 282521626885420 0.009329627 -0.99234277 -0.12316159 51.552679836274194
282521672 282521669328702 -0.36190867 -0.6661646 -0.65210956 282521669845004 -0.04536836 0.98803014 0.147439 282521657230108 0.021214267 -0.99198496 -0.124562785 52.81663024784717
282521705 282521699466254 -0.3587228 -0.66584736 -0.6541905 282521700189743 -0.045065977 0.9884497 0.14469396 282521697689743 0.019069867 -0.99190223 -0.12556365 52.57022775844439
282521738 282521729595941 -0.3555252 -0.6654806 -0.65630585 282521730534431 -0.046247926 0.98847294 0.14416108 282521728034431 0.024960054 -0.9917872 -0.12543976 52.766773282000656
282521771 282521759734066 -0.35252315 -0.6651455 -0.658262 282521760879170 -0.04788923 0.9883005 0.14480616 282521758379170 0.03417515 -0.9915268 -0.12532656 53.07706536089978
282521804 282521799917972 -0.34884575 -0.6645706 -0.6607968 282521801338806 -0.051515196 0.9880078 0.1455574 282521798838806 0.046038546 -0.9905175 -0.12944333 54.085341301271626
282521837 282521830054587 -0.34624833 -0.6643405 -0.6623924 282521831683493 -0.053883195 0.9881837 0.14349027 282521829183493 0.059268303 -0.98969907 -0.13031898 54.95512491093774
282521870 282521860198181 -0.34371644 -0.66407293 -0.66397744 282521862028233 -0.05542758 0.98840165 0.1413855 282521859528233 0.06349932 -0.98963505 -0.12880385 55.52305172532971
282521903 282521900386879 -0.34062704 -0.66361743 -0.6660219 282521892372920 -0.057560895 0.9883753 0.14071633 282521889872920 0.06227245 -0.98995537 -0.12692727 56.12625646678481
282521936 282521930531827 -0.338381 -0.66344684 -0.6673354 282521932832556 -0.060240902 0.9881505 0.14117251 282521930332556 0.0586855 -0.99019516 -0.12676568 56.91244539119913
282521969 282521960678389 -0.33626804 -0.66307855 -0.6687679 282521963177243 -0.06271411 0.9879485 0.14150867 282521960677243 0.068872616 -0.98921835 -0.12924266 57.61801417774518
282522002 282521990818025 -0.33449912 -0.6628002 -0.6699301 282521993521983 -0.06451008 0.98819697 0.13894281 282521991021983 0.089250125 -0.9870185 -0.13352449 58.43433106658841
282522035 282522031016983 -0.33223513 -0.6625336 -0.6713189 282522023866254 -0.0648491 0.98873717 0.13488312 282522021366254 0.09956378 -0.9858674 -0.13473156 58.85593132329666
282522068 282522061160108 -0.33068314 -0.6623842 -0.67223185 282522064325056 -0.0638944 0.9893215 0.13099796 282522061825056 0.101938166 -0.9855391 -0.13535668 58.849060152991626
282522101 282522091295472 -0.32929274 -0.66228884 -0.673008 282522094669118 -0.06269606 0.9896002 0.1294634 282522092169118 0.109628305 -0.9847313 -0.13522527 58.44714450147137
282522134 282522131474222 -0.32733077 -0.662023 -0.6742255 282522125013181 -0.060750566 0.9899246 0.12790115 282522122513181 0.11906442 -0.98392594 -0.13309127 57.676808446120674
282522167 282522161613441 -0.3260528 -0.6619443 -0.67492175 282522155357295 -0.05838323 0.99026763 0.12633787 282522152857295 0.12571035 -0.98340523 -0.13080987 56.787732967143825
282522200 282522191747400 -0.3248878 -0.6618396 -0.67558587 282522195816045 -0.05485142 0.9907011 0.124510236 282522193316045 0.123948984 -0.98414606 -0.12685847 55.42054083117159
282522233 282522221888181 -0.3238339 -0.66189075 -0.6760417 282522226160160 -0.052391842 0.9909402 0.12366313 282522223660160 0.12873597 -0.9835554 -0.12667157 54.36751690645235
282522266 282522262078858 -0.3225103 -0.6618594 -0.67670465 282522256504222 -0.049743257 0.9913081 0.12179405 282522254004222 0.14902253 -0.9802157 -0.1302669 53.31283666085943
282522299 282522292222035 -0.32156464 -0.66183364 -0.6771797 282522296962972 -0.04549627 0.9918922 0.118658885 282522294462972 0.15648581 -0.9789926 -0.13071258 51.68146988326396
282522332 282522322362243 -0.32066646 -0.6617658 -0.6776718 282522327307087 -0.041693587 0.9922836 0.116769135 282522324807087 0.16192687 -0.9778436 -0.13267055 50.0241654622954
282522365 282522362550368 -0.31948128 -0.66171044 -0.6782854 282522357651150 -0.03766078 0.99266946 0.114842646 282522355151150 0.1697993 -0.97644806 -0.13310649 48.16355021539766
282522398 282522392680160 -0.3186058 -0.6617132 -0.67869437 282522387995264 -0.032855783 0.9930885 0.11267552 282522385495264 0.17477654 -0.97679603 -0.123784125 45.88231825903216
282522431 282522422811097 -0.31762195 -0.66155624 -0.6793082 282522428454014 -0.024496516 0.993671 0.10962544 282522425954014 0.17652428 -0.9783998 -0.107577845 41.62041340563303
282522464 282522452950108 -0.31674197 -0.66145766 -0.6798149 282522458798077 -0.018153893 0.9940649 0.10726262 282522456298077 0.17410092 -0.98014855 -0.094856955 38.1599322135919
282522497 282522493132972 -0.3155857 -0.66114444 -0.68065685 282522489142191 -0.01092441 0.99441963 0.10493012 282522486642191 0.16338702 -0.98369086 -0.07521334 33.947932137363466
282522530 282522523271670 -0.3148818 -0.6609124 -0.68120795 282522519485472 -0.0026197499 0.99465215 0.1032484 282522516985472 0.14754759 -0.9875524 -0.054495957 28.915404360668447
282522563 282522553405368 -0.3141625 -0.66051877 -0.6819215 282522559942191 0.008979217 0.99464107 0.102998175 282522557442191 0.12290713 -0.99185306 -0.03348874 21.795977169873197
282522596 282522593585733 -0.31308064 -0.6601114 -0.6828128 282522590284743 0.01653464 0.9944425 0.10397436 282522587784743 0.11232968 -0.99321896 -0.029968815 17.260461768512528
282522629 282522623717816 -0.31226075 -0.65955806 -0.68372244 282522620627295 0.024244372 0.99430925 0.10373671 282522618127295 0.11273497 -0.9932525 -0.027208565 12.633406464348013
282522662 282522653851254 -0.31136224 -0.65898174 -0.6846873 282522650969847 0.031242874 0.9940494 0.10435409 282522648469847 0.106368706 -0.9940312 -0.024244994 8.660689259086269
282522695 282522683986254 -0.31038034 -0.658434 -0.68565935 282522691426566 0.038378634 0.99353 0.10688959 282522688926566 0.096644685 -0.99508816 -0.02143202 5.148399801530161
282522728 282522724169795 -0.30902722 -0.6573079 -0.68734884 282522721769118 0.042782716 0.9931538 0.10869731 282522719269118 0.09405044 -0.9953706 -0.019793345 3.0561169177034344
282522761 282522754309379 -0.3080723 -0.65628797 -0.6887507 282522752111670 0.045862198 0.9928344 0.11034756 282522749611670 0.08974518 -0.9958008 -0.01807331 1.7212204774479005
282522794 282522784447556 -0.30710107 -0.6552612 -0.69016063 282522792568389 0.048544195 0.9924189 0.1129079 282522779954222 0.08226993 -0.9964928 -0.01529039 0.8678596307542534
282522827 282522824634743 -0.305859 -0.65363866 -0.69224775 282522822910941 0.048672017 0.9920079 0.11641025 282522820410941 0.06448351 -0.9978039 -0.015141839 1.2992823398191717
282522860 282522854770056 -0.30505434 -0.6523111 -0.69385314 282522853253493 0.04705609 0.9916917 0.119721666 282522850753493 0.05585999 -0.9982824 -0.017662596 2.5830238648425166
282522893 282522884903441 -0.30435726 -0.650712 -0.6956584 282522883595993 0.04413395 0.99159646 0.12160846 282522881095993 0.048096195 -0.9986244 -0.020882258 4.18125654100055
282522926 282522915035472 -0.30357707 -0.64913213 -0.69747293 282522924052712 0.039418414 0.9914699 0.124232195 282522921552712 0.032524735 -0.99919665 -0.023415267 6.719776173871708
282522959 282522955214639 -0.3025265 -0.6465722 -0.70030147 282522954395264 0.034817223 0.991304 0.12690222 282522951895264 0.018784996 -0.9994715 -0.026530765 9.112009376420474
282522992 282522985348025 -0.3017961 -0.64424485 -0.7027572 282522984737816 0.031487823 0.9911004 0.1293387 282522982237816 0.0072304728 -0.9995163 -0.030248236 10.864068157971019
282523025 282523015485941 -0.30121624 -0.6420166 -0.70504147 282523015080577 0.02874943 0.99081266 0.13215044 282523012580577 -0.007012049 -0.99926543 -0.037674952 12.359982892815026
282523059 282523055667556 -0.30044726 -0.6387109 -0.7083641 282523055538129 0.024271794 0.9899744 0.13914539 282523053038129 -0.017766384 -0.99831706 -0.055202253 14.969083566134941
282523091 282523085804847 -0.30001274 -0.6361247 -0.7108711 282523085881254 0.019988202 0.9894388 0.14356671 282523083381254 -0.012661866 -0.99738246 -0.07118917 17.146920118844776
282523124 282523115952347 -0.29961973 -0.6335669 -0.7133169 282523116224431 0.015321787 0.98920506 0.14573447 282523113724431 -0.0036743009 -0.9962297 -0.08667689 19.244561712962195
282523157 282523146092400 -0.29920816 -0.63080484 -0.71593267 282523146567608 0.0110493 0.9890792 0.14697005 282523144067608 0.0012358743 -0.99532014 -0.09662493 21.063671607821107
282523190 282523186282035 -0.2989114 -0.62729126 -0.7191368 282523187025160 0.0062580984 0.9885016 0.15108123 282523184525160 0.0043824054 -0.99427706 -0.106742375 23.191384817306812
282523223 282523216421722 -0.29889268 -0.62459004 -0.7214919 282523217368285 0.0018350912 0.98805314 0.15410262 282523214868285 0.0131935505 -0.9934964 -0.113095984 25.08586243456216
282523256 282523246565577 -0.29899865 -0.622016 -0.7236683 282523247711462 -0.0021454084 0.9878803 0.15520294 282523245211462 0.020333122 -0.99287957 -0.117374115 26.704671909368585
282523289 282523286760525 -0.29948232 -0.61815816 -0.72676736 282523278054639 -0.008010702 0.9876344 0.1565698 282523275554639 0.019911088 -0.99258184 -0.11993661 29.070295975571412
282523322 282523316909275 -0.299903 -0.6153107 -0.72900677 282523318512191 -0.018754508 0.98689294 0.16028275 282523316012191 0.011670569 -0.992918 -0.118226945 33.37050794493058
282523355 282523347056150 -0.30060795 -0.6125392 -0.7310476 282523348855316 -0.027262416 0.9862575 0.16295044 282523346355316 0.0071981745 -0.9932776 -0.11553238 36.63204963211132
282523388 282523377201462 -0.3015016 -0.6095925 -0.7331397 282523379198493 -0.035917133 0.9859834 0.16293171 282523376698493 0.0042028935 -0.99350226 -0.1137349 39.93560381287682
282523421 282523417392035 -0.30276623 -0.6056561 -0.7358759 282523409541670 -0.043904457 0.98554265 0.16364038 282523407041670 -0.007955828 -0.9937427 -0.111409545 42.865222212057006
282523454 282523447535368 -0.30388823 -0.6026636 -0.7378676 282523449999222 -0.05247964 0.98447305 0.16750753 282523447499222 -0.016652795 -0.9936513 -0.111264646 45.71761507738648
282523487 282523477671358 -0.30515373 -0.59978914 -0.7396852 282523480342400 -0.05475498 0.9845798 0.1661458 282523477842400 -0.0097663 -0.9934794 -0.11359268 46.616761670294466
282523520 282523517857504 -0.3069068 -0.59613955 -0.74190694 282523510685941 -0.05600796 0.9851694 0.1621866 282523508185941 -0.008730231 -0.99306136 -0.1172723 47.374120366222144
282523553 282523547999639 -0.30815566 -0.5936572 -0.7433783 282523551146306 -0.05584031 0.9859869 0.1571994 282523548646306 -0.015561862 -0.9930929 -0.11629376 47.74079907181431
282523586 282523578142452 -0.3096288 -0.5911033 -0.7448 282523581491566 -0.053959787 0.98653334 0.15440314 282523578991566 -0.016855394 -0.99308765 -0.11615854 47.31622426772253
282523619 282523608287660 -0.31087995 -0.5885806 -0.7462752 282523611836827 -0.05229184 0.9871089 0.151267 282523609336827 -0.016054159 -0.99320287 -0.115283005 46.9770131678776
282523652 282523648475577 -0.31256244 -0.5855421 -0.7479607 282523642182139 -0.050488815 0.9874998 0.14931524 282523639682139 -0.022852488 -0.99359196 -0.11069174 46.48926594415241
282523685 282523678612400 -0.3140202 -0.5834678 -0.7489704 282523682642504 -0.04832632 0.9877383 0.14845112 282523680142504 -0.027534945 -0.99408793 -0.10502786 45.771187666141486
282523718 282523708752347 -0.31538463 -0.5813434 -0.7500483 282523712987764 -0.047172192 0.9881576 0.14601208 282523710487764 -0.023265017 -0.9945575 -0.10155822 45.568802330844846
282523751 282523748944743 -0.31707683 -0.5786215 -0.7514383 282523743333077 -0.046799537 0.988723 0.14225534 282523740833077 -0.019865656 -0.994887 -0.09902163 45.80719300835119
282523784 282523779082243 -0.3181876 -0.5768551 -0.75232625 282523773678337 -0.045468245 0.98933613 0.13837133 282523771178337 -0.024662424 -0.9953867 -0.09272028 45.66498846983154
282523817 282523809223337 -0.31936255 -0.57523817 -0.75306606 282523814138702 -0.04395992 0.9899496 0.1344147 282523811638702 -0.030268135 -0.99525535 -0.09246972 45.46669441784769
282523850 282523839365629 -0.32045388 -0.57369035 -0.7537829 282523844483962 -0.042556837 0.9904792 0.13091935 282523841983962 -0.029019987 -0.99418855 -0.10366738 45.259138629349366
282523883 282523879549275 -0.3216925 -0.5717954 -0.75469464 282523874829275 -0.041797407 0.99092746 0.12773278 282523872329275 -0.02671061 -0.9928745 -0.11613307 45.30227127395801
282523916 282523909691879 -0.3223971 -0.5704671 -0.7553988 282523905174535 -0.042135425 0.99116683 0.12574914 282523902674535 -0.026019918 -0.9922587 -0.12143157 45.68755882994384
282523949 282523939835160 -0.32306617 -0.56918174 -0.7560823 282523945634900 -0.04234775 0.99125725 0.12496272 282523943134900 -0.02871546 -0.99201554 -0.12280321 45.88562065549587
282523982 282523980019275 -0.32391745 -0.56769305 -0.75683695 282523975980212 -0.041366175 0.9913871 0.1242593 282523973480212 -0.01984084 -0.99196166 -0.124973625 45.54306959314681
282524015 282524010156150 -0.32447562 -0.56647855 -0.75750756 282524006325368 -0.04120987 0.991538 0.123102196 282524003825368 -0.008063818 -0.99256206 -0.12147221 45.6117915414809
282524048 282524040296306 -0.324967 -0.56543297 -0.75807786 282524046783910 -0.03931212 0.9919697 0.12021052 282524044283910 -0.009220598 -0.9941093 -0.10798924 45.077554635169975
282524081 282524070435837 -0.3255216 -0.5645286 -0.7585138 282524077127816 -0.038307067 0.99211234 0.11935465 282524074627816 -0.0177025 -0.993902 -0.108836316 44.719881533998546
282524114 282524110620785 -0.32618052 -0.56336194 -0.75909793 282524107471722 -0.03922826 0.99205214 0.11955643 282524104971722 -0.023394184 -0.9933857 -0.112417735 45.148096828917915
282524147 282524140760785 -0.3267196 -0.56257236 -0.75945157 282524137815629 -0.041209627 0.99175996 0.12130077 282524135315629 -0.033985313 -0.99253076 -0.11716506 45.882150919397475
282524180 282524170905941 -0.32710472 -0.5616907 -0.7599382 282524178274170 -0.04330353 0.99138546 0.123610735 282524175774170 -0.03352306 -0.99148107 -0.12586312 46.56163521350328
282524213 282524201046931 -0.32748765 -0.5611314 -0.76018643 282524208618077 -0.043723494 0.9912969 0.12417211 282524206118077 -0.028850008 -0.990636 -0.1334465 46.69549326085718
282524246 282524241231775 -0.327918 -0.56017727 -0.76070446 282524238961931 -0.043822657 0.99133986 0.123793475 282524236461931 -0.0164473 -0.9899811 -0.14023863 46.79033726767199
282524279 282524271375525 -0.32827768 -0.5593918 -0.7611271 282524269305837 -0.043560218 0.99145424 0.12296751 282524266805837 -0.0072147413 -0.9885921 -0.1504443 46.777503342221564
282524312 282524301511045 -0.32853293 -0.55896354 -0.7613316 282524309764379 -0.044573568 0.9915415 0.12189565 282524307264379 0.0023807937 -0.98531693 -0.17071852 47.37812627217039
282524345 282524341685733 -0.32893085 -0.5582283 -0.7616992 282524340108285 -0.044448037 0.9916267 0.12124783 282524337608285 0.01010196 -0.98355675 -0.18031682 47.4134690860306
282524378 282524371822816 -0.32918164 -0.5578764 -0.7618486 282524370452191 -0.045132827 0.9915899 0.12129513 282524367952191 0.025473043 -0.9801199 -0.1967638 47.72696110855583
282524411 282524401952504 -0.3293134 -0.5575701 -0.7620159 282524400796097 -0.045324277 0.99170333 0.12029236 282524398296097 0.045438748 -0.97993064 -0.19409083 47.947968954624514
282524444 282524442135056 -0.32959515 -0.5569943 -0.7623151 282524441254639 -0.043831937 0.991708 0.12080609 282524438754639 0.032663323 -0.9821206 -0.18539765 47.204123787969706
282524477 282524472269847 -0.32977477 -0.5566783 -0.76246834 282524471598545 -0.042361166 0.9916499 0.12180263 282524469098545 0.032363188 -0.9838423 -0.17608765 46.410151862996145
282524510 282524502411775 -0.32994 -0.5563835 -0.762612 282524501942452 -0.039275642 0.9917116 0.12233371 282524499442452 0.048470657 -0.9847915 -0.16684207 44.93122807748625
282524543 282524532550420 -0.33014283 -0.55607265 -0.76275086 282524532287087 -0.03492897 0.9918559 0.12248142 282524529787087 0.052836902 -0.9846551 -0.16632083 42.892542968737075
282524576 282524572733181 -0.3302751 -0.55579686 -0.76289463 282524572746827 -0.027840763 0.9921271 0.12210058 282524570246827 0.05380218 -0.9788526 -0.19736463 39.54110233170064
282524609 282524602876202 -0.3303235 -0.5555077 -0.7630843 282524603091566 -0.022965025 0.99232304 0.12152162 282524600591566 0.07449797 -0.9760357 -0.20446114 37.1914626157029
282524642 282524633016514 -0.3305689 -0.5552287 -0.763181 282524633436358 -0.016985556 0.99262077 0.12006415 282524630936358 0.07628637 -0.9807339 -0.17983724 34.28919229395939
282524675 282524663159379 -0.3306478 -0.5548688 -0.76340866 282524663781097 -0.010083033 0.99279046 0.11943782 282524661281097 0.04979409 -0.9866595 -0.15499523 30.77456819236761
282524708 282524703345264 -0.3310383 -0.55434364 -0.76362085 282524704240785 -6.0400454E-4 0.99272716 0.12038418 282524701740785 0.049116377 -0.98953384 -0.13568473 25.89851151182114
282524741 282524733485056 -0.33152643 -0.5539486 -0.7636958 282524734585577 0.006262686 0.9925729 0.12148984 282524732085577 0.062030427 -0.9898884 -0.12756647 22.437687102774248
282524774 282524763617972 -0.33209205 -0.55344963 -0.7638117 282524764930316 0.012129045 0.99239546 0.12249111 282524762430316 0.080943674 -0.98951924 -0.11958159 19.550907650068325
282524807 282524803804900 -0.33326355 -0.55278736 -0.76378113 282524795275108 0.017856725 0.9922856 0.12268009 282524792775108 0.08747199 -0.99058086 -0.10534795 16.774850686450236
282524840 282524833944952 -0.33447066 -0.5523154 -0.76359487 282524835734795 0.024843952 0.9919576 0.12410848 282524833234795 0.077466026 -0.99282235 -0.09111951 13.567453616367459
282524873 282524864081410 -0.33572608 -0.55169207 -0.7634945 282524866079535 0.029492138 0.9915922 0.12599659 282524863579535 0.08195732 -0.9929995 -0.08505875 11.647926280331092
282524906 282524904260525 -0.33764794 -0.5509141 -0.7632087 282524896424327 0.032684676 0.9912183 0.12813288 282524893924327 0.086148866 -0.99305135 -0.08017021 10.56262117404708
282524939 282524934395368 -0.3394175 -0.5504928 -0.7627276 282524926769118 0.034385737 0.99088204 0.13027053 282524924269118 0.0907558 -0.9930158 -0.075385384 10.19528506274736
282524972 282524964527243 -0.3414161 -0.55004376 -0.7621594 282524967228806 0.0366199 0.99055713 0.1321195 282524964728806 0.08943344 -0.9940698 -0.06186108 9.589541198468282
282525005 282524994657295 -0.34363064 -0.54949534 -0.76155955 282524997573545 0.038268045 0.9901713 0.13452247 282524995073545 0.08166731 -0.99507177 -0.056237053 9.353317398476122
282525038 282525034833337 -0.34714964 -0.5486042 -0.76060534 282525027916566 0.038274284 0.9897616 0.13750315 282525025416566 0.07808032 -0.99533826 -0.056613885 10.011534191053784
282525071 282525064970004 -0.34996518 -0.54793656 -0.75979596 282525068373181 0.036174424 0.9893201 0.14119892 282525065873181 0.0735164 -0.9956457 -0.057315618 11.580216907541455
282525104 282525095101410 -0.35304907 -0.5472204 -0.75888485 282525098715629 0.033530362 0.9889681 0.14428392 282525096215629 0.06409492 -0.99638474 -0.05576045 13.283197364810803
282525137 282525125235889 -0.35638285 -0.546548 -0.7578104 282525129058077 0.028929478 0.98850894 0.1483685 282525126558077 0.05884867 -0.9968458 -0.0532485 15.874350008539295
282525170 282525165410368 -0.3610419 -0.5456491 -0.7562511 282525159400577 0.024300858 0.98823726 0.15098496 282525156900577 0.056927674 -0.99712116 -0.050086677 18.380283235767138
282525203 282525195552452 -0.36482054 -0.5450046 -0.7549013 282525199857191 0.020345561 0.9883503 0.15083037 282525197357191 0.048911624 -0.9978243 -0.0442094 20.297729071653976
282525236 282525225689170 -0.36879572 -0.544321 -0.7534616 282525230199639 0.019432336 0.9885935 0.1493489 282525227699639 0.02837664 -0.99866784 -0.04309681 20.88426302889235
282525269 282525265870212 -0.3741064 -0.54340464 -0.75150234 282525260542087 0.016038658 0.9883801 0.15115425 282525258042087 0.003995921 -0.99866784 -0.05144552 22.83886680141137
282525302 282525296002452 -0.37814692 -0.5425949 -0.7500637 282525290884535 0.009848792 0.9879399 0.15452461 282525288384535 -0.008166917 -0.997846 -0.06508938 25.888957784719594
282525335 282525326135472 -0.3823151 -0.5418705 -0.74847275 282525331341150 9.00037E-4 0.98748124 0.15773413 282525328841150 -0.008751607 -0.99641514 -0.08414421 29.962499681188092
282525368 282525366314639 -0.38765827 -0.5414008 -0.7460605 282525361683650 -0.0059961136 0.9871826 0.15948229 282525359183650 -0.0039054558 -0.99513096 -0.09848374 33.18450140326365
282525401 282525396448754 -0.39159623 -0.5409798 -0.74430716 282525392026097 -0.012515428 0.98703027 0.16004544 282525389526097 0.004690145 -0.99391866 -0.11001742 36.07847304516554
282525434 282525426585420 -0.39565742 -0.5408433 -0.74225587 282525432482712 -0.020575834 0.9868766 0.16015978 282525429982712 0.011242159 -0.99305046 -0.11715149 39.56376148427216
282525467 282525456719639 -0.3995667 -0.5407899 -0.7401978 282525462825160 -0.02650486 0.9865585 0.16124478 282525460325160 0.012231142 -0.9923319 -0.12299491 42.14792599070603
282525500 282525496899275 -0.40475982 -0.5406771 -0.7374536 282525493167608 -0.033718858 0.98594755 0.16361634 282525490667608 0.012456316 -0.9918064 -0.12714185 45.21231426749432
282525533 282525527044222 -0.40847945 -0.5408058 -0.735305 282525523510525 -0.04228008 0.98528224 0.16562426 282525521010525 0.015148971 -0.99137616 -0.13016836 48.56075986657976
282525566 282525557181202 -0.41229895 -0.54097146 -0.73304796 282525563968077 -0.054622676 0.98463744 0.16584791 282525561468077 0.011456498 -0.9916557 -0.12840486 53.223852956352516
282525599 282525597363389 -0.4171896 -0.5412805 -0.73004675 282525594311202 -0.0642826 0.9839459 0.16648789 282525591811202 3.8805013E-4 -0.9922622 -0.124159195 56.86759153891967
282525632 282525627504587 -0.42080137 -0.5415776 -0.72774994 282525624654379 -0.072749905 0.983363 0.16644783 282525622154379 -0.011464215 -0.9926345 -0.12060388 59.95216985489452
282525665 282525657643337 -0.42422816 -0.54169154 -0.72567266 282525654997556 -0.07669059 0.983343 0.16478805 282525652497556 -0.019699603 -0.99291366 -0.117194355 61.66632877051427
282525698 282525687785681 -0.42754427 -0.5417696 -0.72366536 282525695455108 -0.075570494 0.98374355 0.16290385 282525692955108 -0.02650485 -0.9928703 -0.11621588 61.783159156267345
282525731 282525727964275 -0.43174434 -0.54180694 -0.72113943 282525725798233 -0.07220063 0.98394704 0.16320305 282525723298233 -0.025260936 -0.99252677 -0.11938411 61.0154868746929
282525764 282525758104379 -0.4346873 -0.5418115 -0.71936584 282525756141410 -0.06730257 0.9844109 0.16249818 282525753641410 -0.015956769 -0.9923058 -0.122778825 59.71977266838485
282525797 282525788237660 -0.43762565 -0.5419891 -0.717448 282525786484587 -0.061427247 0.9848002 0.16246575 282525783984587 -0.013349562 -0.99284106 -0.1186944 58.00060039391428
282525830 282525828421618 -0.44121653 -0.5418854 -0.7153239 282525826942139 -0.054925933 0.98461187 0.16589954 282525824442139 -0.023347102 -0.9937109 -0.109514974 55.8037759153118
282525863 282525858552660 -0.44378176 -0.542026 -0.7136284 282525857285264 -0.050019637 0.9846915 0.16697526 282525854785264 -0.020903064 -0.99413705 -0.106087275 54.261635313938825
282525896 282525888688025 -0.44624203 -0.5419773 -0.71212965 282525887628441 -0.04479043 0.98510927 0.16599238 282525885128441 -0.01315866 -0.9942874 -0.10592159 52.696418918454924
282525929 282525918826045 -0.44849837 -0.54194456 -0.71073586 282525917971566 -0.040763713 0.9855067 0.16466594 282525915471566 -0.0040664026 -0.9940635 -0.10872554 51.52233330579185
282525962 282525959001566 -0.45144883 -0.5419629 -0.7088513 282525958429118 -0.0369847 0.9862439 0.16110614 282525955929118 0.0090001905 -0.99424803 -0.10672326 50.573182897970185
282525995 282525989134691 -0.45351756 -0.5419677 -0.70752585 282525988772295 -0.03529612 0.98677546 0.15820357 282525986272295 0.019517517 -0.9943082 -0.10473847 50.25862878102902
282526028 282526019263025 -0.4554518 -0.54205364 -0.70621634 282526019115681 -0.034348156 0.9876536 0.1528412 282526016615681 0.04052725 -0.99404365 -0.10116669 50.32825914452269
282526061 282526049397556 -0.4573968 -0.54221773 -0.704832 282526049459275 -0.03382024 0.98840296 0.1480397 282526046959275 0.043635394 -0.99449867 -0.09522748 50.54792485841949
282526094 282526089583181 -0.4596337 -0.5425208 -0.70314157 282526089917400 -0.034655888 0.98870385 0.14582075 282526087417400 0.0357273 -0.99528867 -0.090133384 51.21653207627202
282526127 282526119722868 -0.46140313 -0.54258364 -0.70193315 282526120260993 -0.034152754 0.98897386 0.14409839 282526117760993 0.04592081 -0.9946694 -0.09232635 51.270685231106484
282526160 282526149857243 -0.463055 -0.5428083 -0.7006705 282526150604587 -0.03435341 0.9894029 0.14107387 282526148104587 0.0654256 -0.9919569 -0.108356155 51.69361737470285
282526193 282526190039170 -0.46512362 -0.5432148 -0.6989834 282526191062712 -0.03483684 0.9899893 0.13677551 282526188562712 0.07606923 -0.9900688 -0.11822562 52.3837943299543
282526226 282526220179222 -0.46655884 -0.543396 -0.69788504 282526221406306 -0.035996303 0.98984474 0.13751984 282526218906306 0.059204914 -0.9924752 -0.107180886 52.95302912557236
282526259 282526250321306 -0.46803287 -0.5435614 -0.6967685 282526251749900 -0.037148785 0.9894192 0.14024815 282526249249900 0.04747569 -0.99493897 -0.088557936 53.37194170284215
282526292 282526290508025 -0.46983793 -0.54369986 -0.6954443 282526282093493 -0.03707037 0.9892207 0.14166272 282526279593493 0.038206235 -0.99609417 -0.07960352 53.403193233389516
282526325 282526320654847 -0.471049 -0.5436535 -0.69466084 282526322551618 -0.035913467 0.9895257 0.13981847 282526320051618 0.032000512 -0.99505925 -0.09398399 53.15704004589145
282526358 282526350795889 -0.472083 -0.54365855 -0.69395465 282526352895212 -0.03550959 0.9899612 0.13680613 282526350395212 0.043797076 -0.9913273 -0.12390396 53.29112690458254
282526391 282526380935004 -0.47308016 -0.54373753 -0.6932133 282526383238806 -0.035606977 0.9903414 0.1340006 282526380738806 0.045097552 -0.9876747 -0.14988247 53.63233924985428
282526424 282526421120004 -0.4741514 -0.5439473 -0.69231623 282526413582400 -0.036563043 0.9904127 0.1332131 282526411082400 0.031544466 -0.98489153 -0.17027487 54.2084759516286
282526457 282526451256358 -0.4746568 -0.5441137 -0.69183904 282526454040525 -0.037015 0.99025124 0.13428426 282526451540525 0.030254213 -0.9814772 -0.18917485 54.367909642329664
282526490 282526481401931 -0.4751895 -0.5442763 -0.6913452 282526484384118 -0.036860213 0.99025923 0.13426818 282526481884118 0.052770335 -0.97805417 -0.20155725 54.35659543396952
282526523 282526521586202 -0.475766 -0.5445644 -0.69072163 282526514728285 -0.03612955 0.99043083 0.13319722 282526512228285 0.08324512 -0.9743205 -0.20921263 54.19060476166527
282526556 282526551724327 -0.4761962 -0.5448041 -0.6902359 282526545073806 -0.034066726 0.99081045 0.13089736 282526542573806 0.10802057 -0.97014326 -0.21714893 53.51896493982122
282526589 282526581858285 -0.47663686 -0.5451523 -0.6896567 282526585534483 -0.030639576 0.99120134 0.12876774 282526583034483 0.119238