name=BMI160 Gyroscope vendor=BOSCH current_time_ms=1561345925958
measured_at recorded_at accuracy value_x value_y value_z
181633381634655 181633402925505 0 0.028972242 0.036667198 0.07782495
181633391741322 181633403008421 0 0.021515388 0.03347142 0.07675969
181633401847988 181633478048377 0 -0.017899372 0.03134091 0.06397652
181633411954655 181633478105252 0 -0.06157519 0.014296707 0.05225861
181633422061322 181633478157544 0 -0.08501099 0.0025788238 0.057584926
181633432167988 181633478232804 0 -0.07968468 -0.010204323 0.07036808
181633442274655 181633478295408 0 -0.049857315 -0.027248524 0.072498605
181633452381322 181633478382960 0 -0.013638363 -0.032574825 0.06610702
181633462487988 181633478445825 0 0.023645852 -0.016595857 0.06504174
181633472594655 181633478500252 0 0.04708164 -0.001682153 0.060780685
181633482701322 181633505894369 0 0.05560374 0.03986314 0.05012805
181633492807988 181633505960098 0 0.049212147 0.07821265 0.026692245
181633502918301 181633506017650 0 0.03429845 0.0973874 -0.009526721
181633513033665 181633516861245 0 0.024711069 0.11762743 -0.032962527
181633523149030 181633529646767 0 0.019384742 0.13573691 -0.03296253
181633533264342 181633578755835 0 0.028972104 0.14638957 -0.022309901
181633543379707 181633578930887 0 0.04282052 0.12508431 -0.0052656904
181633553495072 181633579101876 0 0.032167878 0.09206116 0.029888
181633563610384 181633579267397 0 -0.001920565 0.0622338 0.06397643
181633573725749 181633579782970 0 -0.03600901 0.019623272 0.07036801
181633583841113 181633590750576 0 -0.045596387 -0.0070083 0.0586501
181633593956426 181633644597977 0 -0.028552182 -0.029378818 0.045866933
181633604071790 181633644648498 0 -0.0104427105 -0.042161968 0.023496391
181633614187155 181633644705373 0 0.0023404434 -0.03363984 0.0064521693
181633624302467 181633644751310 0 0.012993069 -0.025117718 0.009647953
181633634417832 181633644871883 0 0.018319378 -0.018726122 0.021365847
181633644533197 181633656172718 0 0.014058314 -0.0070082075 0.027757421
181633654648509 181633656674488 0 -0.0072469655 0.015362343 0.026692152
181633664763874 181633666812719 0 -0.030682772 0.028145522 0.011778458
181633674879238 181633677235740 0 -0.028552255 0.036667645 -0.005265764
181633684994551 181633687249387 0 -0.0029859385 0.03453713 -0.013787878
181633695109915 181633697329388 0 0.031102486 0.021753985 -0.01272262
181633705225280 181633707096733 0 0.061995115 0.019623473 -0.0031352537
181633715340592 181633718189338 0 0.085430905 0.0025792727 0.007517375
181633725455957 181633727669183 0 0.093953006 -0.013399664 0.016039478
181633735571322 181633738025486 0 0.090757206 -0.017660704 0.02136579
181633745686634 181633747658195 0 0.07264772 -0.021921743 0.021365784
181633755801999 181633758951061 0 0.050277174 -0.019791199 0.013908934
181633765917363 181633770373093 0 0.039624527 -0.01872592 0.0043215565
181633776032676 181633784339814 0 0.037493993 -0.02298696 -0.0031352937
181633786148040 181633788435335 0 0.031102402 -0.020856416 -0.008461617
181633796263405 181633799195909 0 0.026841339 -0.018725874 6.0485676E-5
181633806378717 181633808392993 0 0.023645539 -0.01020375 0.017104696
181633816494082 181633819091952 0 0.037493955 0.0057752184 0.037344698
181633826609447 181633829193047 0 0.06732132 0.020688923 0.045866802
181633836724759 181633839886017 0 0.09395291 0.039863683 0.028822578
181633846840124 181633849193258 0 0.11206237 0.05584265 0.0075173015
181633856955488 181633859296800 0 0.122715 0.061168987 -0.0031353394
181633867070801 181633869392999 0 0.119519204 0.051581625 -0.003135345
181633877186165 181633879596750 0 0.10034445 0.038798478 -0.002070087
181633887301530 181633889784512 0 0.06732127 0.02175428 -0.0063311467
181633897416842 181633899805867 0 0.03323283 -0.0016815024 -0.014853261
181633907532207 181633909918837 0 0.011927549 -0.025117286 -0.021244848
181633917647572 181633920393733 0 0.012992803 -0.03363938 -0.029766962
181633927762884 181633930339307 0 0.04175491 -0.036835153 -0.034028023
181633937878249 181633941548527 0 0.07051701 -0.035769872 -0.03509329
181633947993613 181633950777591 0 0.084365435 -0.028313013 -0.03296277
181633958108926 181633961120821 0 0.08756121 -0.008072991 -0.023375403
181633968224290 181633971355249 0 0.07584331 0.0068407143 -0.009526983
181633978339655 181633981648219 0 0.059864346 0.008971257 -0.0020701438
181633988454967 181633992989939 0 0.047081172 0.0057754815 -0.0010048859
181633998570332 181634002065460 0 0.03962432 0.0015144427 -0.0010048924
181634008686530 181634012507857 0 0.03642852 -0.0027465955 -0.005265952
181634018802780 181634022143691 0 0.03323272 -6.160531E-4 -0.01804912
181634028919082 181634032274422 0 0.026841128 0.006840807 -0.031897552
181634039035332 181634042394787 0 0.026841119 0.011101877 -0.034028083
181634049151582 181634052440049 0 0.020449528 0.017493473 -0.025505982
181634059267832 181634062452498 0 0.010862147 0.013232434 -0.010592298
181634069384082 181634072266457 0 -0.0019210232 0.008971396 0.009647704
181634079500384 181634082890729 0 -0.010443141 0.01749352 0.027757179
181634089616634 181634092842657 0 -0.0019210419 0.014297744 0.028822435
181634099732884 181634102581147 0 0.018318955 0.005775652 0.019235058
181634109849134 181634113164638 0 0.048146326 0.0068409313 0.014973998
181634119965384 181634123108024 0 0.07797369 0.012167264 0.019235047
181634130081634 181634133255005 0 0.09075685 0.0057756985 0.025626622
181634140197936 181634143167818 0 0.08116947 -0.003811658 0.02349609
181634150314186 181634153249017 0 0.05773366 -0.007007433 0.012843449
181634160430436 181634163320581 0 0.035363115 -0.00487689 6.0280785E-5
181634170546686 181634173563134 0 0.02364521 -0.007007402 -0.0031355154
181634180662936 181634183287145 0 0.0012746658 0.0057757758 -0.0010049948
181634190779238 181634197356573 0 -0.01896535 0.0260158 0.0064518442
181634200895488 181634203529803 0 -0.022161148 0.038798973 0.011778156
181634211011738 181634213527565 0 -0.015769579 0.03134215 0.013908678
181634221127988 181634224339857 0 -0.0072474787 0.017493736 0.018169727
181634231244238 181634233757463 0 0.010861992 0.007906381 0.021365512
181634241360540 181634243720484 0 0.03429778 -0.0027462393 0.013908661
181634251476790 181634254003090 0 0.055603042 -0.01979044 -0.001005034
181634261593040 181634265281320 0 0.06412514 -0.037899908 -0.011657675
181634271709290 181634274285696 0 0.060929343 -0.05068305 -0.015918735
181634281825540 181634284750384 0 0.04814617 -0.051748298 -0.0148534775
181634291941790 181634294132312 0 0.031101944 -0.05068302 -0.01378822
181634302058092 181634306905439 0 0.012992455 -0.046421953 -0.016984016
181634312174342 181634314327731 0 -8.5598044E-4 -0.03789983 -0.028701922
181634322290592 181634324795597 0 -0.007247571 -0.026181914 -0.045746144
181634332406842 181634334595546 0 -0.0040517887 -0.016594525 -0.05852931
181634342523092 181634348905703 0 0.0023397831 -0.017659774 -0.05000721
181634352639394 181634355088152 0 -0.0029865438 -0.02085555 -0.016984044
181634362755644 181634364731069 0 -0.02961814 -0.027247114 0.030952808
181634372871894 181634374873362 0 -0.059445526 -0.029377626 0.07143282
181634382988144 181634385870811 0 -0.0722287 -0.016594449 0.08741176
181634393104394 181634395617427 0 -0.050923437 -0.009137588 0.079954915
181634403220697 181634406310709 0 -0.014704488 -0.010202836 0.054388586
181634413336947 181634416494095 0 0.016188145 -0.015529139 0.020300146
181634423453197 181634427477065 0 0.038553514 -0.0187162 0.0053832484
181634433569447 181634436181597 0 0.051336627 -0.025107697 0.004317955
181634443685697 181634446814098 0 0.034292363 -0.050673943 -0.0010083923
181634453801947 181634456676131 0 -0.0019266484 -0.070913866 -0.011661058
181634463918249 181634466609152 0 -0.041341446 -0.06771799 -0.011661088
181634474034499 181634477615351 0 -0.11484468 -0.09541476 -0.010595855
181634484150749 181634486763217 0 -0.19473949 -0.11245889 -0.0010085134
181634494266999 181634496117489 0 -0.2362848 -0.11245881 0.026688308
181634504382988 181634506866396 0 -0.23308907 -0.12843768 0.0639725
181634514498717 181634517570564 0 -0.19154385 -0.15080814 0.096995644
181634524614447 181634529352075 0 -0.12762809 -0.16998279 0.10125667
181634534730228 181634537772284 0 -0.056255482 -0.14228587 0.04905872
181634544845957 181634547634160 0 0.017247656 -0.052803643 -0.034031864
181634554961686 181634558572443 0 0.061988674 0.0153733045 -0.09475192
181634565077415 181634567709006 0 0.07051073 0.0675713 -0.1107309
181634575193144 181634577751351 0 0.06518437 0.093137704 -0.081968814
181634585308926 181634587939685 0 0.063053794 0.08887673 -0.04468462
181634595424655 181634597355936 0 0.049205318 0.07609365 -0.015922535
181634605540384 181634608301823 0 0.011921046 0.051592674 0.020296395
181634615656113 181634617771720 0 -0.03388533 0.007916953 0.051189005
181634625771894 181634629272710 0 -0.06903908 -0.05067246 0.0650374
181634635887624 181634637906513 0 -0.08821387 -0.08689133 0.047993153
181634646003353 181634648813650 0 -0.0946055 -0.10926178 0.01923101
181634656119082 181634658116932 0 -0.09567081 -0.107131176 -0.0105964
181634666234863 181634669279537 0 -0.08608349 -0.062390026 -0.019118538
181634676350592 181634678468757 0 -0.080757216 -0.024040457 -0.023379622
181634686466322 181634689076518 0 -0.06371305 0.014309112 -0.029771235
181634696582051 181634698665946 0 -0.027494144 0.057985 -0.03190179
181634706697832 181634709259645 0 0.0065942416 0.08781246 -0.03722814
181634716813561 181634719462980 0 0.012985774 0.09420412 -0.03403238
181634726929290 181634730350845 0 -0.010450073 0.08674736 -0.020183984
181634737045019 181634739009388 0 -0.04347329 0.09207376 0.009643366
181634747160749 181634749855587 0 -0.07436598 0.08887805 0.019230707
181634757276530 181634760358765 0 -0.09354077 0.059050754 0.011773832
181634767392259 181634770144183 0 -0.09034503 0.021766614 -0.01272726
181634777507988 181634779551267 0 -0.067974545 -0.0059301546 -0.030836768
181634787623717 181634790166112 0 -0.04560406 -0.025104815 -0.03296733
181634797739499 181634800971946 0 -0.034951475 -0.03895316 -0.025510512
181634807855228 181634810388510 0 -0.030690469 -0.048540447 -0.015923172
181634817970957 181634820092365 0 -0.025364198 -0.047475103 -0.0020747753
181634828086686 181634832234762 0 -0.039212674 -0.033626594 0.010708356
181634838202467 181634840788304 0 -0.058387466 -0.008060187 0.030948333
181634848318197 181634850938409 0 -0.085019104 0.007918848 0.037339885
181634858433926 181634860480598 0 -0.10525916 0.00791893 0.027752481
181634868549655 181634871366953 0 -0.10312868 -6.030961E-4 0.013904026
181634878665384 181634881130079 0 -0.07649714 -0.0059293313 0.0011208337
181634888781165 181634891207111 0 -0.03601718 -0.0101903025 -0.005270778
181634898896894 181634900676591 0 -0.0083203735 -0.016581802 -0.013792916
181634909012624 181634911439770 0 0.003397476 -0.01977751 -0.020184528
181634919128353 181634921951437 0 0.011919536 -0.021907955 -0.021249821
181634929244134 181634932452428 0 0.0065931696 -0.018712081 -0.025510907
181634939359863 181634941041491 0 -0.012581623 -0.013385681 -0.030837253
181634949475592 181634952054357 0 -0.043474313 -0.005928755 -0.02977202
181634959591322 181634962073004 0 -0.07862806 0.0015281723 -0.028706789
181634969707103 181634972362484 0 -0.096737586 0.019637734 -0.027641553
181634979822832 181634981791652 0 -0.092476584 0.020703081 -0.02977211
181634989938561 181634993186392 0 -0.0701061 0.00472421 -0.032967933
181635000054238 181635002750925 0 -0.047735613 -0.020842033 -0.02657638
181635010169759 181635012487228 0 -0.028560918 -0.03895143 -0.009532195
181635020285280 181635022055458 0 -0.009386222 -0.047473457 5.5146404E-5
181635030400749 181635033061084 0 0.0044621546 -0.047473375 0.0011203801
181635040516269 181635043024887 0 -0.004060002 -0.04108171 -0.0020754412
181635050631738 181635053625253 0 -0.041344274 -0.030428993 -0.0074017886
181635060747259 181635062539160 0 -0.09034645 -0.020841539 -0.008467083
181635070862728 181635073470567 0 -0.11271703 -0.011254084 0.001120259
181635080978249 181635083585099 0 -0.10419497 -0.006992948 0.008577073
181635091093769 181635093172756 0 -0.086085536 -0.0133844465 5.4934993E-5
181635101209238 181635103359841 0 -0.071171895 -0.015514892 -0.009532467
181635111324759 181635113218748 0 -0.06691089 -0.013384283 -0.018054605
181635121440228 181635123495624 0 -0.06691094 -0.01657999 -0.0191199
181635131555749 181635134205000 0 -0.064780466 -0.019775698 -0.018054666
181635141671217 181635143964116 0 -0.066911034 -0.026167197 -0.004206271
181635151786738 181635153924481 0 -0.07330267 -0.031493433 0.008576862
181635161902259 181635163953284 0 -0.081824824 -0.032558613 0.009642094
181635172017728 181635175059848 0 -0.091412246 -0.024036422 0.0075115375
181635182133249 181635185141828 0 -0.10419546 -0.018710023 0.0075115077
181635192248717 181635194264329 0 -0.10845656 -0.0037962515 0.0011198958
181635202364238 181635204559434 0 -0.089281864 0.017509101 -0.01592435
181635212479707 181635214717092 0 -0.057324007 0.029227082 -0.030838069
181635222595228 181635229567614 0 -0.025366148 0.024966111 -0.041490737
181635232710749 181635234993812 0 -0.012583036 0.011117768 -0.022316024
181635242826217 181635244765584 0 -0.012583084 -0.0091221575 -0.0042065727
181635252941738 181635255179387 0 -0.013648397 -0.027231555 0.0139028765
181635263057207 181635265134284 0 -0.03175793 -0.040014632 0.027751273
181635273172728 181635275421160 0 -0.051997982 -0.044275604 0.03307756
181635283288197 181635285352307 0 -0.062650666 -0.038949206 0.037338585
181635293403717 181635295519235 0 -0.0658465 -0.022970172 0.04159961
181635303519238 181635305322048 0 -0.07223813 -0.0048606093 0.037338525
181635313634707 181635315908195 0 -0.08608661 0.01537948 0.023490068
181635323750228 181635329213093 0 -0.097804554 0.024966935 0.007511084
181635333865697 181635336095229 0 -0.098869875 0.02283649 -0.005272109
181635343981217 181635345677625 0 -0.102065705 0.010053409 -0.0042068753
181635354096686 181635356272679 0 -0.120175235 -0.009121252 0.0011194116
181635364212207 181635366287263 0 -0.1521332 -0.032556966 0.0107067535
181635374327728 181635376534920 0 -0.18728694 -0.05279689 0.019228831
181635384443197 181635386106796 0 -0.22883226 -0.074102074 0.0309467
181635394558717 181635485893316 0 -0.2810302 -0.09753779 0.035207722
181635404674186 181635485904306 0 -0.33216292 -0.09753771 0.038403485
181635414789707 181635485911337 0 -0.3641209 -0.07729762 0.029881345
181635424905176 181635485917535 0 -0.37477356 -0.05279648 0.021359207
181635435020697 181635485923681 0 -0.38542625 -0.030425863 0.008576015
181635445136217 181635485930035 0 -0.41844946 -0.034686834 0.010706511
181635455251686 181635485935869 0 -0.47064742 -0.020838328 0.04692544
181635465367207 181635485941389 0 -0.5430854 0.00792387 0.07888331
181635483096894 181635490649202 0 -0.71885395 0.0036629606 0.04106641
181635493211634 181635506538266 0 -0.73270243 0.020707259 0.038935855
181635503326322 181635508035610 0 -0.7417572 0.030827343 0.03627266
181635513441061 181635517917018 0 -0.7513447 0.060122177 0.043196846
181635523555749 181635529248425 0 -0.7833026 0.101134904 0.06290419
181635533670436 181635539334520 0 -0.83177215 0.14427815 0.08740522
181635543785176 181635548979000 0 -0.87278485 0.18742141 0.108177826
181635553899863 181635559060824 0 -0.88183963 0.24015203 0.10977569
181635564014551 181635569284471 0 -0.84562075 0.25772896 0.08793776
181635574129290 181635579778378 0 -0.7907597 0.24121746 0.0421314
181635584243978 181635589469681 0 -0.7364313 0.21565123 -0.0047402256
181635594358665 181635600418588 0 -0.7140608 0.18156287 -0.04468764
181635604473405 181635610578277 0 -0.7193872 0.12137557 -0.06759083
181635614588092 181635620976090 0 -0.74814934 0.06651458 -0.07344981
181635624702780 181635632681456 0 -0.79395574 0.02124096 -0.072917216
181635634817519 181635640774426 0 -0.847219 -0.017641075 -0.07611303
181635644932207 181635652428437 0 -0.89089483 -0.030424155 -0.08037412
181635655046947 181635660745313 0 -0.9233854 -0.027228283 -0.07717836
181635665161634 181635670982397 0 -0.93190753 -0.0053902976 -0.062264696
181635675276322 181635680784534 0 -0.9191244 0.04201401 -0.06759104
181635685391061 181635691383858 0 -0.8988844 0.084092 -0.08090687
181635695505749 181635701369900 0 -0.8850361 0.11125631 -0.093157426
181635705620436 181635711120214 0 -0.89355826 0.1400185 -0.104875356
181635715735176 181635723317194 0 -0.9020804 0.15653017 -0.11819118
181635725849863 181635733086987 0 -0.91060257 0.14960603 -0.13417017
181635735964551 181635741871988 0 -0.9111352 0.15120402 -0.14855126
181635746079290 181635751870374 0 -0.92072266 0.13895357 -0.17837867
181635756193978 181635762933917 0 -0.982508 0.122974694 -0.20767343
181635766308665 181635772430793 0 -1.1220576 0.078766346 -0.20021662
181635776423405 181635783499127 0 -1.2307146 -0.016042028 -0.18104191
181635786538092 181635791663399 0 -1.2616072 -0.05971775 -0.15227982
181635796652832 181635802223244 0 -1.2189966 -0.07782714 -0.12511563
181635806767519 181635814025432 0 -1.1572115 -0.08475128 -0.098484084
181635816882207 181635823158298 0 -1.1146009 -0.043738548 -0.070787266
181635826996947 181635834550591 0 -1.1012852 0.071842626 -0.07664624
181635837111634 181635842994394 0 -1.1470916 0.14854169 -0.10860418
181635847226322 181635853161113 0 -1.23178 0.14587861 -0.13257264
181635857341061 181635864471687 0 -1.330317 0.09794183 -0.12351793
181635867455749 181635872924709 0 -1.4155381 0.028699782 -0.085168466
181635877570436 181635884660283 0 -1.475193 -0.06664122 -0.035633747
181635887685176 181635893217472 0 -1.5028899 -0.16997169 0.009639924
181635897799863 181635913071640 0 -1.483715 -0.26797587 0.0533157
181635907914551 181635913082265 0 -1.4421699 -0.35159898 0.09166515
181635918029290 181635923282631 0 -1.4171363 -0.36065364 0.11030723
181635928143978 181635932531590 0 -1.4389744 -0.28342193 0.085806146
181635938258717 181635942905497 0 -1.4810522 -0.19926605 0.015498724
181635948373405 181635952900863 0 -1.4949007 -0.15186173 -0.053210806
181635958488092 181635963481958 0 -1.455486 -0.14866585 -0.09582138
181635968602832 181635972886698 0 -1.3968965 -0.15718788 -0.10753931
181635978717519 181635984433783 0 -1.3319156 -0.16304675 -0.109669864
181635988832207 181635998284565 0 -1.2695976 -0.17955825 -0.104876205
181635998946790 181636003515243 0 -1.2269871 -0.18381922 -0.08783202
181636009061009 181636021224099 0 -1.215802 -0.16464439 -0.059602566
181636019175280 181636023888214 0 -1.2264546 -0.15079588 -0.012731003
181636029289499 181636036386392 0 -1.2221937 -0.12949052 0.044260565
181636039403769 181636047391497 0 -1.1859747 -0.13428414 0.10817635
181636049518040 181636054833321 0 -1.1375053 -0.13747984 0.15611318
181636059632259 181636065445770 0 -1.0879705 -0.14067554 0.18700579
181636069746530 181636075349573 0 -1.0586758 -0.13162073 0.17635313
181636079860749 181636085448637 0 -1.0442948 -0.10339117 0.13534045
181636089975019 181636096417336 0 -1.0363054 -0.0969995 0.08047934
181636100089290 181636105183586 0 -1.048556 -0.08581415 0.03094456
181636110203509 181636115642598 0 -1.1236571 -0.023496155 -0.013796538
181636120317780 181636125588797 0 -1.2573477 0.06012711 -0.047352374
181636130431999 181636135722912 0 -1.4112784 0.13629355 -0.063863985
181636140546269 181636146062132 0 -1.5396426 0.1208473 -0.08463666
181636150660540 181636156009060 0 -1.6339185 0.019647349 -0.130443
181636160774759 181636166210103 0 -1.7372491 -0.07569365 -0.18370622
181636170889030 181636175237239 0 -1.9668134 -0.12096727 -0.21087047
181636181003301 181636186141876 0 -2.0461755 0.07876973 -0.21513157
181636191117519 181636197329898 0 -1.930062 0.2097972 -0.16612947
181636201231790 181636206556826 0 -1.75962 0.19222045 -0.10700737
181636211346009 181636216047295 0 -1.5929062 -0.024560593 -0.061201066
181636221460280 181636226826724 0 -1.4863799 -0.19766584 -0.033504248
181636231574551 181636236778860 0 -1.4011588 -0.28555 -0.0042095296
181636241688769 181636247384278 0 -1.3462977 -0.35852045 -0.027112726
181636251803040 181636256883706 0 -1.3532221 -0.30632246 -0.07824541
181636261917259 181636267128811 0 -1.3761253 -0.24240658 -0.10913808
181636272031530 181636277208395 0 -1.3841147 -0.18967596 -0.11499706
181636282145801 181636287494021 0 -1.3649402 -0.11244426 -0.09848551
181636292260019 181636298521210 0 -1.3047528 -0.07302943 -0.07078868
181636302374290 181636307755898 0 -1.2094119 -0.07143145 -0.03989607
181636312488509 181636317703660 0 -1.1087444 -0.10338928 -0.0047424035
181636322602780 181636327946473 0 -1.0038159 -0.14280394 0.02029126
181636332717051 181636338703818 0 -0.89942026 -0.19020808 0.019758597
181636342831269 181636348639809 0 -0.81473184 -0.2136438 -0.006340389
181636352945540 181636358077310 0 -0.76413184 -0.18754476 -0.045222536
181636363059759 181636368441634 0 -0.7556098 -0.13055308 -0.09955101
181636373174030 181636377751009 0 -0.7960898 -0.07462666 -0.16346684
181636383288301 181636387888458 0 -0.8749194 -0.0064497152 -0.20927322
181636393402519 181636398871324 0 -0.96919525 0.053205125 -0.23270904
181636403516790 181636408802106 0 -1.0496228 0.056400996 -0.25135118
181636413631009 181636418224191 0 -1.0927659 0.012192644 -0.25880808
181636423745280 181636429152265 0 -1.0746565 -0.03467887 -0.2422965
181636433859551 181636439125807 0 -1.016067 -0.07462617 -0.19382703
181636443973769 181636449483673 0 -0.936705 -0.062375557 -0.1341723
181636454088040 181636458722163 0 -0.8637345 -0.043733362 -0.09156181
181636464202259 181636469209977 0 -0.8131345 -0.052255385 -0.08197446
181636474316530 181636479378676 0 -0.7662593 -0.048532948 -0.098483846
181636484430801 181636489874041 0 -0.7129926 -0.0943453 -0.107536376
181636494545019 181636499530761 0 -0.6560011 -0.116183184 -0.08836164
181636504659811 181636509305137 0 -0.586759 -0.09647579 -0.056403745
181636514774759 181636519471180 0 -0.51219046 -0.050136797 -0.035098482
181636524889707 181636531136598 0 -0.46212313 0.0015285024 -0.028174277
181636535004655 181636586116030 0 -0.46691683 0.058520123 -0.02071744
181636545119603 181636586125457 0 -0.4978095 0.09473911 -0.00899955
181636555234551 181636586136655 0 -0.5239085 0.09953281 0.0021857088
181636565349499 181636586143426 0 -0.5207127 0.10006547 0.017632023
181636575464447 181636586149676 0 -0.4876895 0.10006549 0.030947808
181636585579394 181636593766864 0 -0.4322958 0.108054996 0.033610955
181636595694290 181636601146553 0 -0.38063055 0.11710975 0.019229893
181636605809238 181636611280616 0 -0.35346633 0.13468662 -0.0068690726
181636615924186 181636620692023 0 -0.34494424 0.12616454 -0.03722909
181636626039134 181636632168743 0 -0.32417163 0.09260876 -0.060132265
181636636154082 181636641553848 0 -0.27623478 0.060118243 -0.054805957
181636646269030 181636651743953 0 -0.2037969 0.05692248 -0.024445955
181636656383978 181636661046246 0 -0.12496739 0.06650987 0.022958264
181636666498926 181636671958330 0 -0.05039896 0.061716206 0.064503536
181636676613874 181636682190571 0 0.020973684 0.04573728 0.09273301
181636686728822 181636692147707 0 0.08222632 0.026029926 0.10977722
181636696843769 181636701759896 0 0.12536949 0.021236263 0.1262888
181636706958665 181636712093282 0 0.15413159 0.021768916 0.13587616
181636717073613 181636722407554 0 0.16478421 0.021236308 0.12788667
181636727188561 181636732631774 0 0.15306629 0.0068552727 0.10551613
181636737303509 181636741861567 0 0.12696733 -0.011786817 0.08527611
181636747418457 181636753539224 0 0.102466255 -0.02936364 0.08208032
181636757533405 181636762684173 0 0.07743254 -0.03362467 0.08740662
181636767648353 181636772889747 0 0.061986208 -0.017645698 0.095396094
181636777763301 181636782440894 0 0.04494198 -0.010188831 0.099124506
181636787878249 181636792757926 0 0.017245116 0.0052575134 0.10018976
181636797993197 181636803368969 0 -0.004592801 0.016975436 0.0959287
181636808108092 181636812885324 0 -0.011517027 0.01164914 0.089537114
181636818223040 181636822669231 0 0.0012661214 9.965273E-4 0.08634131
181636828337988 181636833229544 0 0.033224013 -0.0048624 0.0863413
181636838452936 181636843776889 0 0.0667798 -0.017112907 0.083678134
181636848567884 181636853368869 0 0.090215586 -0.018178148 0.07462339
181636858682832 181636863135902 0 0.09181347 -0.011253912 0.058644425
181636868797780 181636873599548 0 0.0859545 0.010584013 0.047459148
181636878912728 181636883545227 0 0.08116081 0.023899829 0.03148019
181636889027676 181636893785332 0 0.081693426 0.027628275 0.011772806
181636899142624 181636904506479 0 0.083823934 0.030824088 0.0021854262
181636909257572 181636913953302 0 0.0800955 0.03615043 0.006446472
181636919372467 181636924112210 0 0.08116075 0.028693605 0.0064464635
181636929487415 181636934139971 0 0.094476536 0.027628366 0.0037832963
181636939602363 181636944771326 0 0.10512915 0.023899965 0.0032506562
181636949717311 181636954562109 0 0.10033545 0.032422096 0.011772756
181636959832259 181636965418620 0 0.065714374 0.03615054 0.02455591
181636969947207 181636974618204 0 0.0065922374 0.035617933 0.017099056
181636980062155 181636984868466 0 -0.047203586 0.01910637 0.0032506231
181636990177103 181636994760915 0 -0.06957413 9.969121E-4 -0.023380974
181637000292051 181637004971228 0 -0.05679098 -0.012851491 -0.041490465
181637010406999 181637015523573 0 -0.018441508 -0.0101883095 -0.04841468
181637020521999 181637025283522 0 0.022038491 -0.012851446 -0.043088377
181637030636999 181637035530085 0 0.04121322 -0.016579846 -0.041490488
181637040751947 181637045676388 0 0.040147945 -0.0245693 -0.037762072
181637050866947 181637055836598 0 0.031625822 -0.014449273 -0.02284839
181637060981947 181637065908734 0 0.023103703 0.013780233 -0.008467343
181637071096894 181637075958996 0 0.02363632 0.036683425 -0.011663141
181637081211894 181637086065299 0 0.034288943 0.045205552 -0.030837893
181637091326894 181637096194987 0 0.041745774 0.038281363 -0.04841475
181637101441842 181637105847905 0 0.046006814 0.03721612 -0.056404233
181637111556842 181637116693948 0 0.041745745 0.028694035 -0.06599161
181637121671842 181637126960147 0 0.024701517 -0.005394374 -0.08197057
181637131786790 181637136473741 0 0.003928865 -0.034156468 -0.09209059
181637141901790 181637146224315 0 7.330612E-4 -0.04480908 -0.09368849
181637152016790 181637156758431 0 0.011385683 -0.04587432 -0.09049271
181637162131738 181637166556036 0 0.036951993 -0.043743767 -0.08836219
181637172246738 181637177200100 0 0.06677936 -0.035221636 -0.090492725
181637182361738 181637186685569 0 0.08382356 -0.014448978 -0.09475379
181637192476686 181637197392081 0 0.084888816 -0.010720533 -0.10008012
181637202591686 181637207604478 0 0.071573004 -0.01657946 -0.10913486
181637212706686 181637217734999 0 0.054528777 -0.028829968 -0.117656976
181637222821634 181637227301875 0 0.040680334 -0.0448089 -0.12298331
181637232936634 181637238179012 0 0.028429791 -0.034688875 -0.13044015
181637243051634 181637248065575 0 0.014581353 -0.01391621 -0.1341686
181637253166582 181637259324899 0 -8.649817E-4 0.00951961 -0.14162543
181637263281582 181637268868234 0 -0.014180789 0.019639635 -0.16878967
181637273396582 181637279355995 0 -0.017376592 0.010584918 -0.19648653
181637283511530 181637289368132 0 -0.0040608128 -0.011785594 -0.21992233
181637293626530 181637299883028 0 0.020440236 -0.030427683 -0.23110761
181637303741530 181637309603446 0 0.046006545 -0.05013503 -0.23909709
181637313856478 181637319894176 0 0.052930743 -0.045873955 -0.24655396
181637323971478 181637329823969 0 0.044408627 -0.045873933 -0.2588045
181637334086478 181637339897512 0 0.02896229 -0.047471806 -0.27265292
181637344201426 181637349945221 0 0.009254901 -0.040547572 -0.2833056
181637354316426 181637360056889 0 0.006059097 -0.02563386 -0.29821926
181637364431426 181637370112150 0 0.030027512 -0.016579097 -0.32058978
181637374546374 181637380162672 0 0.06784436 -0.015513811 -0.3440256
181637384661374 181637392429131 0 0.09767172 -0.027231688 -0.35787404
181637394776374 181637401732726 0 0.09980223 -0.046939038 -0.36799407
181637404891322 181637410640956 0 0.06518115 -0.07729903 -0.3791793
181637415006322 181637420933301 0 0.016711652 -0.09114743 -0.3978215
181637425121322 181637430482729 0 -0.022703111 -0.09487583 -0.41912675
181637435236269 181637440837365 0 -0.040812604 -0.0895495 -0.440432
181637445351269 181637451031429 0 -0.03175788 -0.075168416 -0.46440044
181637455466269 181637462441274 0 -0.008854726 -0.075168386 -0.48570573
181637465581269 181637470947525 0 0.030560011 -0.078364156 -0.5016847
181637475696217 181637481141796 0 0.06571173 -0.08901345 -0.50594693
181637485811217 181637490914454 0 0.08541907 -0.10552497 -0.50701225
181637495926217 181637502637372 0 0.08968009 -0.1252323 -0.51819754
181637506040957 181637511148727 0 0.07956006 -0.14813541 -0.53630704
181637516155749 181637521454300 0 0.06944002 -0.17529957 -0.5602755
181637526270488 181637531473885 0 0.0662442 -0.1816911 -0.58424395
181637536385280 181637542265709 0 0.067309424 -0.1710384 -0.59702706
181637546500019 181637552027272 0 0.07050518 -0.15559202 -0.60608184
181637556614811 181637561690763 0 0.077961996 -0.12949301 -0.6151366
181637566729551 181637571800816 0 0.081690386 -0.12097085 -0.62312615
181637576844342 181637582576338 0 0.0758314 -0.117775 -0.62951773
181637586959082 181637592464203 0 0.06198294 -0.12256863 -0.63910514
181637597073874 181637602109413 0 0.0651787 -0.14440648 -0.6486925
181637607188613 181637612408997 0 0.081157625 -0.16997275 -0.6620084
181637617303405 181637622541029 0 0.09660391 -0.1902127 -0.67106307
181637627418144 181637633581239 0 0.10459335 -0.21364844 -0.6795852
181637637532936 181637643081188 0 0.10778911 -0.22643155 -0.6891726
181637647647676 181637652571449 0 0.11524592 -0.24081254 -0.7062168
181637657762467 181637663017075 0 0.12962693 -0.25039986 -0.7174021
181637667877207 181637672578378 0 0.14027955 -0.25253034 -0.72432643
181637677991999 181637682619942 0 0.13761637 -0.2530629 -0.7253917
181637688106738 181637692793484 0 0.13655105 -0.24241021 -0.7344464
181637698221530 181637702874527 0 0.13868155 -0.23868173 -0.75202334
181637708336269 181637712901247 0 0.12962678 -0.24027959 -0.7706654
181637718451061 181637723702498 0 0.11844148 -0.25039953 -0.7797202
181637728565801 181637734479061 0 0.12003934 -0.25998682 -0.7850466
181637738680592 181637743695677 0 0.1317572 -0.26584575 -0.7855792
181637748795332 181637753439949 0 0.12856138 -0.261052 -0.78877497
181637758910124 181637764712554 0 0.11844134 -0.2589214 -0.80528665
181637769024863 181637775239899 0 0.11524552 -0.26371503 -0.8372445
181637779139655 181637785382608 0 0.1104518 -0.28075922 -0.8750614
181637789254394 181637793846359 0 0.117375985 -0.31431496 -0.891573
181637799369186 181637805067245 0 0.12749594 -0.3345549 -0.9048888
181637809483926 181637815687871 0 0.13814855 -0.3526643 -0.9272593
181637819598717 181637824824591 0 0.14187694 -0.36225164 -0.95495623
181637829713457 181637836799019 0 0.14027901 -0.35799053 -0.9858489
181637839828249 181637845284749 0 0.13655056 -0.34414205 -1.0108826
181637849942988 181637855448969 0 0.13069157 -0.3254999 -1.026329
181637860057780 181637865676887 0 0.12909365 -0.32443458 -1.0401775
181637870172519 181637875400221 0 0.12057151 -0.34254396 -1.0556238
181637880287311 181637886153399 0 0.10991883 -0.35426182 -1.0716027
181637890402051 181637896567098 0 0.10565775 -0.3750344 -1.0854511
181637900516842 181637906237047 0 0.09820087 -0.38568696 -1.1142132
181637910631582 181637916169704 0 0.09287452 -0.4224385 -1.1445733
181637920746374 181637926567257 0 0.088613436 -0.44480902 -1.1717377
181637930861113 181637937388925 0 0.08648287 -0.44214576 -1.2100871
181637940975905 181637945842780 0 0.08275442 -0.44587415 -1.2500346
181637951090644 181637957096948 0 0.05399227 -0.44640672 -1.2894492
181637961205436 181637968762210 0 0.0071206396 -0.4421456 -1.3352556
181637971320176 181637976705179 0 -0.04347941 -0.4464066 -1.385323
181637981434967 181637985859607 0 -0.07277419 -0.4357539 -1.4423146
181637991549707 181637996060025 0 -0.07650265 -0.41764438 -1.4971757
181638001664655 181638006973151 0 -0.03868582 -0.39367592 -1.5440474
181638011779707 181638019118308 0 0.025762588 -0.35958743 -1.58506
181638021894811 181638027651955 0 0.098733105 -0.36651158 -1.6122242
181638032009863 181638037263987 0 0.14986573 -0.37716416 -1.6116917
181638042124967 181638047492009 0 0.16744253 -0.38568622 -1.6053001
181638052240019 181638060432115 0 0.15039828 -0.40592617 -1.6148875
181638062355124 181638069354199 0 0.105124556 -0.42882925 -1.632997
181638072470176 181638078480814 0 0.041208707 -0.44800395 -1.6537696
181638082585280 181638089129617 0 -0.02004398 -0.46451548 -1.6638896
181638092700332 181638098649879 0 -0.072241925 -0.45972174 -1.6532371
181638102815436 181638108299828 0 -0.108993545 -0.44161218 -1.6388559
181638112930488 181638119601027 0 -0.1361578 -0.4304269 -1.6239424
181638123045592 181638128767955 0 -0.1457452 -0.43681842 -1.6260729
181638133160644 181638137947591 0 -0.12870103 -0.44107938 -1.6271381
181638143275749 181638149297228 0 -0.084492624 -0.43575302 -1.6196814
181638153390801 181638159238218 0 -0.012587368 -0.44906873 -1.6111593
181638163505905 181638170663011 0 0.0561221 -0.45386237 -1.5935824
181638173621009 181638178795199 0 0.095004186 -0.46558025 -1.5765382
181638183736061 181638188531711 0 0.09287362 -0.4826244 -1.5738751
181638193851165 181638201073847 0 0.06730726 -0.4970054 -1.5871909
181638203966217 181638209641400 0 0.032153536 -0.5172453 -1.6100941
181638214081322 181638219882287 0 1.9559637E-4 -0.54654 -1.6372583
181638224196374 181638229883694 0 -0.025903393 -0.5769 -1.6505742
181638234311478 181638239858799 0 -0.044012904 -0.601401 -1.6468458
181638244426530 181638249371300 0 -0.050937153 -0.6301631 -1.6425847
181638254541634 181638259442447 0 -0.041349813 -0.65093565 -1.6425847
181638264656686 181638271090104 0 -0.021109842 -0.65892506 -1.6468458
181638274771790 181638280637970 0 0.007652242 -0.65839237 -1.6559006
181638284886842 181638291095992 0 0.039610118 -0.63442385 -1.6766732
181638295001947 181638300140003 0 0.063578516 -0.6131185 -1.6883912
181638305116999 181638310292452 0 0.08009006 -0.56944275 -1.6793364
181638315232103 181638320675526 0 0.08009003 -0.5252342 -1.6633575
181638325347155 181638331478079 0 0.06890473 -0.50659204 -1.6580312
181638335462259 181638340385320 0 0.03960995 -0.5002004 -1.6628249
181638345577311 181638350690737 0 0.0033909553 -0.5156467 -1.6766734
181638355692415 181638361622822 0 -0.037089095 -0.5433434 -1.6862607
181638365807519 181638372396573 0 -0.06585124 -0.55133283 -1.681467
181638375922572 181638380817615 0 -0.0562639 -0.5460065 -1.6713471
181638386037676 181638390899960 0 -0.020044975 -0.52416855 -1.6500418
181638396152728 181638403632982 0 0.021500269 -0.48848218 -1.6143556
181638406267832 181638411795431 0 0.039077085 -0.45758945 -1.565886
181638416382884 181638421624963 0 0.004988618 -0.43149042 -1.5232756
181638426497988 181638432044547 0 -0.05306828 -0.4213704 -1.4929156
181638436613040 181638442729080 0 -0.12763676 -0.41764194 -1.4721429
181638446728144 181638455491685 0 -0.19261786 -0.41710925 -1.4529684
181638456843197 181638461803977 0 -0.22990212 -0.40911973 -1.4327283
181638466958301 181638471908614 0 -0.22138005 -0.39473855 -1.4162166
181638477073353 181638482137938 0 -0.16598082 -0.37983423 -1.3965058
181638487188457 181638492565491 0 -0.09194496 -0.37237746 -1.3714721
181638497303457 181638503699086 0 -0.02110492 -0.36971432 -1.3293942
181638507418197 181638512866639 0 0.020973012 -0.36279017 -1.2601521
181638517532884 181638523040546 0 0.022038298 -0.3382891 -1.1802573
181638527647624 181638532803932 0 -0.005658531 -0.32017967 -1.1136785
181638537762311 181638542922683 0 -0.052530106 -0.32071236 -1.0572193
181638547877051 181638554164403 0 -0.09833641 -0.32923448 -1.011413
181638557991738 181638563169717 0 -0.13988167 -0.34468085 -0.9741287
181638568106478 181638573508624 0 -0.17343745 -0.3643883 -0.94110554
181638578221165 181638582850812 0 -0.1931448 -0.37930202 -0.91553926
181638588335905 181638593596491 0 -0.20219952 -0.39474836 -0.8899729
181638598450592 181638604174825 0 -0.19634053 -0.4048684 -0.8484276
181638608565332 181638613514722 0 -0.17343736 -0.3840958 -0.8106107
181638618680019 181638624726337 0 -0.14840364 -0.36545372 -0.78078336
181638628794759 181638633643474 0 -0.14787099 -0.3457464 -0.74722755
181638638909447 181638644068475 0 -0.16012149 -0.31591904 -0.714737
181638649024186 181638654592851 0 -0.18675306 -0.2775696 -0.66413695
181638659138874 181638664127018 0 -0.20006883 -0.24135068 -0.6066127
181638669253613 181638674419728 0 -0.18302459 -0.20406649 -0.5453601
181638679368301 181638684231187 0 -0.13934876 -0.17690232 -0.47025892
181638689483040 181638696656501 0 -0.07703082 -0.15985814 -0.38024417
181638699597728 181638706205148 0 -0.004060247 -0.14281395 -0.2870336
181638709712467 181638714247909 0 0.06784506 -0.13695505 -0.20767143
181638719827155 181638725078170 0 0.13495669 -0.13269404 -0.14162508
181638729941894 181638734656973 0 0.18928516 -0.13375935 -0.088361904
181638740056582 181638746688120 0 0.23029782 -0.14068359 -0.046816602
181638750171322 181638756139476 0 0.25426626 -0.14760783 -0.01379342
181638760286009 181638765625935 0 0.26545155 -0.1529342 0.011772918
181638770400749 181638775866248 0 0.25426632 -0.14654265 0.027751885
181638780515436 181638787685520 0 0.21858001 -0.11831321 0.034676112
181638790630176 181638795862917 0 0.17117581 -0.08209429 0.028284546
181638800744863 181638806165001 0 0.1269674 -0.036288 0.018697187
181638810859603 181638815841825 0 0.086487405 0.011648822 0.0085772
181638820974290 181638825750055 0 0.05026847 0.049465638 5.877367E-4
181638831089030 181638838132244 0 0.031093746 0.0729014 -0.010597516
181638841203717 181638846310005 0 0.044409566 0.07290136 -0.02551119
181638851318457 181638856415006 0 0.08542223 0.059052892 -0.039359603
181638861433144 181638865945893 0 0.1546644 0.044671796 -0.047349066
181638871547884 181638876686050 0 0.24680969 0.047334917 -0.039359577
181638881662572 181638887868291 0 0.3437487 0.062248565 -0.024978504
181638891777311 181638897987146 0 0.4087298 0.07290116 0.028284688
181638901891999 181638906621418 0 0.40553403 0.09047797 0.098592095
181638912006738 181638916821471 0 0.32404143 0.09527162 0.1539858
181638922121426 181638927927253 0 0.19248137 0.08142316 0.18594372
181638932236165 181638938120535 0 0.059856094 0.05745469 0.19180271
181638942350853 181638947610536 0 -0.024832334 0.0297578 0.18221533
181638952465592 181638957477204 0 -0.03069126 0.0031261712 0.1694322
181638962580280 181638968757726 0 0.036952995 -0.010189662 0.16304062
181638972695019 181638978863612 0 0.1424141 0.0057892525 0.17262802
181638982809707 181638987996322 0 0.24947312 0.0340187 0.17795435
181638992924447 181638998972781 0 0.31978053 0.06118288 0.16730171
181639003039394 181639009425647 0 0.32990056 0.08035758 0.14120278
181639013154499 181639019592835 0 0.28036582 0.09154281 0.10658173
181639023269603 181639029180597 0 0.19621003 0.091010146 0.0655691
181639033384759 181639039466118 0 0.10299949 0.06704167 0.021360675
181639043499863 181639049573255 0 0.014050012 0.03827952 -0.012195112
181639053614967 181639059688308 0 -0.06957315 0.002593152 -0.034033
181639063730072 181639069186330 0 -0.13242368 -0.02297321 -0.048946675
181639073845176 181639079319456 0 -0.16225103 -0.0389522 -0.0580014
181639083960280 181639090009873 0 -0.15106574 -0.04481119 -0.06386034
181639094075436 181639100001281 0 -0.10632466 -0.040017545 -0.054805584
181639104190540 181639110073469 0 -0.03974566 -0.016049154 -0.032435037
181639114305644 181639121998522 0 0.017245963 0.02709398 5.881493E-4
181639124420749 181639130404513 0 0.053997576 0.08621607 0.030948175
181639134535853 181639140352795 0 0.06891129 0.13788131 0.046927143
181639144650957 181639150283317 0 0.060389206 0.16344759 0.06077558
181639154766113 181639160845505 0 0.025768165 0.16983914 0.07622192
181639164881217 181639172309882 0 -0.016842354 0.1565233 0.08687457
181639174996322 181639181065924 0 -0.04720234 0.12296747 0.08527668
181639185111426 181639190359050 0 -0.06957285 0.08195478 0.07249354
181639195226530 181639201163009 0 -0.071170725 0.055323154 0.062373545
181639205341634 181639210972802 0 -0.05732228 0.03188732 0.05278619
181639215456738 181639222187491 0 -0.036016986 0.024963066 0.038937777
181639225571894 181639231167075 0 -0.014711689 0.024430398 0.02295884
181639235686999 181639241051607 0 0.006060972 0.021767199 0.0064472696
181639245802103 181639250844004 0 0.021507315 0.0308219 -0.0047379835
181639255917207 181639261365255 0 0.03322524 0.040941864 -0.008466391
181639266032311 181639272008694 0 0.03908421 0.0270934 -0.010596905
181639276147415 181639282035413 0 0.033757914 -6.0349004E-4 -0.021782158
181639286262572 181639291874789 0 0.024170566 -0.009658269 -0.024977934
181639296377676 181639301979478 0 0.012452691 -0.006462517 -0.027108446
181639306492780 181639311772031 0 2.0218268E-4 -0.005397292 -0.03296738
181639316607884 181639322594011 0 -0.0072546387 0.008983727 -0.041489474
181639326722988 181639332020106 0 -8.630352E-4 0.007918425 -0.04361999
181639336838092 181639342866409 0 0.013518046 -0.011256358 -0.045750502
181639346953249 181639352163910 0 0.038551763 -0.020311136 -0.044685222
181639357068353 181639362540421 0 0.06305285 -0.020843808 -0.046283104
181639367183457 181639372797349 0 0.0635855 -0.017648054 -0.051076777
181639377298561 181639382558184 0 0.04068236 0.0015266498 -0.058000978
181639387413665 181639393163445 0 0.018844478 0.021766618 -0.06172938
181639397528769 181639402431102 0 0.009257128 0.035615005 -0.06918621
181639407643926 181639414141156 0 0.014583469 0.03188654 -0.07291462
181639417759030 181639423274959 0 0.019377178 0.0052549173 -0.07397987
181639427874134 181639432755637 0 0.014583515 -0.034159873 -0.07451249
181639437989238 181639443461263 0 0.004463535 -0.06185676 -0.08569774
181639448104342 181639456698087 0 -0.0013953918 -0.06878102 -0.11445984
181639458219447 181639463101525 0 -8.627372E-4 -0.05333473 -0.14695036
181639468334603 181639473219287 0 0.008724658 -0.02883371 -0.16985351
181639478449707 181639484765173 0 0.02150238 -0.0043234574 -0.17678112
181639488564811 181639494178976 0 0.03694867 0.016449235 -0.17731375
181639498679811 181639503545592 0 0.042807586 0.02284087 -0.18317273
181639508794655 181639514310489 0 0.04493808 0.02443882 -0.19222748
181639518909551 181639524458771 0 0.048133843 0.00792729 -0.19915172
181639529024394 181639535497262 0 0.045470648 -0.0107147675 -0.20074964
181639539139238 181639545209971 0 0.033220086 -0.025095772 -0.20394544
181639549254134 181639554630493 0 0.023632683 -0.032552563 -0.22045705
181639559368978 181639564828514 0 0.02363265 -0.034683034 -0.25188234
181639569483874 181639574717318 0 0.03854631 -0.037878774 -0.29396027
181639579598717 181639585357891 0 0.060384177 -0.05385767 -0.32911402
181639589713561 181639595452736 0 0.08009152 -0.06451025 -0.36053926
181639599828457 181639607165654 0 0.0886136 -0.07995652 -0.3887688
181639609943301 181639616071749 0 0.09234199 -0.08741331 -0.42338985
181639620058144 181639625404718 0 0.08435248 -0.091674305 -0.4516194
181639630173040 181639635594667 0 0.06784086 -0.094870046 -0.47345728
181639640287884 181639645977585 0 0.05825346 -0.10445736 -0.49636048
181639650402780 181639657292951 0 0.06890607 -0.124164686 -0.5107416
181639660517624 181639666652483 0 0.08914603 -0.14760043 -0.5261879
181639670632467 181639677276390 0 0.10885338 -0.17369932 -0.5395037
181639680747363 181639686310974 0 0.11844072 -0.20299402 -0.5624069
181639690862207 181639696227903 0 0.10885331 -0.22909293 -0.5922343
181639700977051 181639706973737 0 0.0907438 -0.25519183 -0.6343123
181639711091947 181639716797748 0 0.07796061 -0.28981286 -0.68224907
181639721206790 181639727149885 0 0.06624268 -0.32762963 -0.7376429
181639731321686 181639737186448 0 0.061981596 -0.35692433 -0.7839818
181639741436530 181639747002126 0 0.06624261 -0.36597902 -0.8287229
181639751551374 181639757178534 0 0.06784048 -0.36757687 -0.87506187
181639761666269 181639767163014 0 0.055057283 -0.35852206 -0.919803
181639771781113 181639777460567 0 0.034817245 -0.35053253 -0.96827245
181639781895957 181639787777964 0 0.022566682 -0.33881456 -1.0220684
181639792010853 181639797484996 0 0.027892968 -0.3334882 -1.0694726
181639802125697 181639807587184 0 0.046002414 -0.32709658 -1.1131483
181639812240540 181639817811196 0 0.05985081 -0.33774915 -1.1653463
181639822355436 181639828498697 0 0.069438145 -0.3590544 -1.2207401
181639832470280 181639838235260 0 0.06677496 -0.38302273 -1.2708075
181639842585176 181639848115834 0 0.040143337 -0.4016648 -1.313418
181639852700019 181639858579742 0 0.001793819 -0.40965423 -1.3618875
181639862814863 181639867767399 0 -0.028033594 -0.4251005 -1.4183465
181639872929759 181639878322348 0 -0.034425206 -0.43841624 -1.4689465
181639883044603 181639888856359 0 -0.02057681 -0.45066673 -1.5009044
181639893159447 181639897948339 0 0.009783166 -0.46131927 -1.5259383
181639903274342 181639909306257 0 0.05399157 -0.47836345 -1.550972
181639913389186 181639919069435 0 0.103526294 -0.48262447 -1.5696139
181639923504082 181639929374905 0 0.14134312 -0.47889596 -1.585593
181639933618926 181639938490114 0 0.14613676 -0.4719717 -1.6031699
181639943733769 181639949456365 0 0.11684199 -0.46824324 -1.6324646
181639953848665 181639959457981 0 0.060382992 -0.46504736 -1.6665531
181639963963509 181639969459596 0 0.0044566253 -0.4661126 -1.700109
181639974078353 181639978921420 0 -0.03016447 -0.4719715 -1.7320669
181639984193249 181639988850015 0 -0.028566608 -0.48795038 -1.760829
181639994308092 181639998957412 0 0.0028586336 -0.508723 -1.7805363
181640004422624 181640010234392 0 0.056121778 -0.5300282 -1.7826669
181640014537155 181640019339081 0 0.10885229 -0.5486703 -1.7821343
181640024651686 181640030202623 0 0.14187543 -0.5758344 -1.7816017
181640034766165 181640041378249 0 0.1450712 -0.59607434 -1.7821343
181640044880697 181640050834969 0 0.13282062 -0.6131185 -1.7874607
181640054995228 181640060074137 0 0.11364585 -0.61578166 -1.786928
181640065109707 181640070576950 0 0.087546855 -0.60619426 -1.7922544
181640075224238 181640080821639 0 0.05771945 -0.60619414 -1.8071682
181640085338769 181640091490598 0 0.0406752 -0.6221731 -1.8236797
181640095453249 181640100420234 0 0.0294899 -0.64667404 -1.8359302
181640105567780 181640111368933 0 0.033218294 -0.66904455 -1.8476481
181640115682311 181640121617372 0 0.044936158 -0.68555605 -1.8636272
181640125796790 181640131592008 0 0.057186656 -0.6919476 -1.8822693
181640135911322 181640142096905 0 0.059849784 -0.705796 -1.9062378
181640146025853 181640151741958 0 0.070502385 -0.7223075 -1.9227493
181640156140384 181640162178105 0 0.091275 -0.7292317 -1.9264778
181640166254863 181640172183002 0 0.12110234 -0.7271011 -1.9238147
181640176369394 181640181267013 0 0.15252759 -0.72497046 -1.9206188
181640186483926 181640192697796 0 0.1685065 -0.72869885 -1.9227494
181640196598405 181640202242380 0 0.16264752 -0.7350904 -1.935
181640206712936 181640213532954 0 0.12696117 -0.73562294 -1.9445873
181640216827467 181640222558997 0 0.073697954 -0.73082924 -1.9541748
181640226941947 181640232575925 0 0.024695797 -0.7223071 -1.9733496
181640237056478 181640242776655 0 0.009249445 -0.7089912 -2.0053074
181640247171009 181640252289416 0 0.03215258 -0.6967406 -2.0340695
181640257285488 181640262422386 0 0.07849151 -0.68608797 -2.0537767
181640267400019 181640272480929 0 0.12855887 -0.7010016 -2.0575054
181640277514551 181640283101867 0 0.15359253 -0.7239047 -2.0425916
181640287629030 181640292896347 0 0.12589565 -0.73029625 -2.0276783
181640297743561 181640302595463 0 0.030021891 -0.7143172 -2.0186234
181640307858092 181640313003329 0 -0.120712936 -0.6887508 -2.0287433
181640317972572 181640322841194 0 -0.2741109 -0.66957605 -2.0718865
181640328087103 181640333225206 0 -0.39395308 -0.6823591 -2.1315413
181640338201634 181640343336144 0 -0.43656367 -0.71644753 -2.176815
181640348316113 181640353352708 0 -0.37637633 -0.73562217 -2.1949246
181640358430644 181640363375886 0 -0.23522893 -0.7452095 -2.1650972
181640368545176 181640375407241 0 -0.06425416 -0.7132516 -2.1081057
181640378659655 181640383374950 0 0.061446913 -0.6488031 -2.0399287
181640388774186 181640393671462 0 0.09979637 -0.5737019 -1.9664257
181640398888717 181640403823077 0 0.03588052 -0.49966604 -1.8961183
181640409003197 181640414504953 0 -0.08982061 -0.43255442 -1.8359308
181640419117728 181640425416256 0 -0.20327121 -0.38887855 -1.7752109
181640429232259 181640434776153 0 -0.2480123 -0.360649 -1.6835983
181640439346790 181640444171310 0 -0.22351128 -0.3313542 -1.5547013
181640449461269 181640454583916 0 -0.15000813 -0.30951625 -1.4188802
181640459575801 181640465140167 0 -0.04188391 -0.31271198 -1.2814612
181640469690332 181640475396418 0 0.06091399 -0.3318867 -1.1339223
181640479804811 181640484751523 0 0.1381468 -0.35852033 -0.99170893
181640489919342 181640495287513 0 0.18448576 -0.40113083 -0.8771931
181640500033874 181640505318712 0 0.19886678 -0.45545924 -0.7999615
181640510148509 181640515414130 0 0.18768151 -0.5209729 -0.7637425
181640520263144 181640525790746 0 0.15891936 -0.5673119 -0.7525573
181640530377832 181640536416320 0 0.1296246 -0.58329076 -0.7541552
181640540492467 181640545769706 0 0.10725406 -0.57157284 -0.7557531
181640550607103 181640555743509 0 0.10299298 -0.52523386 -0.7456331
181640560721738 181640565887416 0 0.11684138 -0.44906747 -0.72858894
181640570836426 181640575725803 0 0.1408098 -0.35692215 -0.716871
181640580951061 181640585660804 0 0.14986452 -0.26584208 -0.70249
181640591065697 181640596864659 0 0.1498645 -0.2045894 -0.7035552
181640601180332 181640609172525 0 0.11737394 -0.15878302 -0.7046205
181640611295019 181640616868307 0 0.064643376 -0.1305535 -0.69609845
181640621409655 181640626267683 0 0.016706496 -0.12575978 -0.68704367
181640631524290 181640636798048 0 -0.006196688 -0.12629238 -0.6726627
181640641638926 181640646696695 0 -8.7038986E-4 -0.12256393 -0.6492269
181640651753613 181640657388415 0 0.028424338 -0.12362917 -0.6199321
181640661868249 181640667285187 0 0.075828545 -0.10498702 -0.57412577
181640671982884 181640677464563 0 0.1274938 -0.06770276 -0.5128732
181640682097519 181640687613366 0 0.17756116 -0.03894061 -0.45215315
181640692212155 181640698618784 0 0.21591064 -0.021363731 -0.3972921
181640702326842 181640707123524 0 0.2441401 -0.014439485 -0.34935525
181640712441478 181640719292171 0 0.26810852 -0.027222615 -0.3046142
181640722556113 181640728894724 0 0.2729022 -0.044266798 -0.2561447
181640732670749 181640739691131 0 0.2452053 -0.06716993 -0.21087104
181640742785436 181640748185091 0 0.17116949 -0.10232359 -0.16612998
181640752900072 181640760034206 0 0.061979946 -0.14014041 -0.12884578
181640763014707 181640769529051 0 -0.049340114 -0.15185827 -0.097420506
181640773129342 181640779342698 0 -0.13615912 -0.13747719 -0.07398473
181640783244030 181640789151188 0 -0.17717177 -0.1262919 -0.061201572
181640793358665 181640799935460 0 -0.15426864 -0.12256344 -0.05108158
181640803473301 181640809963378 0 -0.08502652 -0.1241613 -0.032439478
181640813587936 181640819903171 0 -0.0061970386 -0.118302315 -0.002612113
181640823702624 181640829668068 0 0.046000853 -0.094866484 0.019758409
181640833817259 181640840341506 0 0.060381897 -0.070898026 0.021356292
181640843931894 181640851451507 0 0.048131343 -0.053853773 0.0048446953
181640854046530 181640860348487 0 0.0071186777 -0.06716953 -0.027113222
181640864161165 181640870052499 0 -0.058927678 -0.08740951 -0.0718543
181640874275853 181640880836823 0 -0.13136563 -0.116704226 -0.13257432
181640884390488 181640890861042 0 -0.18675934 -0.1284221 -0.20075122
181640894505124 181640900725054 0 -0.21765201 -0.116704166 -0.2657323
181640904619759 181640910423076 0 -0.21605413 -0.085278854 -0.32059336
181640914734447 181640920477087 0 -0.18782467 -0.03734196 -0.35308394
181640924849082 181640930661307 0 -0.12550676 0.0015401924 -0.36799765
181640934963717 181640940407141 0 -0.043481495 0.041487608 -0.35947555
181640945078353 181640950819330 0 0.026293246 0.075576074 -0.32378924
181640955193040 181640961011206 0 0.0694364 0.104870856 -0.27265656
181640965307676 181640971715425 0 0.07902375 0.12084984 -0.21513236
181640975422311 181640981044281 0 0.058783725 0.12937197 -0.16346711
181640985536947 181640993594490 0 0.014575269 0.12298043 -0.1213892
181640995651634 181641002863241 0 -0.042948984 0.1016752 -0.08676815
181641005766686 181641011209544 0 -0.101538494 0.08356574 -0.06706078
181641015881947 181641021108555 0 -0.15267116 0.06439104 -0.058006056
181641025997207 181641032055015 0 -0.1830312 0.05640159 -0.05267975
181641036112467 181641041044078 0 -0.18143332 0.05799952 -0.05054924
181641046227676 181641051498246 0 -0.14681226 0.05799955 -0.039896615
181641056342936 181641061361893 0 -0.09567964 0.055336427 -0.026580833
181641066458197 181641072679915 0 -0.039220694 0.05533646 -0.006340838
181641076573457 181641081917363 0 0.0135098295 0.0537386 0.017627578
181641086688717 181641091665385 0 0.05612035 0.052140735 0.040530734
181641096803926 181641101348876 0 0.09020877 0.05214077 0.06396651
181641106919186 181641116971586 0 0.121101394 0.050010275 0.08953283
181641117034447 181641162896747 0 0.13708033 0.045749255 0.11722967
181641127149707 181641162921642 0 0.13122135 0.029237702 0.14492652
181641137264915 181641162940549 0 0.09766553 0.008997728 0.1598402
181641147380176 181641162965601 0 0.046532862 -0.009111718 0.15451387
181641157495436 181641162984559 0 -0.017382966 -0.017633794 0.14119804
181641167610697 181641174620758 0 -0.07437459 -0.010176917 0.12948014
181641177725957 181641182545186 0 -0.104734614 -0.0016547751 0.11137065
181641187841165 181641193093729 0 -0.09088621 0.0073999977 0.08633695
181641197956426 181641203526490 0 -0.044547264 0.0052695037 0.07142324
181641208071686 181641215801648 0 0.016705368 0.002606378 0.06503165
181641218186947 181641222897690 0 0.0795559 -0.0064483294 0.0660969
181641228302155 181641233897170 0 0.11950326 -0.025090408 0.061303202
181641238417415 181641244564671 0 0.1237643 -0.037340906 0.053313714
181641248532676 181641254194985 0 0.1008611 -0.054917723 0.0415958
181641258647936 181641263434777 0 0.066772655 -0.0650377 0.031475786
181641268763197 181641274751914 0 0.042271577 -0.05438502 0.025616826
181641278878405 181641284615665 0 0.035347342 -0.027753402 0.01815997
181641288993665 181641295740197 0 0.041738905 -0.0059154667 0.014964166
181641299108926 181641304555459 0 0.047597833 0.0084656235 0.017627314
181641309224186 181641314752074 0 0.04653255 0.01538987 0.02348625
181641319339394 181641324372283 0 0.038010422 0.019118324 0.02668203
181641329454655 181641335186243 0 0.032684088 0.012726776 0.024551488
181641339569915 181641344896244 0 0.040140912 -0.00538267 0.023486216
181641349685176 181641355459162 0 0.043869317 -0.025622645 0.02881252
181641359800436 181641365519006 0 0.041206136 -0.034144722 0.037334614
181641369915644 181641375853122 0 0.03694506 -0.027753105 0.038932502
181641380030905 181641385509581 0 0.019900827 -0.017100437 0.03946512
181641390146165 181641395969009 0 0.0017913268 -0.008578297 0.039465107
181641400261426 181641405506146 0 -0.0030023782 0.004204899 0.04425878
181641410376686 181641416181511 0 0.0049870787 0.014857568 0.04958509
181641420491894 181641426130158 0 0.016172327 0.027640764 0.04905244
181641430607155 181641436060732 0 0.025759678 0.03563027 0.047454536
181641440722415 181641445934952 0 0.03587966 0.039358728 0.042128205
181641450837676 181641456340578 0 0.03587964 0.03296718 0.03733451
181641460952884 181641466303027 0 0.026292251 0.021249313 0.0341387
181641471068144 181641478875684 0 0.015639598 0.011129342 0.026681848
181641481183405 181641487572143 0 0.00445431 0.0042051626 0.013366042
181641491298665 181641496397821 0 -0.007263608 0.0058030905 0.004311289
181641501413978 181641506013916 0 -0.023242582 0.015923128 -4.824088E-4
181641511529499 181641517272615 0 -0.0232426 0.024445267 -0.004743475
181641521645019 181641528619648 0 -0.0077962982 0.04148952 -0.020189809
181641531760488 181641537962669 0 0.016172111 0.058533765 -0.04522351
181641541876009 181641547615847 0 0.03960789 0.06599064 -0.07132248
181641551991478 181641557837619 0 0.06730472 0.06386015 -0.09901935
181641562106999 181641567694079 0 0.097664714 0.039359123 -0.12724885
181641572222519 181641578624080 0 0.1195026 -0.0027187546 -0.14855412
181641582337988 181641587184758 0 0.12642679 -0.04532926 -0.16932678
181641592453509 181641598166998 0 0.11737203 -0.08048293 -0.20075206
181641602568978 181641607880801 0 0.091807 -0.10551881 -0.23643759
181641612684499 181641618071688 0 0.053458832 -0.10658629 -0.27478626
181641622800019 181641629077210 0 0.026827246 -0.09699893 -0.3078094
181641632915488 181641638419398 0 0.012978825 -0.09113999 -0.33231047
181641643031009 181641648936014 0 0.018837778 -0.09380315 -0.35095257
181641653146530 181641658377369 0 0.031620942 -0.102325276 -0.37225783
181641663261999 181641668634766 0 0.050795693 -0.12682633 -0.40208524
181641673377519 181641679610548 0 0.07210097 -0.15558845 -0.43777156
181641683492988 181641689100966 0 0.08648203 -0.18914427 -0.47718632
181641693608509 181641698592165 0 0.09021045 -0.24400535 -0.51447046
181641703724030 181641709438311 0 0.09766731 -0.28342012 -0.54110205
181641713839499 181641719345864 0 0.121635735 -0.29034433 -0.55814636
181641723955019 181641729934563 0 0.15519154 -0.27809379 -0.5666684
181641734070540 181641739226283 0 0.17170313 -0.2578538 -0.57732105
181641744186009 181641750435347 0 0.15998523 -0.22110221 -0.5853105
181641754301530 181641759872639 0 0.12003786 -0.19660115 -0.59489787
181641764416999 181641769936182 0 0.06677468 -0.20086223 -0.61460525
181641774532519 181641780261964 0 0.019903094 -0.23335278 -0.64603055
181641784648040 181641789537851 0 -3.3690874E-4 -0.28128964 -0.67692316
181641794763509 181641800667435 0 -3.36905E-4 -0.32975912 -0.71101165
181641804879030 181641810595665 0 0.010848367 -0.3792939 -0.7520243
181641814994499 181641819967854 0 0.035349432 -0.39527285 -0.79889584
181641825110019 181641831158532 0 0.068905234 -0.39793605 -0.8431043
181641835225540 181641841052387 0 0.1051242 -0.37183708 -0.87932324
181641845341009 181641851270617 0 0.12802738 -0.32656336 -0.9224664
181641855456530 181641860768847 0 0.13441895 -0.29620337 -0.96720755
181641865572051 181641871028119 0 0.11471158 -0.27702862 -1.0050244
181641875687519 181641881510047 0 0.0646442 -0.2791592 -1.035917
181641885803040 181641890636715 0 0.015642084 -0.3031276 -1.0694728
181641895918509 181641900890726 0 -0.012587395 -0.34733605 -1.1088876
181641906034030 181641910620936 0 -0.020576866 -0.3915445 -1.148835
181641916149551 181641921335416 0 -0.014185282 -0.4282961 -1.1839886
181641926265019 181641931391511 0 0.017239995 -0.4517319 -1.2084897
181641936380540 181641941436876 0 0.05399159 -0.46078664 -1.2260666
181641946496009 181641952259742 0 0.07210107 -0.43894875 -1.2409801
181641956611530 181641963018805 0 0.058785286 -0.41071928 -1.2718729
181641966727051 181641972081411 0 0.004989482 -0.39633822 -1.3139508
181641976842519 181641982098234 0 -0.07064422 -0.39047927 -1.3613551
181641986958040 181641992437975 0 -0.13669056 -0.39633822 -1.4044981
181641997073457 181642002632716 0 -0.17504004 -0.4160456 -1.4476414
181642007188301 181642013256935 0 -0.19474742 -0.43841615 -1.4854581
181642017303144 181642022732457 0 -0.18942109 -0.45173195 -1.5216773
181642027417988 181642032759698 0 -0.14361475 -0.46451512 -1.5504394
181642037532832 181642042620272 0 -0.07330736 -0.4671783 -1.573875
181642047647676 181642053438919 0 0.009250568 -0.46664566 -1.5855929
181642057762519 181642063194805 0 0.08275376 -0.4570583 -1.5957129
181642067877363 181642072907254 0 0.13122326 -0.4437425 -1.6106265
181642077992207 181642083859234 0 0.15306115 -0.44054672 -1.6356602
181642088107051 181642093063714 0 0.15732221 -0.45066673 -1.6638896
181642098221947 181642103498611 0 0.14240852 -0.47889623 -1.6899886
181642108336790 181642113573352 0 0.10565694 -0.5151152 -1.7128918
181642118451634 181642123487728 0 0.052926403 -0.5454752 -1.7352624
181642128566478 181642133879187 0 0.0012611244 -0.5726394 -1.7602961
181642138681322 181642143503407 0 -0.04347994 -0.58755314 -1.7831993
181642148796165 181642153972731 0 -0.059991516 -0.58968365 -1.8013086
181642158911009 181642164390336 0 -0.038153615 -0.59234685 -1.8156898
181642169025853 181642174133410 0 0.01617483 -0.6003363 -1.8247445
181642179140697 181642185534505 0 0.08115591 -0.6157826 -1.8359298
181642189255540 181642194369714 0 0.12909277 -0.6338922 -1.8492455
181642199370384 181642204613152 0 0.13974541 -0.66585004 -1.868953
181642209485228 181642215872737 0 0.12802753 -0.71165633 -1.8966498
181642219600124 181642225209821 0 0.093406454 -0.7473427 -1.9286077
181642229714967 181642235127843 0 0.03854539 -0.79048586 -1.9610982
181642239829811 181642244497271 0 -0.011521993 -0.8240417 -1.9967847
181642249944655 181642254911282 0 -0.037088312 -0.8346944 -2.027677
181642260059499 181642265289200 0 -0.032827258 -0.835227 -2.0505805
181642270174342 181642275871545 0 -0.007260927 -0.8101933 -2.0644288
181642280289186 181642285600035 0 0.016174875 -0.77557224 -2.0734835
181642290404030 181642296715089 0 0.015642246 -0.7446796 -2.0894625
181642300518874 181642306002433 0 -0.009391442 -0.7233743 -2.1171594
181642310633717 181642315404726 0 -0.054665137 -0.732429 -2.1448562
181642320748561 181642326148112 0 -0.11218937 -0.75373435 -2.1624331
181642330863405 181642336154363 0 -0.1782357 -0.78036594 -2.1661615
181642340978249 181642347261292 0 -0.23309676 -0.78622496 -2.1587048
181642351093144 181642356341240 0 -0.25866306 -0.7888881 -2.1411278
181642361207988 181642366322335 0 -0.24641256 -0.78036594 -2.0979848
181642371322832 181642376568795 0 -0.19900832 -0.7670502 -2.0559068
181642381437676 181642386371764 0 -0.14947356 -0.75160384 -2.0186224
181642391552519 181642397048432 0 -0.11059144 -0.74787545 -1.9914583
181642401667363 181642406890933 0 -0.093547225 -0.73669016 -1.9600329
181642411782207 181642417410622 0 -0.09141669 -0.7217765 -1.9259446
181642421897051 181642426718747 0 -0.096210375 -0.6988734 -1.8913236
181642432011894 181642438310988 0 -0.097808264 -0.67330706 -1.8620288
181642442126738 181642448681458 0 -0.09834089 -0.64401233 -1.8210161
181642452241582 181642458559949 0 -0.093547195 -0.60193443 -1.7640245
181642462356426 181642468082762 0 -0.090884045 -0.54121435 -1.7080982
181642472471322 181642478456878 0 -0.084492445 -0.48528805 -1.628736
181642482586165 181642489508181 0 -0.05146928 -0.4219049 -1.5424497
181642492701009 181642498825525 0 -0.0024671517 -0.3867512 -1.432195
181642502815905 181642508698339 0 0.03907813 -0.379827 -1.2931781
181642512930957 181642519129069 0 0.06784025 -0.39047962 -1.1408453
181642523046009 181642529514539 0 0.077427626 -0.40379542 -1.003959
181642533161061 181642539695634 0 0.0635792 -0.42030704 -0.89743257
181642543276113 181642548992874 0 0.030556038 -0.42510074 -0.8180704
181642553391113 181642559302875 0 0.0017939266 -0.43042704 -0.7600136
181642563506165 181642569903866 0 -0.0051302826 -0.43095967 -0.7067504
181642573621217 181642581181784 0 0.0033918293 -0.41657865 -0.65668297
181642583736269 181642589404389 0 0.03321921 -0.40273023 -0.6225946
181642593851322 181642599690483 0 0.060916066 -0.3840881 -0.600224
181642603966322 181642611465224 0 0.076893464 -0.3531928 -0.5783871
181642614081374 181642620258923 0 0.09020767 -0.3185691 -0.55015856
181642624196426 181642631533768 0 0.09979501 -0.29193747 -0.5182007
181642634311478 181642640380904 0 0.08701183 -0.25358793 -0.50861335
181642644426530 181642651301947 0 0.049727574 -0.23441313 -0.5075481
181642654541582 181642660323979 0 -0.0147208925 -0.21577099 -0.50648284
181642664656582 181642670144084 0 -0.098876745 -0.1949983 -0.5208639
181642674771634 181642681612940 0 -0.18196732 -0.16836666 -0.54323447
181642684886686 181642691250232 0 -0.20913157 -0.13853922 -0.5837145
181642695001738 181642700330754 0 -0.17717369 -0.12735392 -0.611944
181642705116790 181642710335651 0 -0.09994212 -0.10924439 -0.6167377
181642715231790 181642720982318 0 0.012975792 -0.10391803 -0.6066177
181642725346842 181642731829038 0 0.1274916 -0.10125482 -0.5858451
181642735461894 181642741129508 0 0.20472318 -0.10285267 -0.5592135
181642745576947 181642750703415 0 0.21963683 -0.09805894 -0.52938616
181642755691999 181642761054250 0 0.17809153 -0.10072205 -0.5096788
181642765806999 181642771149563 0 0.099794626 -0.09859148 -0.49636304
181642775922051 181642782814564 0 0.012442996 -0.09166722 -0.4787862
181642786037103 181642791192950 0 -0.06691916 -0.06663348 -0.45108935
181642796152155 181642801486129 0 -0.12178026 -0.044795528 -0.41646832
181642806267207 181642811187015 0 -0.14148766 -0.03201232 -0.37652096
181642816382207 181642821609308 0 -0.115388736 -0.010174371 -0.3296494
181642826497259 181642831992069 0 -0.038689792 0.008467787 -0.26733148
181642836612311 181642841788945 0 0.07369548 0.023381524 -0.20394832
181642846727363 181642851392748 0 0.18395022 0.031371046 -0.1464241
181642856842415 181642861834051 0 0.25159442 0.034566883 -0.09955253
181642866957415 181642871590042 0 0.25479022 0.045219567 -0.07398621
181642877072467 181642882198012 0 0.20419016 0.057470143 -0.065464124
181642887187519 181642892732752 0 0.12429536 0.058535453 -0.0697252
181642897302572 181642902536868 0 0.048661627 0.058002867 -0.077182055
181642907417624 181642913203223 0 -0.01631948 0.059600808 -0.090497866
181642917532624 181642923615776 0 -0.06585426 0.05800296 -0.11819473
181642927647676 181642934287131 0 -0.10047535 0.033501945 -0.16187055
181642937762728 181642944567549 0 -0.1159217 0.002076717 -0.19808954
181642947877780 181642952909269 0 -0.10846488 -0.024554826 -0.2241885
181642957992832 181642963520468 0 -0.085561745 -0.052784264 -0.25241798
181642968107884 181642973397969 0 -0.0541365 -0.06450212 -0.2758538
181642978222884 181642984857084 0 -0.034429148 -0.0533168 -0.27798438
181642988337936 181642993217658 0 -0.021646015 -0.017630426 -0.27425593
181642998452780 181643004229482 0 -0.0056670904 0.020719107 -0.27478862
181643008566999 181643013720004 0 0.003920254 0.04522022 -0.27958232
181643018681165 181643023825005 0 -0.008862937 0.05054658 -0.2769192
181643028795384 181643034059537 0 -0.03229876 0.046818204 -0.25827706
181643038909551 181643044874486 0 -0.057865113 0.05214457 -0.23856972
181643049023769 181643054507873 0 -0.07863778 0.061199352 -0.22152552
181643059137936 181643065776728 0 -0.08822518 0.07398257 -0.20980763
181643069252155 181643074800166 0 -0.08502942 0.087831035 -0.1970245
181643079366322 181643085083605 0 -0.073311545 0.093157396 -0.16932766
181643089480540 181643095228189 0 -0.061593674 0.08676586 -0.1309782
181643099594759 181643105306888 0 -0.053604227 0.07664591 -0.0873024
181643109708926 181643116074129 0 -0.06319162 0.06546069 -0.039365556
181643119823144 181643126147775 0 -0.069050595 0.048949152 0.0032449658
181643129937311 181643135931370 0 -0.07064852 0.039894454 0.039463907
181643140051530 181643145651007 0 -0.056800127 0.041492395 0.07781337
181643150165697 181643155732362 0 -0.032299094 0.04628613 0.1103039
181643160279915 181643166244082 0 0.010311422 0.041492492 0.13214178
181643170394082 181643176063093 0 0.053454567 0.037231483 0.14226177
181643180508301 181643186754709 0 0.089673504 0.02551363 0.14758807
181643190622519 181643196238355 0 0.106185056 0.014861042 0.14119646
181643200736686 181643208542627 0 0.11151135 0.011132666 0.12947856
181643210850905 181643216550962 0 0.11044605 0.011665344 0.1204238
181643220965072 181643226142629 0 0.09393445 0.006339073 0.10923852
181643231079290 181643236246432 0 0.074227035 0.0026106974 0.096455336
181643241193457 181643246772527 0 0.06357437 -0.005911364 0.08367215
181643251307676 181643256475705 0 0.05025856 -0.019759744 0.07515003
181643261421842 181643265974977 0 0.03587747 -0.0298797 0.061834224
181643271536061 181643276703520 0 0.011376384 -0.025085967 0.055442624
181643281650280 181643287474354 0 -0.01152681 -0.0096396 0.04851839
181643291764447 181643297581699 0 -0.02111421 0.012198348 0.039996266
181643301878665 181643307658419 0 -0.016853184 0.02551419 0.02774572
181643311992832 181643316720086 0 -0.002472153 0.039895292 0.02082149
181643322107051 181643327808056 0 0.018300459 0.037764814 0.02028884
181643332221217 181643337846234 0 0.040138334 0.02924275 0.028810931
181643342335436 181643347558787 0 0.06410673 0.02444911 0.035735127
181643352449603 181643357465611 0 0.083814085 0.022851262 0.036800373
181643362563822 181643368128112 0 0.091270894 0.028177626 0.034137197
181643372678040 181643378182592 0 0.08487929 0.04468926 0.0378656
181643382792207 181643387432697 0 0.07156347 0.0462872 0.043724533
181643392906426 181643399680355 0 0.05345396 0.031906188 0.0383982
181643403020592 181643409081502 0 0.03640972 0.018057808 0.033071864
181643413134811 181643417932232 0 0.024691792 0.013796801 0.030941322
181643423248978 181643429367649 0 0.030550713 0.00847053 0.020288669
181643433363197 181643438792442 0 0.033213846 0.0063400497 0.0059075947
181643443477363 181643450359006 0 0.022561181 0.0090032555 -0.001016635
181643453591582 181643458826402 0 0.012441151 0.0026117202 -0.010071392
181643463705801 181643469155778 0 0.015104283 -0.011769291 -0.016995622
181643473819967 181643479920623 0 0.026822153 -0.02242188 -0.016995639
181643483934186 181643489658958 0 0.041203182 -0.029346045 -0.008473548
181643494048353 181643500242136 0 0.047062106 -0.029878631 0.0011138064
181643504163040 181643509813178 0 0.043333657 -0.042129118 0.0032443167
181643514277832 181643520262763 0 0.030017834 -0.05757539 -0.006875704
181643524392676 181643530249014 0 0.017767277 -0.06290166 -0.016463093
181643534507519 181643539869483 0 0.017234616 -0.05651003 -0.023919955
181643544622311 181643550569589 0 0.03268091 -0.042128928 -0.032442078
181643554737155 181643560365475 0 0.055051416 -0.027215194 -0.043094732
181643564851947 181643571180320 0 0.06250823 -0.013366722 -0.05268212
181643574966790 181643579749800 0 0.04280083 -0.008572988 -0.063867405
181643585081582 181643589860322 0 -0.007799214 -0.016562419 -0.077715844
181643595196426 181643600396208 0 -0.063725576 -0.032541323 -0.09742324
181643605311217 181643611402720 0 -0.09834559 -0.06290311 -0.13097839
181643615426061 181643620816002 0 -0.106334 -0.106580734 -0.17039247
181643625540905 181643631210170 0 -0.08023504 -0.12895125 -0.20021987
181643635655697 181643641205223 0 -0.031232925 -0.15451758 -0.22259039
181643645770540 181643651915015 0 0.014040768 -0.15291966 -0.2412325
181643655885332 181643661028141 0 0.03108498 -0.14493018 -0.25188515
181643666000176 181643671794132 0 0.012442863 -0.124157526 -0.27372307
181643676114967 181643680930852 0 -0.017917154 -0.120961726 -0.3030178
181643686229811 181643691767780 0 -0.050940327 -0.13800594 -0.34083468
181643696344655 181643701189187 0 -0.06319086 -0.16836594 -0.37119466
181643706459447 181643712324136 0 -0.052005604 -0.20565015 -0.39942417
181643716574290 181643721514293 0 -0.038689815 -0.24293438 -0.427121
181643726689082 181643731402836 0 -0.04348351 -0.26317436 -0.45535052
181643736803926 181643741899503 0 -0.0701151 -0.26637012 -0.48358002
181643746918717 181643752122265 0 -0.108997226 -0.26743543 -0.5219295
181643757033561 181643762159089 0 -0.15000987 -0.2759575 -0.56134427
181643767148405 181643772388986 0 -0.18036988 -0.28394696 -0.60129166
181643777263197 181643781842372 0 -0.1819678 -0.2993933 -0.63591266
181643787378040 181643792687009 0 -0.16492358 -0.3121764 -0.67000115
181643797492832 181643802674249 0 -0.15799937 -0.31963325 -0.7083506
181643807607676 181643813016281 0 -0.16865201 -0.32975328 -0.7568201
181643817722467 181643822667845 0 -0.1883594 -0.34040588 -0.8084854
181643827837311 181643834248627 0 -0.20806678 -0.34040588 -0.85375905
181643837952103 181643844060451 0 -0.214991 -0.33454692 -0.8953043
181643848066947 181643854789150 0 -0.19688152 -0.3292206 -0.9325886
181643858181790 181643862873630 0 -0.17451099 -0.33561218 -0.9613507
181643868296582 181643873902537 0 -0.16226047 -0.34040582 -0.9863845
181643878411426 181643884411236 0 -0.15533626 -0.35638475 -1.0242012
181643888526217 181643893727800 0 -0.15799943 -0.36117846 -1.0689423
181643898641061 181643903363322 0 -0.15267311 -0.3803532 -1.1152813
181643908755853 181643914199833 0 -0.14787944 -0.3973974 -1.1493697
181643918870697 181643923937334 0 -0.1505426 -0.4160395 -1.1744034
181643928985540 181643934344887 0 -0.15427102 -0.42669213 -1.1951761
181643939100332 181643944660930 0 -0.14841208 -0.44213843 -1.2175467
181643949215176 181643954705046 0 -0.13136788 -0.4117784 -1.2335256
181643959329967 181643964192755 0 -0.1132584 -0.37768996 -1.2425804
181643969444811 181643974905308 0 -0.09568156 -0.3382752 -1.2425804
181643979559603 181643985884736 0 -0.0727784 -0.31270885 -1.2361888
181643989674447 181643994454216 0 -0.059462607 -0.29459938 -1.2239382
181643999789394 181644004973436 0 -0.062125772 -0.29566467 -1.208492
181644009904603 181644015108020 0 -0.06478894 -0.31696987 -1.2015678
181644020019811 181644025748386 0 -0.041353144 -0.34839517 -1.1781319
181644030135019 181644036199116 0 0.011910023 -0.35958043 -1.1451087
181644040250228 181644045338961 0 0.06996688 -0.36756986 -1.1099551
181644050365436 181644056288129 0 0.100859515 -0.37342882 -1.0785298
181644060480644 181644065378494 0 0.102457404 -0.36756986 -1.0588224
181644070595905 181644076090474 0 0.08275003 -0.36597195 -1.0609529
181644080711113 181644086169590 0 0.0555858 -0.36916775 -1.0822582
181644090826322 181644096264226 0 0.031084735 -0.36756986 -1.1024983
181644100941530 181644106253706 0 0.023627883 -0.3739614 -1.1174119
181644111056738 181644116344020 0 0.039606832 -0.38621193 -1.136054
181644121171947 181644126567354 0 0.0694342 -0.40219086 -1.1568267
181644131287155 181644136969074 0 0.089674205 -0.42243087 -1.1909151
181644141402363 181644148049544 0 0.08328262 -0.4416056 -1.2452435
181644151517572 181644156665743 0 0.06570576 -0.4650414 -1.3192794
181644161632780 181644168424598 0 0.055585753 -0.48474875 -1.3959783
181644171747988 181644178297776 0 0.07742365 -0.49966243 -1.4598942
181644181863197 181644186784704 0 0.1322847 -0.5129782 -1.5088962
181644191978405 181644198150851 0 0.2057879 -0.51031506 -1.5429847
181644202093613 181644208890279 0 0.28195423 -0.46237817 -1.56429
181644212208822 181644219704603 0 0.3437395 -0.38780975 -1.5680184
181644222324030 181644227822364 0 0.3703711 -0.32495916 -1.558431
181644232439238 181644238440126 0 0.35652268 -0.29619706 -1.5365932
181644242554447 181644248524502 0 0.32190156 -0.31590444 -1.5227447
181644252669655 181644258783461 0 0.2835521 -0.37928757 -1.5104942
181644262784915 181644269558931 0 0.25798577 -0.42775705 -1.4902542
181644272900124 181644279218203 0 0.24573523 -0.47622654 -1.4694815
181644283015332 181644288942423 0 0.24307206 -0.5028581 -1.4535027
181644293130540 181644299251538 0 0.23135416 -0.5039234 -1.4455132
181644303245749 181644309003987 0 0.2004615 -0.50818443 -1.4540353
181644313360957 181644319649821 0 0.14666569 -0.5113802 -1.4737427
181644323476165 181644329375187 0 0.08860883 -0.5092497 -1.5072985
181644333591374 181644339643157 0 0.040671967 -0.5183044 -1.5541701
181644343706582 181644349492012 0 0.013507742 -0.5475991 -1.616488
181644353821790 181644359935815 0 0.0017898376 -0.59393805 -1.6820017
181644363936999 181644369826024 0 0.015638258 -0.64986444 -1.7304711
181644374052207 181644379799932 0 0.044933 -0.6930076 -1.7517765
181644384167415 181644389693162 0 0.08221722 -0.6876813 -1.7469828
181644394282624 181644399824517 0 0.12003407 -0.62909174 -1.7246122
181644404397832 181644410172695 0 0.124295115 -0.553458 -1.6958501
181644414513040 181644420236915 0 0.08115193 -0.48474848 -1.6750774
181644424628249 181644430192489 0 -0.0067323092 -0.44639903 -1.6532395
181644434743457 181644440264886 0 -0.1153892 -0.42189795 -1.6314018
181644444858665 181644450440720 0 -0.21712187 -0.42828953 -1.6074333
181644454973874 181644460411606 0 -0.29062507 -0.42669162 -1.5797365
181644465089134 181644471427753 0 -0.31672403 -0.43468112 -1.56429
181644475204342 181644480627702 0 -0.28636402 -0.46397582 -1.5536375
181644485319551 181644490764526 0 -0.22298083 -0.48528108 -1.5227448
181644495434759 181644502723173 0 -0.15001029 -0.48741162 -1.4838626
181644505549655 181644511016611 0 -0.08502923 -0.46930212 -1.4614922
181644515664603 181644521941508 0 -0.03815764 -0.4410726 -1.4630901
181644525779499 181644530990780 0 -0.01046079 -0.41124523 -1.479069
181644535894394 181644541151406 0 -0.0077976375 -0.39100522 -1.4998417
181644546009342 181644550989844 0 -0.017917646 -0.38727677 -1.5286038
181644556124238 181644562916356 0 -0.026972394 -0.39366835 -1.5648227
181644566239134 181644571131097 0 -0.029102923 -0.4096473 -1.5973132
181644576354082 181644580899483 0 -0.021113455 -0.4218978 -1.620749
181644586468978 181644591260994 0 -0.0024713483 -0.4133757 -1.6271406
181644596583874 181644603001777 0 0.024160234 -0.38461357 -1.6212816
181644606698822 181644611467351 0 0.041735597 -0.35957736 -1.6074343
181644616813717 181644621310477 0 0.047061898 -0.34519628 -1.5845311
181644626928613 181644631508134 0 0.05238819 -0.34572887 -1.56003
181644637043561 181644642177666 0 0.053986065 -0.34945726 -1.5291374
181644647158457 181644653026625 0 0.058247104 -0.3388046 -1.4913206
181644657273353 181644662443293 0 0.06783445 -0.31377086 -1.4572322
181644667388301 181644673363607 0 0.07422602 -0.2908677 -1.424209
181644677503197 181644683782514 0 0.072628096 -0.27755183 -1.383729
181644687618092 181644693613713 0 0.052920703 -0.27382338 -1.3379227
181644697733040 181644703180328 0 0.034278568 -0.28554124 -1.2963774
181644707847936 181644713735382 0 0.01989749 -0.30631384 -1.25643
181644717962832 181644723563924 0 0.025756419 -0.32389066 -1.2180805
181644728077780 181644733887727 0 0.051855356 -0.32815167 -1.1818616
181644738192676 181644743046687 0 0.0747585 -0.3238906 -1.1445775
181644748307624 181644753746792 0 0.07422584 -0.3212274 -1.1078259
181644758422519 181644764106376 0 0.04439845 -0.32548842 -1.0753353
181644768537415 181644774035804 0 -0.0056689577 -0.3388042 -1.0508342
181644778652363 181644783526013 0 -0.07118268 -0.35531574 -1.0321922
181644788767259 181644793439244 0 -0.13669641 -0.37502307 -1.0098217
181644798882155 181644804530964 0 -0.20274279 -0.37875146 -1.0039626
181644808997103 181644814788673 0 -0.25387543 -0.39259982 -1.0156806
181644819111999 181644825319768 0 -0.26825652 -0.41070932 -1.0167458
181644829226894 181644834894248 0 -0.23416811 -0.41603556 -0.9933101
181644839341842 181644844929770 0 -0.15800178 -0.39100185 -0.94750375
181644849456738 181644854012218 0 -0.057867035 -0.34146705 -0.89104486
181644859571634 181644865063209 0 0.032147713 -0.29672596 -0.8452385
181644869686582 181644875344096 0 0.07475823 -0.2599743 -0.81274796
181644879801478 181644885213628 0 0.063040316 -0.23494059 -0.7807901
181644889916374 181644894965816 0 -0.0019407831 -0.23014688 -0.7339185
181644900031322 181644905460401 0 -0.101010315 -0.24186474 -0.68065536
181644910146217 181644916216443 0 -0.20221037 -0.24079944 -0.6337838
181644920261113 181644925939413 0 -0.25281042 -0.23494047 -0.59596694
181644930376061 181644937277904 0 -0.24801674 -0.21789622 -0.55815005
181644940490957 181644946018165 0 -0.2070041 -0.20724353 -0.5107458
181644950605853 181644957044156 0 -0.16173044 -0.19286245 -0.44683003
181644960720801 181644966421240 0 -0.11326097 -0.18380767 -0.37439215
181644970835697 181644976999522 0 -0.058399916 -0.17688343 -0.31047636
181644980950592 181644987369159 0 -0.01738729 -0.16942656 -0.26147425
181644991065540 181644995808066 0 0.017766386 -0.17155704 -0.20714581
181645001180592 181645006980932 0 0.060376905 -0.17049174 -0.15068686
181645011295853 181645017794266 0 0.087008476 -0.15131697 -0.12299003
181645021411113 181645025999475 0 0.09020425 -0.14172955 -0.093162656
181645031526374 181645037358070 0 0.06676842 -0.12362004 -0.054280553
181645041641686 181645047173123 0 0.03161471 -0.12095685 -0.020724764
181645051756947 181645058023697 0 0.0023199418 -0.1374684 -0.002082664
181645061872207 181645067635625 0 -0.0024737646 -0.16623047 0.015494171
181645071987467 181645077562137 0 0.016168326 -0.19659045 0.026679426
181645082102780 181645087585679 0 0.040136732 -0.20031884 0.03573415
181645092218040 181645096827295 0 0.048658818 -0.20244932 0.03892993
181645102333301 181645107147244 0 0.041201957 -0.18114403 0.026146755
181645112448613 181645117411516 0 0.017233506 -0.16303451 -0.0058111637
181645122563874 181645127256933 0 -0.023246527 -0.13267446 -0.028714342
181645132679134 181645139145059 0 -0.064259194 -0.10604284 -0.036703832
181645142794394 181645148370894 0 -0.08662975 -0.03147436 -0.039367
181645152909707 181645158951103 0 -0.106337145 0.006875161 -0.045225963
181645163024967 181645168998552 0 -0.12710981 4.8361463E-4 -0.050019667
181645173140228 181645178485584 0 -0.15214351 0.005809967 -0.05055231
181645183255488 181645187996627 0 -0.17078565 -0.016560532 -0.04149758
181645193370801 181645199195534 0 -0.15906778 -0.045855246 -0.020724956
181645203486061 181645209244337 0 -0.11379409 -0.09325943 0.021352941
181645213601322 181645218666526 0 -0.013659341 -0.23280892 0.04851715
181645223716582 181645229147777 0 0.13121647 -0.28234363 0.05650661
181645233831894 181645239313246 0 0.28035337 -0.26476675 0.059169754
181645243947155 181645249452258 0 0.40871757 -0.13373931 0.05437606
181645254062415 181645259100540 0 0.49766707 0.056410268 0.041592885
181645264177728 181645268947156 0 0.5285597 0.2305809 0.02295076
181645274292988 181645279902000 0 0.48115543 0.376522 0.017624428
181645284408249 181645289855231 0 0.35438907 0.40102312 0.026146526
181645294523509 181645299520648 0 0.20578477 0.35734737 0.020287562
181645304638822 181645310432524 0 0.056647867 0.29130104 0.0053738602
181645314754082 181645321795598 0 -0.08077115 0.2028842 -0.009539843
181645324869342 181645330770235 0 -0.19102594 0.12192422 -0.015398804
181645334984603 181645340258361 0 -0.24322388 0.050551593 -0.012203027
181645345099915 181645350082945 0 -0.22617969 0.027648464 -0.003680931
181645355215176 181645360938467 0 -0.12711018 0.061204296 0.016026432
181645365330436 181645371590447 0 0.011374043 0.16293699 0.056506433
181645375445697 181645380870865 0 0.15305407 0.24070127 0.10071486
181645385561009 181645390610241 0 0.2579825 0.28384447 0.11722643
181645395676269 181645401271388 0 0.29313618 0.3227266 0.09858431
181645405791530 181645411529357 0 0.2654393 0.3168677 0.05650638
181645415906842 181645421896494 0 0.20312136 0.2795835 -0.012203129
181645426022103 181645432464672 0 0.12748764 0.24442987 -0.089967385
181645436137363 181645441312746 0 0.06463708 0.18743831 -0.15761162
181645446252624 181645451333424 0 0.028950725 0.108076215 -0.20075482
181645456367936 181645461534414 0 0.02468965 0.04469306 -0.21460325
181645466483197 181645472908374 0 0.05504964 0.012202559 -0.19809167
181645476598457 181645482618062 0 0.11044332 0.01752891 -0.16187273
181645486713717 181645492042699 0 0.17542438 0.054280538 -0.122457996
181645496828978 181645501559523 0 0.226557 0.1219248 -0.08410852
181645506943874 181645512223482 0 0.25851488 0.1863733 -0.05854221
181645517058717 181645523273691 0 0.27183068 0.23750597 -0.050552744
181645527173613 181645532372130 0 0.2627759 0.2907692 -0.047889598
181645537288457 181645542617183 0 0.22975272 0.3168682 -0.05055277
181645547403353 181645552542705 0 0.18341373 0.2966282 -0.06653173
181645557518197 181645562737237 0 0.12802 0.24656084 -0.096359126
181645567633092 181645573306248 0 0.06463681 0.1730577 -0.12725177
181645577747936 181645582882968 0 0.013504136 0.09742402 -0.15335074
181645587862832 181645593227865 0 -0.008866418 0.037769303 -0.1741234
181645597977676 181645602942918 0 0.0028514592 0.00847459 -0.17944974
181645608092572 181645613044846 0 0.040136572 0.02498467 -0.16400287
181645618207467 181645623406410 0 0.08754079 0.08357418 -0.12458812
181645628322311 181645633277869 0 0.13601026 0.15601212 -0.07878179
181645638437207 181645644406099 0 0.1770229 0.21619955 -0.036703892
181645648552051 181645653108496 0 0.20471974 0.23697218 -0.003680728
181645658666947 181645663674695 0 0.20258921 0.23697221 0.024548749
181645668781790 181645673438342 0 0.16530496 0.20181854 0.03626664
181645678896686 181645683705739 0 0.104052305 0.1272501 0.027211891
181645689011530 181645693668917 0 0.023092264 0.04096378 0.0075045107
181645699126426 181645706047824 0 -0.05094356 -0.024017274 -0.0132681355
181645709241269 181645714153085 0 -0.09408675 -0.04958358 -0.026583938
181645719356165 181645724202201 0 -0.09888045 -0.030408818 -0.030844996
181645729471009 181645734413296 0 -0.07065097 0.002614372 -0.024986055
181645739585905 181645745300380 0 -0.02377939 0.043094404 -0.010605006
181645749700801 181645754553402 0 0.0214943 0.08037865 0.010700259
181645759815644 181645765794445 0 0.056647982 0.10541236 0.028809732
181645769930540 181645774851268 0 0.07209429 0.1192608 0.046386573
181645780045384 181645785431530 0 0.07049639 0.10115135 0.05916973
181645790160280 181645795144864 0 0.055582687 0.06120398 0.06609394
181645800275124 181645806504761 0 0.036940563 0.005277666 0.055973925
181645810390019 181645817213981 0 0.026820548 -0.04798549 0.029342327
181645820504863 181645825886586 0 0.02469001 -0.058638103 -0.0010176902
181645830619759 181645836033775 0 0.023624735 -0.03466966 -0.024453495
181645840734603 181645846113099 0 0.028418409 0.003679848 -0.040965088
181645850849499 181645856758308 0 0.03534261 0.054812517 -0.0510851
181645860964342 181645865884715 0 0.04759313 0.0894336 -0.051617734
181645871079238 181645876648414 0 0.049191013 0.108608365 -0.037769318
181645881194134 181645886682113 0 0.034277312 0.1155326 -0.013268263
181645891308978 181645896842843 0 0.0060478174 0.10754314 0.01709174
181645901423874 181645906558730 0 -0.025377467 0