name=LIS2MDL Magnetometer vendor=STMicro current_time_ms=1561445543536
measured_at recorded_at accuracy value_x value_y value_z
281250908241438 0 0 -64.75992 -77.754745 -120.85202
281250918287896 0 0 -64.90392 -77.92382 -121.10916
281250928333417 0 0 -65.05372 -78.09866 -121.38108
281250938377011 0 0 -65.20364 -78.2664 -121.65864
281250948419823 0 0 -65.3481 -78.42587 -121.90914
281250958463833 0 0 -65.48329 -78.59031 -122.16352
281250968509615 0 0 -65.61839 -78.7434 -122.411316
281250978556438 0 0 -65.76153 -78.8896 -122.64747
281250988603000 0 0 -65.89989 -79.033005 -122.885666
281250998649250 0 0 -66.036644 -79.18152 -123.113235
281251008692792 0 0 -66.17309 -79.331375 -123.34204
281251018737636 0 0 -66.30256 -79.46199 -123.57228
281251028780448 0 0 -66.430115 -79.58171 -123.79378
281251038824354 0 0 -66.5677 -79.69642 -124.037895
281251048869146 0 0 -66.69701 -79.7963 -124.27454
281251058914042 0 0 -66.821144 -79.90153 -124.48613
281251068959615 0 0 -66.945145 -80.02105 -124.694275
281251079002636 0 0 -67.06487 -80.12543 -124.885124
281251089047583 0 0 -67.18164 -80.22332 -125.06262
281251099091333 0 0 -67.29665 -80.322815 -125.221146
281251109136854 0 0 -67.41067 -80.4165 -125.38199
281251119182011 0 0 -67.52367 -80.50498 -125.56066
281251129227219 0 0 -67.636856 -80.59606 -125.741615
281251139273261 0 0 -67.7578 -80.689835 -125.91946
281251149320604 0 0 -67.878914 -80.77397 -126.101585
281251159366542 0 0 -67.991455 -80.83988 -126.28036
281251169412948 0 0 -68.10422 -80.90853 -126.452065
281251179459927 0 0 -68.214005 -80.98405 -126.62441
281251189504667 0 0 -68.32154 -81.05865 -126.81196
281251199550448 0 0 -68.428215 -81.12804 -127.00435
281251209599667 0 0 -68.52912 -81.184 -127.20226
281251219649302 0 0 -68.63236 -81.243164 -127.39841
281251229694146 0 0 -68.74091 -81.31319 -127.57695
281251239739563 0 0 -68.847404 -81.369774 -127.757
281251249786021 0 0 -68.95423 -81.42981 -127.945564
281251259831958 0 0 -69.06022 -81.484184 -128.1171
281251269876229 0 0 -69.16156 -81.53392 -128.30421
281251279919198 0 0 -69.250145 -81.58596 -128.47865
281251289960708 0 0 -69.3374 -81.65338 -128.65404
281251300001802 0 0 -69.42157 -81.72441 -128.85469
281251310043521 0 0 -69.49914 -81.78487 -129.02713
281251320088625 0 0 -69.58389 -81.852684 -129.19743
281251330134042 0 0 -69.67012 -81.915474 -129.37234
281251340178000 0 0 -69.74779 -81.968094 -129.52942
281251350224458 0 0 -69.82578 -82.02014 -129.69528
281251360269979 0 0 -69.90364 -82.05435 -129.8403
281251370316594 0 0 -69.981705 -82.10028 -129.98613
281251380363573 0 0 -70.06244 -82.16186 -130.13239
281251390409146 0 0 -70.13788 -82.21003 -130.28189
281251400452844 0 0 -70.21613 -82.26197 -130.44302
281251410498156 0 0 -70.29038 -82.307884 -130.57635
281251420545761 0 0 -70.36127 -82.35293 -130.71072
281251430592167 0 0 -70.436966 -82.40135 -130.8409
281251440639146 0 0 -70.50868 -82.44433 -130.95946
281251450685969 0 0 -70.580124 -82.49485 -131.08228
281251460730083 0 0 -70.64519 -82.53529 -131.1815
281251470775656 0 0 -70.69767 -82.57372 -131.25717
281251480820448 0 0 -70.75083 -82.6244 -131.35373
281251490866594 0 0 -70.81541 -82.68316 -131.46098
281251500911281 0 0 -70.88563 -82.73709 -131.56985
281251510956177 0 0 -70.952545 -82.789986 -131.68022
281251521000448 0 0 -71.01317 -82.83349 -131.7891
281251531042479 0 0 -71.075035 -82.880165 -131.89227
281251541085031 0 0 -71.14179 -82.94232 -131.98993
281251551130344 0 0 -71.20548 -82.990425 -132.06947
281251561173521 0 0 -71.26432 -83.01369 -132.16803
281251571217063 0 0 -71.32736 -83.06207 -132.29329
281251581261958 0 0 -71.392944 -83.109 -132.39622
281251591307323 0 0 -71.452255 -83.146866 -132.50406
281251601352531 0 0 -71.51215 -83.19565 -132.59161
281251611399146 0 0 -71.57463 -83.24358 -132.6763
281251621444094 0 0 -71.63135 -83.29908 -132.77695
281251631489250 0 0 -71.688225 -83.34932 -132.87169
281251641535552 0 0 -71.74526 -83.394516 -132.96378
281251651582479 0 0 -71.80305 -83.43887 -133.05347
281251661627011 0 0 -71.85484 -83.46146 -133.13155
281251671672583 0 0 -71.9024 -83.48808 -133.22498
281251681718573 0 0 -71.95643 -83.52645 -133.3092
281251691764823 0 0 -72.0087 -83.57126 -133.36464
281251701811281 0 0 -72.05602 -83.62738 -133.42436
281251711858365 0 0 -72.10052 -83.682106 -133.4772
281251721903521 0 0 -72.139854 -83.71989 -133.54745
281251731952740 0 0 -72.17592 -83.75338 -133.6354
281251741999458 0 0 -72.21197 -83.77785 -133.71437
281251752046281 0 0 -72.24599 -83.80596 -133.79562
281251762091281 0 0 -72.29429 -83.846146 -133.86877
281251772134771 0 0 -72.34292 -83.88127 -133.93346
281251782179146 0 0 -72.38492 -83.915504 -133.99852
281251792224771 0 0 -72.42608 -83.94895 -134.05917
281251802272792 0 0 -72.465126 -83.985664 -134.11626
281251812320188 0 0 -72.50777 -84.02545 -134.1588
281251822363833 0 0 -72.54822 -84.06898 -134.21681
281251832408938 0 0 -72.59091 -84.12021 -134.28285
281251842456021 0 0 -72.6304 -84.15402 -134.34679
281251852503573 0 0 -72.666176 -84.16634 -134.3991
281251862547740 0 0 -72.70571 -84.16988 -134.43266
281251872591490 0 0 -72.746086 -84.1982 -134.47667
281251882635136 0 0 -72.77857 -84.24202 -134.52339
281251892677479 0 0 -72.80922 -84.27686 -134.57188
281251902720240 0 0 -72.84301 -84.31176 -134.63698
281251912763886 0 0 -72.87106 -84.34945 -134.69019
281251922808365 0 0 -72.89739 -84.37798 -134.7357
281251932854771 0 0 -72.9194 -84.40644 -134.80014
281251942899823 0 0 -72.94144 -84.450455 -134.8584
281251952945865 0 0 -72.961266 -84.48139 -134.91801
281251962990761 0 0 -72.980835 -84.49895 -134.95969
281251973034719 0 0 -72.99365 -84.52368 -134.99069
281251983078521 0 0 -73.00114 -84.55214 -135.0323
281251993123313 0 0 -73.011635 -84.576675 -135.09047
281252003169563 0 0 -73.02381 -84.60058 -135.14067
281252013216177 0 0 -73.03824 -84.62765 -135.17392
281252023263781 0 0 -73.04613 -84.64989 -135.208
281252033310344 0 0 -73.0495 -84.66735 -135.23918
281252043356438 0 0 -73.055275 -84.68883 -135.2756
281252053402011 0 0 -73.06151 -84.714386 -135.32397
281252063448156 0 0 -73.06444 -84.743095 -135.36334
281252073492479 0 0 -73.07154 -84.78779 -135.40526
281252083541802 0 0 -73.07108 -84.81901 -135.44432
281252093590917 0 0 -73.07122 -84.85391 -135.48903
281252103639979 0 0 -73.07183 -84.90425 -135.52795
281252113688208 0 0 -73.06064 -84.93685 -135.56812
281252123736750 0 0 -73.05355 -84.9571 -135.61766
281252133782531 0 0 -73.05298 -84.96899 -135.66356
281252143828000 0 0 -73.051704 -84.98888 -135.71262
281252153873208 0 0 -73.04833 -85.03257 -135.75732
281252163917896 0 0 -73.038795 -85.07068 -135.79015
281252173964511 0 0 -73.028275 -85.09983 -135.82191
281252184009302 0 0 -73.01738 -85.12429 -135.85284
281252194055031 0 0 -73.00599 -85.156395 -135.88411
281252204097844 0 0 -72.992355 -85.18379 -135.91821
281252214140865 0 0 -72.97642 -85.21809 -135.93445
281252224183417 0 0 -72.95561 -85.26794 -135.95651
281252234226594 0 0 -72.92839 -85.3084 -135.97943
281252244271021 0 0 -72.89618 -85.33553 -135.9993
281252254315188 0 0 -72.86154 -85.354065 -136.02516
281252264360031 0 0 -72.82632 -85.37585 -136.0388
281252274406594 0 0 -72.79544 -85.40966 -136.05533
281252284453208 0 0 -72.76271 -85.438736 -136.075
281252294501021 0 0 -72.72178 -85.47133 -136.10663
281252304548104 0 0 -72.67792 -85.50252 -136.12004
281252314595969 0 0 -72.627426 -85.53179 -136.10425
281252324642792 0 0 -72.56967 -85.56909 -136.1138
281252334692531 0 0 -72.509865 -85.61004 -136.13696
281252344741750 0 0 -72.45199 -85.6415 -136.14311
281252354789979 0 0 -72.38951 -85.68397 -136.1395
281252364835448 0 0 -72.32325 -85.729065 -136.12537
281252374881542 0 0 -72.26222 -85.760735 -136.09677
281252384929094 0 0 -72.1898 -85.79543 -136.07288
281252394974615 0 0 -72.11003 -85.83238 -136.02753
281252405018677 0 0 -72.02939 -85.86494 -135.99905
281252415062688 0 0 -71.94351 -85.88897 -135.98802
281252425108052 0 0 -71.86053 -85.92072 -135.9776
281252435153417 0 0 -71.767296 -85.94757 -135.97679
281252445197531 0 0 -71.67536 -85.96978 -135.97581
281252455240865 0 0 -71.59083 -86.00355 -135.96185
281252465286490 0 0 -71.50422 -86.0361 -135.93683
281252475333677 0 0 -71.41615 -86.07188 -135.91049
281252485383833 0 0 -71.32098 -86.111046 -135.89705
281252495432636 0 0 -71.21887 -86.15341 -135.89313
281252505481386 0 0 -71.11186 -86.19878 -135.89172
281252515528417 0 0 -70.997025 -86.23808 -135.87112
281252525575708 0 0 -70.88143 -86.268234 -135.84799
281252535623417 0 0 -70.76568 -86.29372 -135.82881
281252545668469 0 0 -70.64967 -86.32717 -135.824
281252555712792 0 0 -70.52655 -86.36037 -135.84392
281252565757844 0 0 -70.399666 -86.38819 -135.85245
281252575801177 0 0 -70.2809 -86.42746 -135.84781
281252585847167 0 0 -70.16129 -86.47013 -135.85083
281252595895188 0 0 -70.032745 -86.51179 -135.86339
281252605942792 0 0 -69.89994 -86.54442 -135.88322
281252615990656 0 0 -69.76544 -86.57207 -135.90047
281252626037219 0 0 -69.628 -86.59928 -135.9284
281252636084927 0 0 -69.48389 -86.62491 -135.93675
281252646132583 0 0 -69.33454 -86.64556 -135.94386
281252656178886 0 0 -69.17761 -86.65739 -135.95636
281252666224511 0 0 -69.00628 -86.664314 -135.97346
281252676271646 0 0 -68.83446 -86.683525 -136.00186
281252686317636 0 0 -68.66046 -86.701744 -136.01889
281252696362583 0 0 -68.47998 -86.71466 -136.0226
281252706407011 0 0 -68.308075 -86.735954 -136.03487
281252716452271 0 0 -68.12464 -86.74408 -136.05022
281252726498781 0 0 -67.92991 -86.739204 -136.06548
281252736546698 0 0 -67.73575 -86.75064 -136.08292
281252746593990 0 0 -67.531715 -86.757095 -136.0975
281252756640240 0 0 -67.32744 -86.7594 -136.11896
281252766688677 0 0 -67.12217 -86.76505 -136.12627
281252776736125 0 0 -66.910545 -86.75025 -136.14716
281252786782844 0 0 -66.69258 -86.727135 -136.16692
281252796833052 0 0 -66.47244 -86.72436 -136.18074
281252806879927 0 0 -66.25055 -86.71745 -136.19888
281252816925292 0 0 -66.02136 -86.69408 -136.22179
281252826968833 0 0 -65.79363 -86.675354 -136.25179
281252837014823 0 0 -65.56925 -86.64849 -136.27144
281252847063156 0 0 -65.341194 -86.617805 -136.29274
281252857110292 0 0 -65.10773 -86.583435 -136.31935
281252867157063 0 0 -64.867065 -86.54486 -136.33612
281252877205240 0 0 -64.627304 -86.51927 -136.35796
281252887252427 0 0 -64.38991 -86.49025 -136.38594
281252897299354 0 0 -64.149864 -86.44921 -136.41135
281252907343938 0 0 -63.913403 -86.41305 -136.437
281252917387844 0 0 -63.66982 -86.37272 -136.45282
281252927433000 0 0 -63.413536 -86.32853 -136.47319
281252937477115 0 0 -63.14876 -86.26846 -136.49573
281252947522792 0 0 -62.88563 -86.19671 -136.50218
281252957569979 0 0 -62.623367 -86.12278 -136.52815
281252967614719 0 0 -62.3596 -86.042076 -136.558
281252977661542 0 0 -62.10109 -85.96256 -136.57478
281252987708365 0 0 -61.832806 -85.8719 -136.59456
281252997754406 0 0 -61.559902 -85.77897 -136.6259
281253007799406 0 0 -61.29062 -85.68806 -136.6634
281253017846177 0 0 -61.018112 -85.57785 -136.68839
281253027892636 0 0 -60.748024 -85.4617 -136.71614
281253037938729 0 0 -60.480892 -85.34393 -136.74994
281253047984875 0 0 -60.215347 -85.22851 -136.78731
281253058028938 0 0 -59.951992 -85.11992 -136.84082
281253068073417 0 0 -59.68791 -84.984955 -136.89867
281253078118573 0 0 -59.429707 -84.85658 -136.94933
281253088164823 0 0 -59.169724 -84.734215 -136.98894
281253098209354 0 0 -58.905228 -84.58554 -137.03116
281253108255188 0 0 -58.64978 -84.44006 -137.07454
281253118302063 0 0 -58.40238 -84.318 -137.11804
281253128350344 0 0 -58.15072 -84.173996 -137.17365
281253138397063 0 0 -57.89685 -84.00807 -137.22495
281253148441490 0 0 -57.648018 -83.85786 -137.27946
281253158487427 0 0 -57.399647 -83.71917 -137.35057
281253168531490 0 0 -57.155144 -83.57478 -137.41049
281253178578261 0 0 -56.918797 -83.417046 -137.46675
281253188622115 0 0 -56.68868 -83.24646 -137.52618
281253198666750 0 0 -56.45951 -83.06703 -137.58751
281253208711021 0 0 -56.226715 -82.89868 -137.63834
281253218754719 0 0 -55.997326 -82.73734 -137.67642
281253228801333 0 0 -55.78825 -82.572395 -137.73325
281253238849042 0 0 -55.586533 -82.406975 -137.79385
281253248897636 0 0 -55.37449 -82.2356 -137.83807
281253258943886 0 0 -55.168182 -82.05123 -137.87325
281253268988677 0 0 -54.967216 -81.8791 -137.91745
281253279035969 0 0 -54.770107 -81.72283 -137.96817
281253289083052 0 0 -54.57956 -81.56163 -138.01636
281253299129823 0 0 -54.392963 -81.39164 -138.06865
281253309174094 0 0 -54.215214 -81.22172 -138.13358
281253319218208 0 0 -54.037277 -81.05477 -138.18898
281253329262844 0 0 -53.861588 -80.895836 -138.26273
281253339307636 0 0 -53.693913 -80.73187 -138.32668
281253349353573 0 0 -53.53089 -80.56693 -138.38235
281253359398313 0 0 -53.373745 -80.39777 -138.45099
281253369442740 0 0 -53.22282 -80.24028 -138.51807
281253379486750 0 0 -53.077404 -80.090225 -138.58655
281253389530604 0 0 -52.935616 -79.93526 -138.65894
281253399579250 0 0 -52.798378 -79.795425 -138.72426
281253409628677 0 0 -52.66142 -79.65413 -138.78552
281253419674771 0 0 -52.52854 -79.51209 -138.85724
281253429718833 0 0 -52.405178 -79.38174 -138.93869
281253439762531 0 0 -52.27806 -79.24951 -139.01375
281253449806646 0 0 -52.151638 -79.118835 -139.05669
281253459852271 0 0 -52.02903 -78.98694 -139.10425
281253469898573 0 0 -51.895664 -78.85745 -139.16103
281253479943781 0 0 -51.764397 -78.72679 -139.22581
281253489990813 0 0 -51.642696 -78.594986 -139.28998
281253500038781 0 0 -51.518948 -78.473724 -139.35182
281253510085344 0 0 -51.39771 -78.35481 -139.4093
281253520130552 0 0 -51.275757 -78.24166 -139.44823
281253530176542 0 0 -51.143177 -78.11778 -139.4798
281253540225240 0 0 -51.01817 -78.0049 -139.51625
281253550275708 0 0 -50.90119 -77.90669 -139.55145
281253560326177 0 0 -50.782665 -77.822685 -139.59134
281253570373938 0 0 -50.659603 -77.74393 -139.6235
281253580421281 0 0 -50.54044 -77.650475 -139.6531
281253590468573 0 0 -50.433098 -77.559425 -139.68555
281253600515552 0 0 -50.327198 -77.47855 -139.72453
281253610564302 0 0 -50.23024 -77.40789 -139.76768
281253620611125 0 0 -50.132195 -77.330086 -139.80078
281253630657323 0 0 -50.032482 -77.24128 -139.82693
281253640704615 0 0 -49.932995 -77.14205 -139.85509
281253650751594 0 0 -49.83362 -77.04486 -139.88635
281253660799719 0 0 -49.74057 -76.95446 -139.93478
281253670849094 0 0 -49.652576 -76.86158 -139.97157
281253680898573 0 0 -49.568123 -76.782555 -139.99886
281253690950708 0 0 -49.483337 -76.71728 -140.02731
281253700997948 0 0 -49.39477 -76.6405 -140.04324
281253711045708 0 0 -49.310574 -76.5574 -140.06357
281253721092219 0 0 -49.231728 -76.48834 -140.08351
281253731139198 0 0 -49.15304 -76.43694 -140.10498
281253741188156 0 0 -49.073574 -76.36996 -140.11899
281253751236177 0 0 -48.99454 -76.29601 -140.1292
281253761280708 0 0 -48.91581 -76.228035 -140.15242
281253771328417 0 0 -48.838642 -76.161194 -140.16896
281253781375240 0 0 -48.76044 -76.103676 -140.18356
281253791423938 0 0 -48.688156 -76.05153 -140.19695
281253801471750 0 0 -48.619923 -75.99246 -140.21165
281253811519250 0 0 -48.545647 -75.92188 -140.22093
281253821565031 0 0 -48.46155 -75.85256 -140.23962
281253831609927 0 0 -48.379025 -75.79709 -140.26532
281253841652323 0 0 -48.30371 -75.755165 -140.28998
281253851696542 0 0 -48.224255 -75.71347 -140.30336
281253861740136 0 0 -48.145817 -75.66831 -140.31003
281253871784615 0 0 -48.070835 -75.624115 -140.31601
281253881830344 0 0 -47.992397 -75.57258 -140.32571
281253891877271 0 0 -47.909397 -75.50565 -140.33867
281253901923261 0 0 -47.831844 -75.4402 -140.35023
281253911966646 0 0 -47.75588 -75.37587 -140.35535
281253922012583 0 0 -47.675777 -75.31211 -140.34645
281253932058052 0 0 -47.60282 -75.26216 -140.34032
281253942105083 0 0 -47.531197 -75.225555 -140.33858
281253952152271 0 0 -47.458656 -75.17328 -140.33607
281253962199250 0 0 -47.38958 -75.109985 -140.33504
281253972245708 0 0 -47.322376 -75.06389 -140.32289
281253982290396 0 0 -47.250164 -75.02667 -140.31364
281253992337688 0 0 -47.171963 -74.97771 -140.30566
281254002386333 0 0 -47.10476 -74.929924 -140.29192
281254012433990 0 0 -47.05329 -74.89185 -140.27803
281254022481177 0 0 -47.00144 -74.87083 -140.26634
281254032526073 0 0 -46.945694 -74.8418 -140.2525
281254042571542 0 0 -46.884937 -74.797035 -140.2455
281254052617583 0 0 -46.82163 -74.75294 -140.23665
281254062666125 0 0 -46.76818 -74.73031 -140.22415
281254072713938 0 0 -46.723347 -74.708694 -140.21902
281254082760969 0 0 -46.67835 -74.667496 -140.22491
281254092805448 0 0 -46.633686 -74.62273 -140.22113
281254102853833 0 0 -46.587322 -74.586494 -140.20647
281254112901229 0 0 -46.541176 -74.55945 -140.20242
281254122950500 0 0 -46.501614 -74.53292 -140.19054
281254133000500 0 0 -46.469097 -74.51111 -140.17427
281254143048417 0 0 -46.435917 -74.49451 -140.18092
281254153094927 0 0 -46.396572 -74.46985 -140.18874
281254163140396 0 0 -46.3618 -74.44561 -140.18903
281254173185240 0 0 -46.32962 -74.421814 -140.18564
281254183231021 0 0 -46.29808 -74.3986 -140.18544
281254193278833 0 0 -46.26092 -74.37156 -140.18672
281254203327271 0 0 -46.220726 -74.345146 -140.19534
281254213373104 0 0 -46.183804 -74.32405 -140.22214
281254223418261 0 0 -46.13952 -74.2982 -140.2255
281254233463521 0 0 -46.091198 -74.26392 -140.2108
281254243507479 0 0 -46.051502 -74.21877 -140.20547
281254253550396 0 0 -46.016373 -74.174866 -140.20537
281254263596490 0 0 -45.978756 -74.135796 -140.20659
281254273642948 0 0 -45.94814 -74.1018 -140.2063
281254283687531 0 0 -45.920727 -74.06084 -140.21696
281254293732115 0 0 -45.885136 -74.01245 -140.2355
281254303777688 0 0 -45.843296 -73.96909 -140.26234
281254313824406 0 0 -45.801693 -73.92281 -140.2978
281254323871906 0 0 -45.768497 -73.87678 -140.30225
281254333917740 0 0 -45.744713 -73.83961 -140.28915
281254343965604 0 0 -45.722668 -73.80007 -140.30363
281254354012167 0 0 -45.691162 -73.74499 -140.32863
281254364058469 0 0 -45.65158 -73.68225 -140.34561
281254374104927 0 0 -45.61962 -73.62937 -140.3672
281254384154094 0 0 -45.592655 -73.58177 -140.38745
281254394204354 0 0 -45.5601 -73.51869 -140.41074
281254404254927 0 0 -45.52643 -73.44467 -140.43608
281254414307323 0 0 -45.496494 -73.380295 -140.45764
281254424357271 0 0 -45.469074 -73.31677 -140.4626
281254434405865 0 0 -45.440426 -73.24275 -140.48245
281254444454979 0 0 -45.40927 -73.16247 -140.51767
281254454503833 0 0 -45.380653 -73.08324 -140.53291
281254464555865 0 0 -45.34895 -72.9932 -140.54782
281254474606750 0 0 -45.306797 -72.88043 -140.57285
281254484657115 0 0 -45.263012 -72.76598 -140.60396
281254494707479 0 0 -45.224583 -72.64603 -140.63861
281254504753729 0 0 -45.188236 -72.5246 -140.67491
281254514799302 0 0 -45.1551 -72.40967 -140.70699
281254524847375 0 0 -45.12628 -72.30918 -140.73222
281254534894094 0 0 -45.09426 -72.210915 -140.76743
281254544940344 0 0 -45.05746 -72.09027 -140.81065
281254554986594 0 0 -45.017757 -71.95948 -140.84674
281254565034511 0 0 -44.98072 -71.83167 -140.8909
281254575082636 0 0 -44.947617 -71.702354 -140.92973
281254585130344 0 0 -44.91648 -71.57139 -140.96078
281254595179198 0 0 -44.891617 -71.44365 -141.00201
281254605227531 0 0 -44.865494 -71.30597 -141.03558
281254615276958 0 0 -44.83683 -71.16277 -141.06865
281254625325396 0 0 -44.809452 -71.014435 -141.1032
281254635373261 0 0 -44.78404 -70.85302 -141.14137
281254645423417 0 0 -44.75912 -70.69512 -141.18814
281254655473417 0 0 -44.726566 -70.53605 -141.23602
281254665523000 0 0 -44.69597 -70.37614 -141.28218
281254675570813 0 0 -44.67484 -70.215576 -141.32127
281254685618052 0 0 -44.652485 -70.03392 -141.36407
281254695664563 0 0 -44.62809 -69.85228 -141.42197
281254705713052 0 0 -44.60406 -69.68639 -141.47675
281254715759719 0 0 -44.586178 -69.524055 -141.52872
281254725806854 0 0 -44.57185 -69.36069 -141.56898
281254735855500 0 0 -44.56359 -69.18842 -141.60248
281254745903417 0 0 -44.55938 -69.007935 -141.6455
281254755947896 0 0 -44.549015 -68.82664 -141.68288
281254765993000 0 0 -44.550293 -68.637215 -141.71811
281254776038833 0 0 -44.56038 -68.44811 -141.75899
281254786085813 0 0 -44.562 -68.27088 -141.80849
281254796134198 0 0 -44.55735 -68.09258 -141.84914
281254806182063 0 0 -44.55598 -67.9139 -141.88763
281254816229771 0 0 -44.565945 -67.7395 -141.93135
281254826278677 0 0 -44.580784 -67.564674 -141.9723
281254836325761 0 0 -44.58543 -67.37653 -142.00764
281254846372688 0 0 -44.591404 -67.175896 -142.04036
281254856416490 0 0 -44.603024 -66.96762 -142.07892
281254866460969 0 0 -44.62502 -66.77193 -142.11118
281254876505031 0 0 -44.65035 -66.58019 -142.13855
281254886549563 0 0 -44.669624 -66.38019 -142.17526
281254896595136 0 0 -44.690628 -66.16018 -142.22084
281254906639979 0 0 -44.719334 -65.949165 -142.26968
281254916686490 0 0 -44.753696 -65.74717 -142.33165
281254926732948 0 0 -44.789967 -65.54115 -142.39085
281254936778781 0 0 -44.83176 -65.34337 -142.44115
281254946824719 0 0 -44.88155 -65.14598 -142.49365
281254956871333 0 0 -44.93117 -64.932274 -142.54611
281254966918261 0 0 -44.981083 -64.71913 -142.60612
281254976964615 0 0 -45.038116 -64.51484 -142.66911
281254987011281 0 0 -45.092964 -64.29379 -142.71681
281254997059094 0 0 -45.14989 -64.0735 -142.77159
281255007106125 0 0 -45.21261 -63.85432 -142.83841
281255017151594 0 0 -45.280422 -63.631733 -142.90436
281255027197427 0 0 -45.347588 -63.40537 -142.9649
281255037242896 0 0 -45.421066 -63.171574 -143.02083
281255047286438 0 0 -45.50258 -62.93143 -143.09659
281255057331438 0 0 -45.58447 -62.684006 -143.17224
281255067375552 0 0 -45.671665 -62.437622 -143.24081
281255077421281 0 0 -45.76019 -62.204308 -143.30473
281255087466438 0 0 -45.841988 -61.967266 -143.36497
281255097509458 0 0 -45.932842 -61.73152 -143.42667
281255107555917 0 0 -46.0232 -61.496395 -143.48637
281255117605136 0 0 -46.112335 -61.270653 -143.56381
281255127652740 0 0 -46.21039 -61.045967 -143.64235
281255137700969 0 0 -46.311546 -60.821976 -143.72055
281255147749302 0 0 -46.407734 -60.58187 -143.79306
281255157795969 0 0 -46.500206 -60.334435 -143.86664
281255167844042 0 0 -46.602146 -60.09252 -143.9416
281255177892063 0 0 -46.70913 -59.838966 -143.999
281255187938729 0 0 -46.81407 -59.578197 -144.05095
281255197984094 0 0 -46.91747 -59.327217 -144.11452
281255208032219 0 0 -47.022587 -59.08144 -144.17883
281255218079198 0 0 -47.13253 -58.836987 -144.24564
281255228126646 0 0 -47.24417 -58.585114 -144.30258
281255238173886 0 0 -47.35474 -58.34661 -144.3619
281255248221021 0 0 -47.471794 -58.121773 -144.43063
281255258266229 0 0 -47.596016 -57.88978 -144.50026
281255268312688 0 0 -47.72094 -57.658546 -144.57028
281255278357427 0 0 -47.846653 -57.415375 -144.62395
281255288402688 0 0 -47.973034 -57.173 -144.6721
281255298450188 0 0 -48.091816 -56.939873 -144.73677
281255308497479 0 0 -48.20455 -56.699173 -144.80322
281255318545240 0 0 -48.318096 -56.47146 -144.86507
281255328591854 0 0 -48.43867 -56.26038 -144.90842
281255338637792 0 0 -48.56131 -56.045235 -144.93945
281255348684146 0 0 -48.686546 -55.830906 -144.98045
281255358730656 0 0 -48.806774 -55.617237 -145.03659
281255368778469 0 0 -48.92401 -55.403835 -145.09453
281255378826750 0 0 -49.04456 -55.194798 -145.1465
281255388872636 0 0 -49.171627 -54.97388 -145.19014
281255398919511 0 0 -49.301685 -54.769913 -145.23549
281255408966177 0 0 -49.427113 -54.58243 -145.28789
281255419011802 0 0 -49.54505 -54.390617 -145.34618
281255429057063 0 0 -49.663807 -54.198586 -145.39886
281255439103417 0 0 -49.78408 -53.99828 -145.44821
281255449150188 0 0 -49.90006 -53.80193 -145.49713
281255459198313 0 0 -50.009243 -53.617302 -145.54092
281255469244667 0 0 -50.125523 -53.449074 -145.5853
281255479291021 0 0 -50.253254 -53.288868 -145.62816
281255489337427 0 0 -50.374897 -53.10707 -145.66273
281255499383052 0 0 -50.485363 -52.920593 -145.70158
281255509428938 0 0 -50.59277 -52.758545 -145.75111
281255519473104 0 0 -50.70047 -52.604046 -145.8024
281255529517011 0 0 -50.8112 -52.436405 -145.8465
281255539560708 0 0 -50.92583 -52.28845 -145.88315
281255549603990 0 0 -51.03991 -52.15608 -145.929
281255559647583 0 0 -51.148518 -52.03034 -145.97527
281255569691490 0 0 -51.254955 -51.90691 -146.01436
281255579736854 0 0 -51.358093 -51.777744 -146.05228
281255589779719 0 0 -51.458546 -51.647106 -146.08923
281255599821438 0 0 -51.55885 -51.519276 -146.12799
281255609866177 0 0 -51.652225 -51.385544 -146.16359
281255619911021 0 0 -51.74431 -51.258804 -146.20491
281255629956333 0 0 -51.83702 -51.138664 -146.24191
281255640000500 0 0 -51.922203 -51.020763 -146.27986
281255650044719 0 0 -52.01062 -50.91366 -146.31944
281255660089719 0 0 -52.09173 -50.796375 -146.36188
281255670134563 0 0 -52.166252 -50.67323 -146.4073
281255680178729 0 0 -52.24858 -50.565117 -146.45015
281255690224406 0 0 -52.33175 -50.46322 -146.48866
281255700272219 0 0 -52.415752 -50.367096 -146.51358
281255710317115 0 0 -52.499344 -50.26879 -146.5341
281255720362844 0 0 -52.58007 -50.16467 -146.5663
281255730407583 0 0 -52.659763 -50.06654 -146.59181
281255740450240 0 0 -52.733944 -49.982613 -146.6222
281255750492375 0 0 -52.802258 -49.89657 -146.66536
281255760533677 0 0 -52.869907 -49.80402 -146.70358
281255770573729 0 0 -52.93242 -49.713215 -146.74216
281255780615344 0 0 -52.997456 -49.624348 -146.77884
281255790658886 0 0 -53.062027 -49.51698 -146.8158
281255800700344 0 0 -53.122227 -49.40353 -146.85216
281255810745396 0 0 -53.176773 -49.299812 -146.8743
281255820792375 0 0 -53.234463 -49.214935 -146.9056
281255830839198 0 0 -53.29853 -49.132225 -146.94025
281255840883938 0 0 -53.36014 -49.042477 -146.9582
281255850929250 0 0 -53.41662 -48.96674 -146.9812
281255860972948 0 0 -53.46677 -48.908474 -147.00053
281255871018469 0 0 -53.516052 -48.838924 -147.0121
281255881062323 0 0 -53.57128 -48.767246 -147.03033
281255891105552 0 0 -53.629036 -48.709682 -147.05759
281255901149198 0 0 -53.678802 -48.644783 -147.08246
281255911195031 0 0 -53.72264 -48.572536 -147.0982
281255921241073 0 0 -53.76747 -48.502216 -147.12555
281255931286906 0 0 -53.81388 -48.43737 -147.14886
281255941333052 0 0 -53.861374 -48.361443 -147.16376
281255951377479 0 0 -53.908607 -48.279125 -147.18362
281255961420708 0 0 -53.95111 -48.19845 -147.20734
281255971465500 0 0 -53.992764 -48.119484 -147.23369
281255981512219 0 0 -54.03654 -48.06218 -147.24803
281255991558521 0 0 -54.078724 -48.01427 -147.26616
281256001604250 0 0 -54.12571 -47.96772 -147.28848
281256011651386 0 0 -54.173656 -47.92175 -147.29732
281256021697063 0 0 -54.227463 -47.885303 -147.31093
281256031742792 0 0 -54.27511 -47.85371 -147.33238
281256041788677 0 0 -54.314972 -47.81415 -147.34846
281256051837115 0 0 -54.35981 -47.763744 -147.37386
281256061887636 0 0 -54.3981 -47.713943 -147.3942
281256071933573 0 0 -54.435017 -47.661167 -147.41702
281256081978261 0 0 -54.473785 -47.60128 -147.43475
281256092023677 0 0 -54.508724 -47.53402 -147.44295
281256102070083 0 0 -54.55474 -47.485027 -147.4552
281256112116386 0 0 -54.604206 -47.440933 -147.45692
281256122163781 0 0 -54.65399 -47.39337 -147.4485
281256132211333 0 0 -54.70346 -47.33935 -147.46112
281256142256750 0 0 -54.744377 -47.286385 -147.48196
281256152300917 0 0 -54.79319 -47.242733 -147.4943
281256162346542 0 0 -54.847412 -47.19159 -147.49127
281256172393000 0 0 -54.898186 -47.125378 -147.49687
281256182438521 0 0 -54.948513 -47.064915 -147.5119
281256192482479 0 0 -54.996414 -47.021633 -147.5192
281256202526802 0 0 -55.042637 -46.987564 -147.53354
281256212571802 0 0 -55.087944 -46.953865 -147.53824
281256222615396 0 0 -55.12939 -46.900455 -147.54497
281256232661021 0 0 -55.169415 -46.844322 -147.56073
281256242708365 0 0 -55.21112 -46.793365 -147.5727
281256252755604 0 0 -55.25705 -46.739727 -147.58876
281256262802740 0 0 -55.30831 -46.69125 -147.59679
281256272849511 0 0 -55.35795 -46.63975 -147.60757
281256282896958 0 0 -55.40729 -46.58146 -147.62654
281256292943833 0 0 -55.45623 -46.528442 -147.64532
281256302989979 0 0 -55.507347 -46.473038 -147.678
281256313035969 0 0 -55.568172 -46.414818 -147.70021
281256323084563 0 0 -55.636646 -46.353653 -147.70963
281256333131802 0 0 -55.707497 -46.294163 -147.72708
281256343180656 0 0 -55.775642 -46.23969 -147.73871
281256353230240 0 0 -55.84313 -46.178375 -147.75539
281256363279823 0 0 -55.909378 -46.10605 -147.77057
281256373328000 0 0 -55.979954 -46.03527 -147.78064
281256383373469 0 0 -56.0604 -45.966625 -147.7965
281256393418938 0 0 -56.13676 -45.894882 -147.80304
281256403467740 0 0 -56.214672 -45.83303 -147.81552
281256413517792 0 0 -56.298695 -45.760426 -147.82436
281256423564823 0 0 -56.386074 -45.685387 -147.83113
281256433613417 0 0 -56.479248 -45.612408 -147.84488
281256443661646 0 0 -56.573135 -45.533028 -147.86307
281256453708886 0 0 -56.666306 -45.463455 -147.88129
281256463753990 0 0 -56.759018 -45.378605 -147.88475
281256473797688 0 0 -56.859287 -45.295578 -147.87909
281256483843052 0 0 -56.970646 -45.226776 -147.86766
281256493888261 0 0 -57.080345 -45.163666 -147.86288
281256503932219 0 0 -57.185455 -45.086056 -147.87613
281256513979979 0 0 -57.29179 -44.994072 -147.89598
281256524025656 0 0 -57.4015 -44.91638 -147.9149
281256534069927 0 0 -57.520187 -44.85277 -147.92812
281256544117896 0 0 -57.637127 -44.794415 -147.93814
281256554164198 0 0 -57.758068 -44.729187 -147.9422
281256564211021 0 0 -57.889194 -44.66181 -147.94829
281256574256646 0 0 -58.018963 -44.591972 -147.95973
281256584299927 0 0 -58.15234 -44.527836 -147.96945
281256594342740 0 0 -58.291874 -44.461105 -147.97285
281256604385604 0 0 -58.43544 -44.4041 -147.97491
281256614428625 0 0 -58.579315 -44.344055 -147.96938
281256624472063 0 0 -58.726658 -44.277683 -147.97377
281256634517792 0 0 -58.883564 -44.22131 -147.97823
281256644565136 0 0 -59.046776 -44.16627 -147.97667
281256654613573 0 0 -59.21237 -44.112938 -147.98593
281256664660188 0 0 -59.385216 -44.069305 -147.99571
281256674706646 0 0 -59.55529 -44.018517 -148.00745
281256684751594 0 0 -59.72817 -43.97304 -148.01747
281256694796646 0 0 -59.90065 -43.93643 -148.01778
281256704842792 0 0 -60.081573 -43.905445 -148.02737
281256714888625 0 0 -60.266277 -43.887676 -148.0388
281256724937011 0 0 -60.45168 -43.874382 -148.04596
281256734983521 0 0 -60.644047 -43.85774 -148.05252
281256745030656 0 0 -60.83327 -43.83329 -148.058
281256755076594 0 0 -61.03057 -43.81402 -148.06642
281256765122427 0 0 -61.231453 -43.79528 -148.06932
281256775167219 0 0 -61.435104 -43.78552 -148.0771
281256785212427 0 0 -61.651524 -43.788754 -148.08083
281256795259511 0 0 -61.864227 -43.79592 -148.08156
281256805305813 0 0 -62.07816 -43.81589 -148.09734
281256815353104 0 0 -62.29972 -43.83994 -148.10963
281256825399094 0 0 -62.51868 -43.86377 -148.12735
281256835445083 0 0 -62.737007 -43.887455 -148.14983
281256845490083 0 0 -62.961067 -43.90284 -148.16809
281256855536333 0 0 -63.190674 -43.922226 -148.18025
281256865582375 0 0 -63.425694 -43.945328 -148.1802
281256875627375 0 0 -63.660908 -43.976494 -148.18567
281256885673729 0 0 -63.900158 -44.01528 -148.18294
281256895717896 0 0 -64.141495 -44.049747 -148.18718
281256905763625 0 0 -64.3799 -44.083797 -148.197
281256915807740 0 0 -64.623375 -44.1336 -148.19894
281256925852375 0 0 -64.87374 -44.199528 -148.2113
281256935898521 0 0 -65.12359 -44.25634 -148.22757
281256945946802 0 0 -65.37661 -44.316166 -148.23523
281256955993573 0 0 -65.63148 -44.370724 -148.23405
281256966042323 0 0 -65.88941 -44.42834 -148.22461
281256976089719 0 0 -66.14707 -44.49333 -148.22087
281256986138417 0 0 -66.40277 -44.553146 -148.219
281256996186073 0 0 -66.65142 -44.611485 -148.21149
281257006233261 0 0 -66.90436 -44.681618 -148.21495
281257016282896 0 0 -67.16348 -44.762768 -148.2099
281257026332479 0 0 -67.41245 -44.83375 -148.19943
281257036382271 0 0 -67.665855 -44.90373 -148.18948
281257046431333 0 0 -67.91981 -44.972378 -148.17494
281257056480656 0 0 -68.17243 -45.03998 -148.1658
281257066529563 0 0 -68.42422 -45.122486 -148.15083
281257076576073 0 0 -68.67207 -45.211098 -148.1241
281257086620604 0 0 -68.91949 -45.278183 -148.11026
281257096665188 0 0 -69.161804 -45.356365 -148.10408
281257106709563 0 0 -69.40089 -45.457508 -148.09978
281257116755813 0 0 -69.63853 -45.54022 -148.08685
281257126802115 0 0 -69.8753 -45.608845 -148.06256
281257136849250 0 0 -70.113464 -45.692417 -148.03218
281257146897479 0 0 -70.35793 -45.79959 -148.01382
281257156944979 0 0 -70.604416 -45.900963 -147.99963
281257166990240 0 0 -70.84779 -46.000027 -147.97581
281257177035813 0 0 -71.084274 -46.109486 -147.96042
281257187081646 0 0 -71.3141 -46.217205 -147.96149
281257197128000 0 0 -71.541336 -46.310486 -147.9577
281257207176490 0 0 -71.77149 -46.413883 -147.9373
281257217222583 0 0 -72.000626 -46.52744 -147.91423
281257227267896 0 0 -72.22714 -46.62674 -147.89615
281257237315396 0 0 -72.4548 -46.72446 -147.88298
281257247361646 0 0 -72.68342 -46.83222 -147.85707
281257257409979 0 0 -72.90112 -46.945473 -147.82497
281257267460656 0 0 -73.11072 -47.056767 -147.8071
281257277510448 0 0 -73.3136 -47.161858 -147.7962
281257287557375 0 0 -73.52224 -47.281357 -147.78094
281257297603677 0 0 -73.729034 -47.41485 -147.7668
281257307651698 0 0 -73.931114 -47.541683 -147.75584
281257317701438 0 0 -74.135414 -47.67028 -147.74362
281257327749719 0 0 -74.331696 -47.80818 -147.72769
281257337797792 0 0 -74.52332 -47.95124 -147.7068
281257347845031 0 0 -74.71485 -48.091743 -147.69145
281257357893261 0 0 -74.91008 -48.230103 -147.68663
281257367938938 0 0 -75.10134 -48.365543 -147.67879
281257377985344 0 0 -75.283844 -48.48943 -147.65625
281257388032011 0 0 -75.46457 -48.610893 -147.63359
281257398080396 0 0 -75.64098 -48.738075 -147.61235
281257408126906 0 0 -75.82066 -48.870857 -147.58401
281257418171073 0 0 -76.00858 -49.005627 -147.55931
281257428217531 0 0 -76.19525 -49.141674 -147.5285
281257438262583 0 0 -76.37235 -49.287327 -147.51051
281257448310344 0 0 -76.546524 -49.434402 -147.49931
281257458355708 0 0 -76.70843 -49.570347 -147.49954
281257468401125 0 0 -76.86331 -49.70333 -147.49777
281257478447167 0 0 -77.024414 -49.84579 -147.48192
281257488493938 0 0 -77.18476 -49.98977 -147.47226
281257498540500 0 0 -77.341896 -50.130333 -147.4472
281257508586229 0 0 -77.49208 -50.268246 -147.43312
281257518632531 0 0 -77.63735 -50.40385 -147.43547
281257528680188 0 0 -77.78174 -50.52426 -147.42671
281257538729354 0 0 -77.92325 -50.642166 -147.41501
281257548779042 0 0 -78.05686 -50.761414 -147.39919
281257558830448 0 0 -78.190544 -50.857544 -147.36852
281257568879302 0 0 -78.328926 -50.964314 -147.3405
281257578928313 0 0 -78.466156 -51.094006 -147.3304
281257588976021 0 0 -78.60367 -51.22934 -147.32033
281257599018573 0 0 -78.73389 -51.369373 -147.29697
281257609065344 0 0 -78.85399 -51.506714 -147.28566
281257619108938 0 0 -78.96692 -51.60898 -147.28859
281257629154042 0 0 -79.08138 -51.70891 -147.27786
281257639199354 0 0 -79.19792 -51.81065 -147.25395
281257649246906 0 0 -79.310974 -51.90206 -147.227
281257659294458 0 0 -79.42481 -52.000004 -147.20355
281257669343990 0 0 -79.53331 -52.088146 -147.1932
281257679393573 0 0 -79.640335 -52.16648 -147.18523
281257689441802 0 0 -79.75522 -52.247646 -147.1748
281257699492063 0 0 -79.86277 -52.330177 -147.1384
281257709539198 0 0 -79.964226 -52.423344 -147.11125
281257719586906 0 0 -80.061874 -52.50265 -147.09341
281257729633469 0 0 -80.153305 -52.564102 -147.08194
281257739681021 0 0 -80.24466 -52.636936 -147.08064
281257749729667 0 0 -80.34045 -52.71229 -147.06853
281257759780500 0 0 -80.43422 -52.798084 -147.04845
281257769831646 0 0 -80.52174 -52.87803 -147.03282
281257779880188 0 0 -80.60381 -52.9445 -147.03307
281257789927219 0 0 -80.685394 -53.018032 -147.03995
281257799974511 0 0 -80.7703 -53.098 -147.0335
281257810021229 0 0 -80.8535 -53.176357 -147.02716
281257820069094 0 0 -80.935036 -53.25315 -147.02095
281257830117427 0 0 -81.01695 -53.315914 -147.0038
281257840165500 0 0 -81.09097 -53.373127 -146.98848
281257850212063 0 0 -81.1622 -53.433113 -146.97112
281257860261854 0 0 -81.225174 -53.483833 -146.96474
281257870311906 0 0 -81.28923 -53.550045 -146.9624
281257880362011 0 0 -81.362724 -53.61141 -146.96278
281257890411125 0 0 -81.43674 -53.65956 -146.96767
281257900459042 0 0 -81.50114 -53.70187 -146.95891
281257910508573 0 0 -81.56791 -53.755497 -146.94412
281257920557948 0 0 -81.636406 -53.81631 -146.92947
281257930607948 0 0 -81.699745 -53.87609 -146.9256
281257940661021 0 0 -81.76124 -53.930794 -146.92784
281257950710708 0 0 -81.819 -53.980007 -146.92416
281257960760761 0 0 -81.876915 -54.023777 -146.90732
281257970810292 0 0 -81.93685 -54.062584 -146.88638
281257980860240 0 0 -81.995476 -54.112545 -146.85767
281257990908781 0 0 -82.05103 -54.161224 -146.82385
281258000958000 0 0 -82.10254 -54.188316 -146.7866
281258011005500 0 0 -82.15547 -54.219337 -146.7591
281258021054458 0 0 -82.20721 -54.262497 -146.74889
281258031103313 0 0 -82.252365 -54.292255 -146.7363
281258041152375 0 0 -82.294716 -54.32177 -146.737
281258051200656 0 0 -82.33928 -54.35885 -146.7344
281258061250500 0 0 -82.38355 -54.399082 -146.72581
281258071302271 0 0 -82.43742 -54.459488 -146.72238
281258081351958 0 0 -82.48715 -54.51009 -146.70982
281258091400240 0 0 -82.52714 -54.55163 -146.71185
281258101448729 0 0 -82.56892 -54.584152 -146.7092
281258111495813 0 0 -82.61246 -54.607735 -146.69884
281258121544667 0 0 -82.65123 -54.64317 -146.6972
281258131593573 0 0 -82.687805 -54.693966 -146.69128
281258141641125 0 0 -82.719986 -54.731575 -146.69168
281258151688156 0 0 -82.74977 -54.755505 -146.67278
281258161735552 0 0 -82.78756 -54.799644 -146.65355
281258171783365 0 0 -82.82823 -54.855576 -146.6441
281258181830865 0 0 -82.86127 -54.90137 -146.61742
281258191877844 0 0 -82.88621 -54.934063 -146.60172
281258201925604 0 0 -82.91313 -54.97006 -146.57973
281258211975240 0 0 -82.93882 -55.013165 -146.54977
281258222023052 0 0 -82.972694 -55.064266 -146.53105
281258232071281 0 0 -83.01473 -55.110558 -146.5097
281258242118365 0 0 -83.047195 -55.147564 -146.49376
281258252167479 0 0 -83.07771 -55.18787 -146.47888
281258262217479 0 0 -83.11141 -55.22708 -146.45071
281258272268938 0 0 -83.14893 -55.25708 -146.40854
281258282316490 0 0 -83.18757 -55.28673 -146.37291
281258292363625 0 0 -83.21976 -55.315807 -146.34592
281258302410448 0 0 -83.2507 -55.340405 -146.3255
281258312459302 0 0 -83.2815 -55.380856 -146.30685
281258322509875 0 0 -83.31298 -55.416668 -146.29405
281258332558833 0 0 -83.35065 -55.460354 -146.28645
281258342609406 0 0 -83.383675 -55.515182 -146.27817
281258352660031 0 0 -83.410645 -55.543507 -146.24759
281258362707531 0 0 -83.44462 -55.57109 -146.20291
281258372756073 0 0 -83.48155 -55.610905 -146.17165
281258382804354 0 0 -83.51644 -55.654163 -146.148
281258392851854 0 0 -83.558876 -55.68887 -146.12785
281258402899979 0 0 -83.6054 -55.73131 -146.11052
281258412945031 0 0 -83.646614 -55.76887 -146.1007
281258422990083 0 0 -83.68888 -55.805737 -146.0905
281258433036073 0 0 -83.72902 -55.84549 -146.0688
281258443081021 0 0 -83.765274 -55.876488 -146.05705
281258453126698 0 0 -83.811424 -55.915066 -146.03378
281258463171646 0 0 -83.85607 -55.94825 -145.9952
281258473214198 0 0 -83.90227 -55.985336 -145.9695
281258483255865 0 0 -83.96061 -56.03445 -145.94466
281258493296333 0 0 -84.017654 -56.0947 -145.91835
281258503339511 0 0 -84.07603 -56.15833 -145.90468
281258513384458 0 0 -84.13077 -56.216427 -145.88852
281258523428365 0 0 -84.18135 -56.26478 -145.86351
281258533470761 0 0 -84.22962 -56.315876 -145.83041
281258543515083 0 0 -84.2794 -56.370224 -145.80072
281258553560136 0 0 -84.32995 -56.43599 -145.77846
281258563605917 0 0 -84.385605 -56.51686 -145.75319
281258573651281 0 0 -84.44569 -56.608322 -145.72166
281258583697011 0 0 -84.50138 -56.70182 -145.68898
281258593741854 0 0 -84.554054 -56.79368 -145.66687
281258603787531 0 0 -84.604385 -56.88753 -145.63972
281258613831490 0 0 -84.66738 -56.995632 -145.59184
281258623876750 0 0 -84.725815 -57.117786 -145.5474
281258633920448 0 0 -84.7661 -57.236904 -145.5089
281258643964406 0 0 -84.807335 -57.36593 -145.47177
281258654007792 0 0 -84.852104 -57.49658 -145.43446
281258664052427 0 0 -84.900925 -57.632946 -145.39719
281258674094563 0 0 -84.952385 -57.779312 -145.37315
281258684137115 0 0 -85.004005 -57.930634 -145.34065
281258694178208 0 0 -85.05011 -58.08659 -145.30154
281258704223104 0 0 -85.09447 -58.26005 -145.27155
281258714267896 0 0 -85.13722 -58.43806 -145.23999
281258724312740 0 0 -85.1829 -58.61241 -145.20172
281258734356906 0 0 -85.22815 -58.79875 -145.14064
281258744402583 0 0 -85.26743 -58.985184 -145.07953
281258754446906 0 0 -85.30533 -59.163853 -145.02258
281258764491125 0 0 -85.33858 -59.350727 -144.9597
281258774533990 0 0 -85.36667 -59.54204 -144.9064
281258784577948 0 0 -85.38795 -59.72535 -144.85878
281258794620656 0 0 -85.409134 -59.933723 -144.82086
281258804666542 0 0 -85.43911 -60.16225 -144.76761
281258814714667 0 0 -85.46426 -60.369457 -144.70583
281258824761802 0 0 -85.487015 -60.572414 -144.64586
281258834807427 0 0 -85.5066 -60.79137 -144.58354
281258844853729 0 0 -85.52261 -61.00981 -144.52068
281258854900136 0 0 -85.53383 -61.231567 -144.4518
281258864945604 0 0 -85.5434 -61.465015 -144.3831
281258874990813 0 0 -85.55007 -61.71387 -144.31223
281258885036386 0 0 -85.546486 -61.965145 -144.23407
281258895081906 0 0 -85.54283 -62.224022 -144.17111
281258905125552 0 0 -85.535484 -62.47742 -144.10744
281258915169458 0 0 -85.52064 -62.737198 -144.03285
281258925210552 0 0 -85.502075 -63.016026 -143.96321
281258935254250 0 0 -85.478226 -63.289238 -143.89977
281258945298729 0 0 -85.4498 -63.560482 -143.827
281258955343781 0 0 -85.41487 -63.842064 -143.74992
281258965390917 0 0 -85.3725 -64.1139 -143.68268
281258975438521 0 0 -85.32708 -64.3924 -143.61906
281258985484979 0 0 -85.278114 -64.67267 -143.5401
281258995531854 0 0 -85.225784 -64.94267 -143.45117
281259005576594 0 0 -85.17804 -65.2321 -143.37459
281259015621646 0 0 -85.11863 -65.519485 -143.3068
281259025666958 0 0 -85.04662 -65.79657 -143.24408
281259035711802 0 0 -84.97667 -66.071754 -143.17036
281259045756490 0 0 -84.90741 -66.34965 -143.1022
281259055800761 0 0 -84.836365 -66.62572 -143.0305
281259065845813 0 0 -84.76358 -66.89961 -142.94286
281259075890917 0 0 -84.68847 -67.1683 -142.87056
281259085935083 0 0 -84.60792 -67.43551 -142.80528
281259095979198 0 0 -84.52769 -67.70129 -142.73895
281259106025708 0 0 -84.44528 -67.96166 -142.67506
281259116072688 0 0 -84.362526 -68.22889 -142.61105
281259126117375 0 0 -84.285225 -68.49071 -142.54411
281259136160969 0 0 -84.19819 -68.74634 -142.46631
281259146205083 0 0 -84.105095 -69.02138 -142.40396
281259156250344 0 0 -84.00996 -69.303345 -142.35449
281259166294406 0 0 -83.91487 -69.57914 -142.29411
281259176335292 0 0 -83.82055 -69.84122 -142.23769
281259186375396 0 0 -83.71753 -70.0894 -142.1817
281259196415656 0 0 -83.61657 -70.33281 -142.13307
281259206457375 0 0 -83.51385 -70.571236 -142.08653
281259216501542 0 0 -83.41246 -70.81287 -142.03564
281259226550396 0 0 -83.309425 -71.03718 -141.97948
281259236593208 0 0 -83.20617 -71.24035 -141.92056
281259246636438 0 0 -83.10603 -71.46008 -141.87062
281259256680031 0 0 -83.0046 -71.69162 -141.82416
281259266724458 0 0 -82.90826 -71.926895 -141.78157
281259276767948 0 0 -82.81314 -72.16566 -141.74391
281259286811594 0 0 -82.71747 -72.395256 -141.70114
281259296856906 0 0 -82.620636 -72.61202 -141.6594
281259306901490 0 0 -82.52128 -72.83243 -141.62056
281259316944615 0 0 -82.42075 -73.05203 -141.5745
281259326991906 0 0 -82.330345 -73.27167 -141.52728
281259337037115 0 0 -82.23436 -73.473946 -141.46965
281259347082844 0 0 -82.13406 -73.66767 -141.40842
281259357129719 0 0 -82.041885 -73.87426 -141.35431
281259367173000 0 0 -81.952774 -74.08462 -141.29547
281259377216177 0 0 -81.86604 -74.294846 -141.23802
281259387262063 0 0 -81.77844 -74.508675 -141.17387
281259397307479 0 0 -81.69072 -74.71813 -141.11157
281259407351542 0 0 -81.59721 -74.92362 -141.06837
281259417395083 0 0 -81.49924 -75.13251 -141.0162
281259427439146 0 0 -81.405594 -75.35308 -140.95029
281259437484563 0 0 -81.302635 -75.55623 -140.87543
281259447529146 0 0 -81.19433 -75.74289 -140.80629
281259457573104 0 0 -81.0968 -75.94648 -140.73785
281259467616958 0 0 -81.00054 -76.153694 -140.65929
281259477662427 0 0 -80.90065 -76.344666 -140.59216
281259487709615 0 0 -80.80393 -76.53993 -140.52365
281259497758313 0 0 -80.711494 -76.74781 -140.46042
281259507806073 0 0 -80.61266 -76.95938 -140.40167
281259517850188 0 0 -80.503975 -77.16153 -140.32858
281259527895917 0 0 -80.39308 -77.35563 -140.26411
281259537943000 0 0 -80.28311 -77.54979 -140.19858
281259547990344 0 0 -80.166046 -77.72729 -140.12978
281259558038729 0 0 -80.04694 -77.89743 -140.07574
281259568087427 0 0 -79.93141 -78.07226 -140.02008
281259578135136 0 0 -79.82127 -78.251816 -139.96536
281259588182948 0 0 -79.70512 -78.435036 -139.89624
281259598228365 0 0 -79.587555 -78.6142 -139.82341
281259608275917 0 0 -79.472786 -78.80644 -139.76274
281259618322740 0 0 -79.35456 -79.00655 -139.69678
281259628369771 0 0 -79.23931 -79.20623 -139.61674
281259638416333 0 0 -79.12394 -79.39689 -139.51375
281259648464719 0 0 -79.01087 -79.58354 -139.40657
281259658513156 0 0 -78.907486 -79.77925 -139.3098
281259668562688 0 0 -78.80051 -79.970856 -139.21666
281259678609406 0 0 -78.68817 -80.158104 -139.12141
281259688657740 0 0 -78.57809 -80.34131 -139.01872
281259698705969 0 0 -78.4714 -80.52892 -138.91537
281259708752636 0 0 -78.36804 -80.72084 -138.81139
281259718800761 0 0 -78.262985 -80.90859 -138.70436
281259728848208 0 0 -78.15994 -81.10428 -138.58507
281259738896906 0 0 -78.06144 -81.30001 -138.46155
281259748945813 0 0 -77.96608 -81.50023 -138.34714
281259758995396 0 0 -77.87323 -81.700325 -138.22899
281259769043261 0 0 -77.78722 -81.90449 -138.10626
281259779090500 0 0 -77.70352 -82.10874 -137.98933
281259789136125 0 0 -77.62343 -82.3083 -137.8555
281259799181125 0 0 -77.548615 -82.51578 -137.71193
281259809227427 0 0 -77.47269 -82.72761 -137.58522
281259819274875 0 0 -77.39887 -82.939095 -137.455
281259829321386 0 0 -77.33339 -83.154396 -137.31677
281259839369719 0 0 -77.26358 -83.36439 -137.15802
281259849418104 0 0 -77.18823 -83.573494 -136.98932
281259859465813 0 0 -77.115 -83.78217 -136.81487
281259869513781 0 0 -77.04384 -83.990456 -136.63475
281259879563156 0 0 -76.974 -84.20609 -136.43755
281259889615136 0 0 -76.90168 -84.42874 -136.22159
281259899664667 0 0 -76.83131 -84.66289 -136.00201
281259909712583 0 0 -76.76355 -84.89998 -135.7717
281259919761177 0 0 -76.69398 -85.13599 -135.53795
281259929809927 0 0 -76.629585 -85.36717 -135.30154
281259939860031 0 0 -76.570145 -85.605484 -135.05118
281259949908938 0 0 -76.50992 -85.85064 -134.79199
281259959957844 0 0 -76.44277 -86.0863 -134.53383
281259970007011 0 0 -76.37192 -86.32063 -134.26714
281259980054302 0 0 -76.307465 -86.55812 -133.99265
281259990102375 0 0 -76.24998 -86.79063 -133.70949
281260000149875 0 0 -76.19238 -87.02155 -133.40474
281260010200813 0 0 -76.13829 -87.26391 -133.09433
281260020253521 0 0 -76.084 -87.50485 -132.77214
281260030303365 0 0 -76.027664 -87.74393 -132.42976
281260040352583 0 0 -75.97118 -87.981705 -132.07947
281260050401333 0 0 -75.91833 -88.21834 -131.72026
281260060450656 0 0 -75.86466 -88.449745 -131.35634
281260070499354 0 0 -75.80762 -88.68388 -130.98312
281260080546958 0 0 -75.763535 -88.92928 -130.59361
281260090593990 0 0 -75.71528 -89.17323 -130.20135
281260100640656 0 0 -75.66612 -89.411896 -129.8082
281260110685604 0 0 -75.62493 -89.64146 -129.4081
281260120730448 0 0 -75.58529 -89.85786 -129.00261
281260130774771 0 0 -75.548935 -90.07365 -128.59245
281260140821021 0 0 -75.51509 -90.296715 -128.16924
281260150869927 0 0 -75.48076 -90.50674 -127.74153
281260160917063 0 0 -75.44667 -90.69554 -127.30244
281260170961594 0 0 -75.41201 -90.883606 -126.84498
281260181010396 0 0 -75.384766 -91.08819 -126.38391
281260191055813 0 0 -75.35301 -91.2923 -125.92791
281260201102792 0 0 -75.31272 -91.467026 -125.465904
281260211151646 0 0 -75.28021 -91.633804 -124.99194
281260221200969 0 0 -75.25521 -91.80511 -124.5106
281260231248781 0 0 -75.2319 -91.980835 -124.03004
281260241296542 0 0 -75.2066 -92.14856 -123.55015
281260251344406 0 0 -75.17934 -92.30843 -123.07091
281260261391802 0 0 -75.15829 -92.46507 -122.5934
281260271437948 0 0 -75.13827 -92.62212 -122.11015
281260281484771 0 0 -75.11795 -92.78386 -121.62818
281260291529302 0 0 -75.09429 -92.941666 -121.14154
281260301572896 0 0 -75.06559 -93.08345 -120.65278
281260311616958 0 0 -75.0482 -93.218254 -120.157776
281260321662531 0 0 -75.03118 -93.34975 -119.65394
281260331708261 0 0 -75.01262 -93.47843 -119.15766
281260341754511 0 0 -74.99457 -93.59199 -118.66082
281260351802063 0 0 -74.964516 -93.682045 -118.16324
281260361848938 0 0 -74.93249 -93.77784 -117.66162
281260371897479 0 0 -74.90547 -93.87554 -117.1566
281260381946021 0 0 -74.8835 -93.96295 -116.65029
281260391994042 0 0 -74.86764 -94.04838 -116.14003
281260402040344 0 0 -74.84268 -94.13145 -115.63356
281260412085136 0 0 -74.818954 -94.204285 -115.12391
281260422129927 0 0 -74.79817 -94.27992 -114.62725
281260432175188 0 0 -74.77723 -94.34963 -114.131
281260442219198 0 0 -74.75496 -94.40522 -113.631714
281260452265604 0 0 -74.728065 -94.46352 -113.141106
281260462310448 0 0 -74.70478 -94.528786 -112.65715
281260472354302 0 0 -74.68079 -94.584335 -112.17633
281260482398261 0 0 -74.66225 -94.64688 -111.698204
281260492443521 0 0 -74.64478 -94.69984 -111.22243
281260502487896 0 0 -74.622734 -94.743195 -110.75074
281260512535813 0 0 -74.593575 -94.785446 -110.29062
281260522579771 0 0 -74.56196 -94.81836 -109.83385
281260532625969 0 0 -74.5384 -94.8628 -109.37571
281260542672948 0 0 -74.517784 -94.910614 -108.9295
281260552720083 0 0 -74.487564 -94.95295 -108.49174
281260562768781 0 0 -74.46289 -95.00308 -108.071335
281260572818417 0 0 -74.44379 -95.04809 -107.65122
281260582867375 0 0 -74.42389 -95.08409 -107.2423
281260592916854 0 0 -74.403206 -95.111374 -106.84742
281260602963677 0 0 -74.37919 -95.13746 -106.44611
281260613010031 0 0 -74.36002 -95.16704 -106.04572
281260623054615 0 0 -74.340645 -95.19223 -105.662605
281260633100136 0 0 -74.32601 -95.22135 -105.29246
281260643145031 0 0 -74.314735 -95.25804 -104.92648
281260653190969 0 0 -74.29366 -95.28969 -104.573555
281260663235708 0 0 -74.2756 -95.31314 -104.24183
281260673278677 0 0 -74.257324 -95.331604 -103.90416
281260683323521 0 0 -74.23565 -95.349266 -103.56498
281260693368417 0 0 -74.221825 -95.37937 -103.240875
281260703414094 0 0 -74.20946 -95.41697 -102.92053
281260713461854 0 0 -74.19427 -95.44576 -102.61296
281260723510552 0 0 -74.17442 -95.46575 -102.31539
281260733558417 0 0 -74.15688 -95.484985 -102.01079
281260743607115 0 0 -74.14075 -95.52438 -101.71696
281260753654250 0 0 -74.11608 -95.567085 -101.44144
281260763702167 0 0 -74.09144 -95.59259 -101.170074
281260773749979 0 0 -74.07237 -95.61356 -100.89917
281260783798313 0 0 -74.05934 -95.63441 -100.635124
281260793847531 0 0 -74.03903 -95.65437 -100.372375
281260803897792 0 0 -74.019005 -95.68629 -100.119156
281260813945448 0 0 -74.004326 -95.72609 -99.8766
281260823994094 0 0 -73.98499 -95.75677 -99.639626
281260834041958 0 0 -73.96864 -95.77875 -99.40591
281260844090865 0 0 -73.95899 -95.79224 -99.1711
281260854139511 0 0 -73.94636 -95.80922 -98.9361
281260864187219 0 0 -73.93893 -95.8344 -98.71135
281260874235708 0 0 -73.927864 -95.85895 -98.492226
281260884283833 0 0 -73.91065 -95.89105 -98.28328
281260894330552 0 0 -73.898865 -95.9186 -98.076675
281260904378781 0 0 -73.881775 -95.93307 -97.871605
281260914426906 0 0 -73.86749 -95.951614 -97.67653
281260924473938 0 0 -73.86106 -95.96973 -97.47379
281260934520656 0 0 -73.85358 -95.97938 -97.27786
281260944569511 0 0 -73.855545 -96.0017 -97.09353
281260954618729 0 0 -73.85182 -96.02308 -96.90522
281260964666750 0 0 -73.842636 -96.03159 -96.72125
281260974713261 0 0 -73.83422 -96.044136 -96.54432
281260984757948 0 0 -73.81902 -96.06017 -96.3703
281260994804198 0 0 -73.8092 -96.071976 -96.19787
281261004853156 0 0 -73.80205 -96.08761 -96.025375
281261014901698 0 0 -73.7975 -96.107605 -95.87158
281261024949823 0 0 -73.793655 -96.13058 -95.69926
281261034995969 0 0 -73.78364 -96.148895 -95.535034
281261045042688 0 0 -73.77275 -96.14683 -95.38502
281261055088417 0 0 -73.75891 -96.14857 -95.233116
281261065134354 0 0 -73.74521 -96.163025 -95.10101
281261075180656 0 0 -73.73805 -96.18066 -94.94513
281261085226438 0 0 -73.73033 -96.20607 -94.79334
281261095270761 0 0 -73.717094 -96.23119 -94.658775
281261105317167 0 0 -73.699196 -96.246864 -94.5089
281261115363990 0 0 -73.68165 -96.26233 -94.36516
281261125411333 0 0 -73.663155 -96.281624 -94.22817
281261135456750 0 0 -73.64564 -96.304214 -94.08169
281261145502011 0 0 -73.62847 -96.326454 -93.94127
281261155548261 0 0 -73.60975 -96.348495 -93.813576
281261165594458 0 0 -73.59269 -96.36637 -93.697044
281261175640448 0 0 -73.57527 -96.391914 -93.580696
281261185682219 0 0 -73.5502 -96.40025 -93.46451
281261195725604 0 0 -73.52199 -96.39596 -93.34748
281261205770083 0 0 -73.49235 -96.403305 -93.215805
281261215812219 0 0 -73.46201 -96.41464 -93.09068
281261225855656 0 0 -73.4291 -96.429726 -92.969376
281261235899354 0 0 -73.39368 -96.44807 -92.839355
281261245943365 0 0 -73.36404 -96.46202 -92.70695
281261255990136 0 0 -73.32002 -96.46265 -92.571144
281261266034979 0 0 -73.27442 -96.459305 -92.444695
281261276081490 0 0 -73.233955 -96.47291 -92.333466
281261286128052 0 0 -73.19231 -96.4981 -92.216835
281261296172636 0 0 -73.14961 -96.52283 -92.10625
281261306217219 0 0 -73.092804 -96.534424 -92.00433
281261316264302 0 0 -73.030876 -96.5416 -91.90905
281261326311750 0 0 -72.9689 -96.55236 -91.80708
281261336359563 0 0 -72.90253 -96.5623 -91.69637
281261346404511 0 0 -72.83113 -96.57999 -91.59056
281261356447636 0 0 -72.75176 -96.596794 -91.48346
281261366489875 0 0 -72.67457 -96.617775 -91.39119
281261376535448 0 0 -72.600204 -96.6342 -91.29686
281261386583052 0 0 -72.519775 -96.64984 -91.20042
281261396630344 0 0 -72.43342 -96.66512 -91.1144
281261406679250 0 0 -72.34125 -96.679535 -91.02299
281261416727844 0 0 -72.24774 -96.69763 -90.93474
281261426777896 0 0 -72.15563 -96.699234 -90.853134
281261436827583 0 0 -72.05335 -96.70836 -90.77126
281261446879198 0 0 -71.95052 -96.72497 -90.68006
281261456928417 0 0 -71.84542 -96.73701 -90.591644
281261466980656 0 0 -71.7286 -96.74448 -90.514946
281261477031386 0 0 -71.61286 -96.75531 -90.424965
281261487079511 0 0 -71.48945 -96.76172 -90.345665
281261497127896 0 0 -71.36343 -96.77232 -90.28231
281261507174615 0 0 -71.23289 -96.79849 -90.214485
281261517225865 0 0 -71.09618 -96.8159 -90.15609
281261527278521 0 0 -70.961754 -96.8163 -90.08814
281261537328833 0 0 -70.82251 -96.81644 -90.02383
281261547378990 0 0 -70.6784 -96.82857 -89.9642
281261557426281 0 0 -70.53347 -96.839806 -89.89133
281261567473990 0 0 -70.378365 -96.838135 -89.822685
281261577519615 0 0 -70.21697 -96.83629 -89.76137
281261587567688 0 0 -70.05111 -96.84668 -89.71091
281261597617636 0 0 -69.88406 -96.86477 -89.66041
281261607664979 0 0 -69.70981 -96.87418 -89.61959
281261617712375 0 0 -69.53077 -96.89213 -89.60774
281261627759094 0 0 -69.3465 -96.9135 -89.59914
281261637805917 0 0 -69.15096 -96.92139 -89.58469
281261647853313 0 0 -68.95381 -96.91659 -89.56794
281261657900500 0 0 -68.75426 -96.91983 -89.55417
281261667949042 0 0 -68.557274 -96.93908 -89.536354
281261677995656 0 0 -68.356155 -96.95348 -89.51783
281261688041906 0 0 -68.15532 -96.967476 -89.5008
281261698088156 0 0 -67.94531 -96.98064 -89.484924
281261708134563 0 0 -67.71948 -96.98471 -89.47459
281261718182792 0 0 -67.494965 -96.99288 -89.472015
281261728228625 0 0 -67.27371 -97.00482 -89.46713
281261738276229 0 0 -67.04437 -97.00794 -89.465324
281261748324094 0 0 -66.80891 -97.014725 -89.46712
281261758375188 0 0 -66.565475 -97.02504 -89.47301
281261768423000 0 0 -66.32016 -97.02727 -89.49566
281261778470500 0 0 -66.07353 -97.02527 -89.52246
281261788515604 0 0 -65.822365 -97.03523 -89.55268
281261798562792 0 0 -65.57431 -97.04494 -89.58286
281261808607688 0 0 -65.31821 -97.04187 -89.61832
281261818654667 0 0 -65.056595 -97.03035 -89.65548
281261828703000 0 0 -64.80091 -97.01092 -89.69094
281261838750240 0 0 -64.540245 -96.99991 -89.73569
281261848799250 0 0 -64.2764 -97.00904 -89.77767
281261858846906 0 0 -64.013405 -97.02611 -89.824005
281261868897688 0 0 -63.746864 -97.03511 -89.893105
281261878947583 0 0 -63.477104 -97.02323 -89.9615
281261888994146 0 0 -63.212723 -97.02415 -90.03902
281261899042688 0 0 -62.944027 -97.03759 -90.137665
281261909091281 0 0 -62.66576 -97.03792 -90.23455
281261919139563 0 0 -62.386154 -97.04157 -90.31634
281261929186177 0 0 -62.111618 -97.04126 -90.402504
281261939230917 0 0 -61.84087 -97.02907 -90.4988
281261949276698 0 0 -61.576694 -97.025734 -90.60604
281261959323052 0 0 -61.312027 -97.03472 -90.72021
281261969369615 0 0 -61.042652 -97.039116 -90.834694
281261979418781 0 0 -60.776146 -97.03926 -90.947266
281261989467896 0 0 -60.513096 -97.03976 -91.07062
281261999517531 0 0 -60.25284 -97.036285 -91.1981
281262009566646 0 0 -59.999126 -97.02874 -91.31913
281262019614250 0 0 -59.74051 -97.017555 -91.45903
281262029661750 0 0 -59.482014 -97.01071 -91.60424
281262039711802 0 0 -59.23301 -97.00823 -91.74564
281262049760761 0 0 -58.98597 -96.99764 -91.887474
281262059808469 0 0 -58.742626 -96.9913 -92.02719
281262069855396 0 0 -58.50147 -97.005615 -92.173004
281262079902583 0 0 -58.259014 -97.003426 -92.32558
281262089951750 0 0 -58.01207 -96.98882 -92.47988
281262100001802 0 0 -57.767467 -96.9827 -92.635735
281262110051958 0 0 -57.5266 -96.96849 -92.78806
281262120102271 0 0 -57.289394 -96.946365 -92.936935
281262130153469 0 0 -57.051273 -96.9246 -93.08763
281262140202063 0 0 -56.808563 -96.90306 -93.24119
281262150251698 0 0 -56.573055 -96.89847 -93.395584
281262160300396 0 0 -56.342293 -96.89428 -93.55622
281262170348990 0 0 -56.11817 -96.878204 -93.71815
281262180398938 0 0 -55.90287 -96.867096 -93.8884
281262190446750 0 0 -55.679913 -96.86397 -94.05952
281262200493677 0 0 -55.454628 -96.85231 -94.22223
281262210544198 0 0 -55.232136 -96.81664 -94.389336
281262220591594 0 0 -55.007206 -96.78618 -94.57419
281262230638938 0 0 -54.787262 -96.772766 -94.759796
281262240686333 0 0 -54.57116 -96.75511 -94.92901
281262250734198 0 0 -54.355614 -96.737785 -95.09907
281262260784198 0 0 -54.151188 -96.72941 -95.2707
281262270831333 0 0 -53.95847 -96.72155 -95.4397
281262280877583 0 0 -53.768337 -96.717995 -95.60917
281262290923261 0 0 -53.57956 -96.71045 -95.7787
281262300971229 0 0 -53.392773 -96.690544 -95.938034
281262311018729 0 0 -53.21341 -96.6831 -96.08484
281262321065083 0 0 -53.03825 -96.680214 -96.23823
281262331114198 0 0 -52.86655 -96.6777 -96.397934
281262341163781 0 0 -52.696304 -96.68689 -96.54056
281262351212792 0 0 -52.533974 -96.68788 -96.67823
281262361261542 0 0 -52.36994 -96.681046 -96.82945
281262371309719 0 0 -52.19684 -96.65363 -96.98256
281262381358000 0 0 -52.023457 -96.62613 -97.118126
281262391404563 0 0 -51.86159 -96.615974 -97.25629
281262401451542 0 0 -51.701664 -96.610374 -97.401794
281262411499563 0 0 -51.53564 -96.59181 -97.53045
281262421549250 0 0 -51.37293 -96.57352 -97.65342
281262431598886 0 0 -51.219746 -96.55967 -97.7662
281262441650031 0 0 -51.06338 -96.5414 -97.86573
281262451699563 0 0 -50.917847 -96.51171 -97.96608
281262461752063 0 0 -50.776367 -96.49103 -98.07108
281262471806125 0 0 -50.636997 -96.4789 -98.17495
281262481857115 0 0 -50.496696 -96.466995 -98.28094
281262491907740 0 0 -50.35557 -96.442856 -98.38164
281262501957792 0 0 -50.221058 -96.41954 -98.48542
281262512007011 0 0 -50.08784 -96.41287 -98.58591
281262522057063 0 0 -49.960354 -96.4147 -98.68734
281262532105396 0 0 -49.834152 -96.42043 -98.784355
281262542156281 0 0 -49.711758 -96.42201 -98.878685
281262552205552 0 0 -49.60139 -96.41184 -98.97337
281262562254250 0 0 -49.49574 -96.40552 -99.0502
281262572301906 0 0 -49.38468 -96.398865 -99.12148
281262582350865 0 0 -49.268417 -96.37985 -99.19244
281262592402011 0 0 -49.16201 -96.36157 -99.26285
281262602453261 0 0 -49.062675 -96.35251 -99.34672
281262612502063 0 0 -48.96278 -96.35129 -99.41792
281262622553886 0 0 -48.86793 -96.358154 -99.481316
281262632604667 0 0 -48.77759 -96.35701 -99.54815
281262642654042 0 0 -48.682247 -96.34729 -99.60868
281262652705188 0 0 -48.5907 -96.337616 -99.6612
281262662758000 0 0 -48.505337 -96.33237 -99.71175
281262672811073 0 0 -48.4211 -96.32323 -99.7642
281262682862531 0 0 -48.333027 -96.30194 -99.81924
281262692913729 0 0 -48.244843 -96.280914 -99.87061
281262702965188 0 0 -48.158295 -96.272865 -99.93147
281262713016646 0 0 -48.076557 -96.27304 -99.9847
281262723066750 0 0 -47.996483 -96.273 -100.03062
281262733117271 0 0 -47.90858 -96.27255 -100.0753
281262743168625 0 0 -47.823162 -96.26366 -100.10877
281262753220969 0 0 -47.750168 -96.25173 -100.1536
281262763270292 0 0 -47.67618 -96.23609 -100.204124
281262773320969 0 0 -47.596725 -96.224304 -100.24672
281262783371386 0 0 -47.52263 -96.21319 -100.29669
281262793421281 0 0 -47.450615 -96.2064 -100.345856
281262803470136 0 0 -47.380768 -96.191605 -100.393074
281262813518521 0 0 -47.315403 -96.18496 -100.4267
281262823568104 0 0 -47.242496 -96.182236 -100.462654
281262833617688 0 0 -47.167267 -96.17996 -100.51461
281262843666073 0 0 -47.097336 -96.17776 -100.56127
281262853712323 0 0 -47.03768 -96.171394 -100.59151
281262863761958 0 0 -46.975563 -96.15248 -100.611755
281262873811125 0 0 -46.902775 -96.12988 -100.64725
281262883861490 0 0 -46.837677 -96.112335 -100.689896
281262893910813 0 0 -46.78133 -96.10732 -100.72124
281262903960136 0 0 -46.71927 -96.09434 -100.762596
281262914010240 0 0 -46.656586 -96.080925 -100.78497
281262924061021 0 0 -46.59388 -96.0712 -100.78895
281262934111698 0 0 -46.534893 -96.066345 -100.808075
281262944158573 0 0 -46.482178 -96.05789 -100.83116
281262954206073 0 0 -46.434284 -96.04994 -100.8589
281262964253938 0 0 -46.382755 -96.062195 -100.88309
281262974299823 0 0 -46.329216 -96.06573 -100.90071
281262984348261 0 0 -46.282856 -96.08593 -100.92389
281262994396698 0 0 -46.232487 -96.09719 -100.94109
281263004442740 0 0 -46.187748 -96.08787 -100.95159
281263014492167 0 0 -46.14754 -96.0912 -100.965034
281263024542219 0 0 -46.105076 -96.086205 -100.97837
281263034591333 0 0 -46.059814 -96.06904 -100.99452
281263044641333 0 0 -46.020416 -96.06034 -101.00339
281263054690136 0 0 -45.987473 -96.05201 -101.01039
281263064737375 0 0 -45.95025 -96.035515 -101.017975
281263074784927 0 0 -45.91189 -96.01919 -101.02285
281263084837219 0 0 -45.874863 -96.00749 -101.03407
281263094890344 0 0 -45.838444 -96.00869 -101.05871
281263104941698 0 0 -45.802753 -96.01018 -101.0922
281263114993208 0 0 -45.77286 -96.00741 -101.11378
281263125042792 0 0 -45.739685 -96.01671 -101.13408
281263135094302 0 0 -45.7015 -96.02584 -101.161896
281263145145917 0 0 -45.67034 -96.03877 -101.178314
281263155196646 0 0 -45.634155 -96.05115 -101.19296
281263165249511 0 0 -45.597378 -96.06773 -101.22056
281263175302792 0 0 -45.56015 -96.076096 -101.25657
281263185352688 0 0 -45.523792 -96.07246 -101.30316
281263195402531 0 0 -45.492058 -96.05677 -101.346535
281263205452583 0 0 -45.465343 -96.04511 -101.37252
281263215502063 0 0 -45.433994 -96.04922 -101.38231
281263225552531 0 0 -45.398785 -96.06136 -101.3971
281263235603000 0 0 -45.36062 -96.0612 -101.42092
281263245653417 0 0 -45.320747 -96.05678 -101.441505
281263255704146 0 0 -45.2885 -96.06126 -101.47286
281263265754979 0 0 -45.261974 -96.06183 -101.50483
281263275809042 0 0 -45.239143 -96.05883 -101.547325
281263285863261 0 0 -45.216755 -96.05641 -101.60457
281263295916542 0 0 -45.18481 -96.049 -101.64455
281263305965292 0 0 -45.15211 -96.057816 -101.679375
281263316015396 0 0 -45.124535 -96.05885 -101.72391
281263326064042 0 0 -45.100105 -96.052 -101.772255
281263336112167 0 0 -45.07098 -96.06133 -101.81955
281263346161333 0 0 -45.038177 -96.05453 -101.88126
281263356208990 0 0 -45.006157 -96.03583 -101.94681
281263366258104 0 0 -44.980324 -96.02952 -101.99804
281263376308261 0 0 -44.952507 -96.020004 -102.07356
281263386357219 0 0 -44.920296 -96.002556 -102.154526
281263396406073 0 0 -44.884846 -95.99727 -102.22678
281263406457323 0 0 -44.854454 -95.99662 -102.30604
281263416508677 0 0 -44.827156 -95.99995 -102.3771
281263426560188 0 0 -44.789085 -96.00272 -102.44698
281263436611594 0 0 -44.756256 -95.997635 -102.519615
281263446663104 0 0 -44.72786 -95.99288 -102.59279
281263456716021 0 0 -44.6888 -95.976326 -102.68855
281263466769250 0 0 -44.653 -95.96437 -102.78516
281263476818052 0 0 -44.627243 -95.96532 -102.88124
281263486871906 0 0 -44.598206 -95.96643 -102.98592
281263496926802 0 0 -44.564095 -95.967026 -103.08083
281263506979406 0 0 -44.53196 -95.96409 -103.18866
281263517032115 0 0 -44.499283 -95.953316 -103.303276
281263527084458 0 0 -44.46856 -95.93882 -103.417946
281263537135917 0 0 -44.440212 -95.93724 -103.54025
281263547185448 0 0 -44.411842 -95.9319 -103.66924
281263557236750 0 0 -44.386623 -95.9189 -103.8035
281263567286750 0 0 -44.36073 -95.89816 -103.94088
281263577338104 0 0 -44.330997 -95.873405 -104.070206
281263587387844 0 0 -44.30128 -95.84505 -104.19671
281263597439511 0 0 -44.277214 -95.81376 -104.33129
281263607491854 0 0 -44.258446 -95.804085 -104.47608
281263617543417 0 0 -44.239334 -95.80306 -104.62827
281263627593938 0 0 -44.220005 -95.79848 -104.792786
281263637645188 0 0 -44.202362 -95.78995 -104.95324
281263647695448 0 0 -44.18954 -95.77409 -105.12397
281263657747479 0 0 -44.181328 -95.76309 -105.299736
281263667799302 0 0 -44.16703 -95.748024 -105.47345
281263677849563 0 0 -44.151707 -95.737816 -105.659996
281263687897636 0 0 -44.148 -95.72861 -105.85186
281263697947583 0 0 -44.143898 -95.70324 -106.03855
281263708001125 0 0 -44.149296 -95.67931 -106.237465
281263718051490 0 0 -44.159653 -95.65206 -106.433556
281263728102063 0 0 -44.165424 -95.621544 -106.63911
281263738153833 0 0 -44.181084 -95.59678 -106.85978
281263748205292 0 0 -44.195835 -95.56852 -107.07893
281263758257115 0 0 -44.20405 -95.53632 -107.28893
281263768309094 0 0 -44.216576 -95.496864 -107.49575
281263778361333 0 0 -44.230606 -95.47092 -107.711494
281263788412323 0 0 -44.24975 -95.470795 -107.942215
281263798465031 0 0 -44.271095 -95.462906 -108.17618
281263808516438 0 0 -44.294125 -95.431274 -108.41813
281263818565917 0 0 -44.319866 -95.396515 -108.66009
281263828618938 0 0 -44.346275 -95.37065 -108.89767
281263838671906 0 0 -44.37792 -95.33376 -109.14323
281263848723469 0 0 -44.410206 -95.294 -109.39553
281263858774875 0 0 -44.442425 -95.25945 -109.65231
281263868826125 0 0 -44.47775 -95.22635 -109.921524
281263878877583 0 0 -44.5192 -95.2023 -110.184044
281263888928365 0 0 -44.56488 -95.17503 -110.445625
281263898978104 0 0 -44.61412 -95.1404 -110.70296
281263909027271 0 0 -44.65988 -95.10262 -110.96482
281263919074823 0 0 -44.707188 -95.06987 -111.22414
281263929123208 0 0 -44.76545 -95.04236 -111.47821
281263939172375 0 0 -44.8382 -95.020935 -111.75097
281263949223469 0 0 -44.91138 -95.000206 -112.02398
281263959271438 0 0 -44.993076 -94.98463 -112.298164
281263969319667 0 0 -45.077732 -94.94932 -112.56985
281263979369458 0 0 -45.147022 -94.89803 -112.841805
281263989418104 0 0 -45.224335 -94.84841 -113.114815
281263999468729 0 0 -45.311436 -94.79994 -113.37278
281264009520136 0 0 -45.406082 -94.76573 -113.64577
281264019570708 0 0 -45.506943 -94.73698 -113.92367
281264029620813 0 0 -45.61026 -94.700584 -114.18765
281264039669719 0 0 -45.710304 -94.657036 -114.45526
281264049721802 0 0 -45.807762 -94.61076 -114.73297
281264059771802 0 0 -45.922688 -94.57047 -115.00898
281264069819406 0 0 -46.049652 -94.53985 -115.28208
281264079869406 0 0 -46.17032 -94.50981 -115.554
281264089919667 0 0 -46.29611 -94.48063 -115.818214
281264099966854 0 0 -46.421207 -94.452415 -116.08583
281264110014250 0 0 -46.54767 -94.41328 -116.36451
281264120061177 0 0 -46.68172 -94.36731 -116.640045
281264130106906 0 0 -46.812954 -94.33409 -116.8987
281264140153313 0 0 -46.947094 -94.31407 -117.154755
281264150201854 0 0 -47.088688 -94.28725 -117.42067
281264160249563 0 0 -47.23627 -94.25707 -117.675095
281264170296750 0 0 -47.388416 -94.22807 -117.9315
281264180346906 0 0 -47.535072 -94.19548 -118.1832
281264190398365 0 0 -47.68141 -94.155045 -118.41586
281264200449667 0 0 -47.828 -94.11124 -118.63629
281264210498521 0 0 -47.96959 -94.0807 -118.86019
281264220547792 0 0 -48.109035 -94.04317 -119.09423
281264230597896 0 0 -48.253952 -93.99828 -119.31415
281264240646854 0 0 -48.402893 -93.95066 -119.53341
281264250697219 0 0 -48.553215 -93.908424 -119.75361
281264260745917 0 0 -48.703434 -93.88755 -119.97034
281264270794719 0 0 -48.852512 -93.86747 -120.191505
281264280843313 0 0 -48.99493 -93.83574 -120.41755
281264290891125 0 0 -49.140728 -93.80873 -120.63131
281264300939406 0 0 -49.28433 -93.77371 -120.82735
281264310987479 0 0 -49.423862 -93.73119 -121.01905
281264321035761 0 0 -49.566113 -93.70258 -121.22508
281264331082583 0 0 -49.702293 -93.67863 -121.43139
281264341128052 0 0 -49.8402 -93.64725 -121.63456
281264351174771 0 0 -49.977245 -93.61635 -121.82687
281264361221750 0 0 -50.114014 -93.59034 -122.01808
281264371271646 0 0 -50.258778 -93.56195 -122.22689
281264381320865 0 0 -50.39804 -93.541695 -122.41741
281264391368208 0 0 -50.538742 -93.53769 -122.58559
281264401415031 0 0 -50.673668 -93.51327 -122.74938
281264411464146 0 0 -50.792118 -93.48468 -122.91054
281264421511177 0 0 -50.921112 -93.48201 -123.07928
281264431559563 0 0 -51.050602 -93.48745 -123.23825
281264441608208 0 0 -51.174435 -93.48431 -123.387955
281264451657375 0 0 -51.300262 -93.47342 -123.53882
281264461706906 0 0 -51.41992 -93.45017 -123.68038
281264471755292 0 0 -51.537746 -93.4316 -123.8224
281264481802427 0 0 -51.6532 -93.4131 -123.952194
281264491851802 0 0 -51.776955 -93.40379 -124.08636
281264501901854 0 0 -51.901424 -93.39049 -124.210266
281264511949823 0 0 -52.014523 -93.38134 -124.33778
281264521995708 0 0 -52.125313 -93.372696 -124.47207
281264532045396 0 0 -52.241356 -93.3764 -124.59326
281264542095292 0 0 -52.361305 -93.384636 -124.71989
281264552144615 0 0 -52.47779 -93.37205 -124.836174
281264562194146 0 0 -52.588882 -93.351135 -124.94093
281264572241333 0 0 -52.698875 -93.33937 -125.05955
281264582288417 0 0 -52.810307 -93.34021 -125.17581
281264592336073 0 0 -52.923874 -93.34505 -125.282585
281264602383833 0 0 -53.035866 -93.34186 -125.392494
281264612429823 0 0 -53.143696 -93.338776 -125.50385
281264622477896 0 0 -53.248684 -93.34358 -125.6046
281264632525865 0 0 -53.34603 -93.33555 -125.694496
281264642575344 0 0 -53.443893 -93.33236 -125.79783
281264652622583 0 0 -53.54353 -93.32977 -125.91041
281264662672271 0 0 -53.641903 -93.31889 -126.01356
281264672721750 0 0 -53.74078 -93.31219 -126.10803
281264682769511 0 0 -53.84012 -93.30999 -126.20647
281264692817271 0 0 -53.93555 -93.3085 -126.32531
281264702867479 0 0 -54.027798 -93.310875 -126.43632
281264712916177 0 0 -54.118896 -93.30475 -126.53476
281264722967531 0 0 -54.208775 -93.30295 -126.63457
281264733018886 0 0 -54.297318 -93.31732 -126.727486
281264743070448 0 0 -54.38408 -93.33151 -126.821655
281264753120344 0 0 -54.466724 -93.32911 -126.916245
281264763169771 0 0 -54.54712 -93.322655 -127.00873
281264773221073 0 0 -54.62403 -93.31606 -127.0937
281264783272636 0 0 -54.696934 -93.30512 -127.16796
281264793323938 0 0 -54.768944 -93.29892 -127.25341
281264803374979 0 0 -54.84575 -93.29734 -127.34189
281264813424511 0 0 -54.929733 -93.30394 -127.417366
281264823474406 0 0 -55.006386 -93.3098 -127.480545
281264833523000 0 0 -55.077843 -93.30296 -127.53617
281264843574094 0 0 -55.14857 -93.28875 -127.60845
281264853623469 0 0 -55.21787 -93.27472 -127.67615
281264863673625 0 0 -55.287544 -93.27328 -127.74309
281264873722115 0 0 -55.354496 -93.276215 -127.81879
281264883773000 0 0 -55.41766 -93.27441 -127.87775
281264893825292 0 0 -55.480858 -93.2688 -127.94101
281264903876906 0 0 -55.545254 -93.26747 -128.00262
281264913925292 0 0 -55.59631 -93.273834 -128.0642
281264923972896 0 0 -55.649498 -93.27671 -128.1419
281264934023833 0 0 -55.708008 -93.27158 -128.21545
281264944075396 0 0 -55.761578 -93.26622 -128.28241
281264954125188 0 0 -55.81784 -93.26089 -128.34064
281264964174823 0 0 -55.871677 -93.2596 -128.39534
281264974225136 0 0 -55.922424 -93.270615 -128.45378
281264984275240 0 0 -55.97026 -93.28145 -128.51472
281264994324823 0 0 -56.01348 -93.2797 -128.57442
281265004373833 0 0 -56.05596 -93.265434 -128.62239
281265014421438 0 0 -56.10123 -93.26392 -128.67255
281265024470552 0 0 -56.151127 -93.275085 -128.7274
281265034523313 0 0 -56.196396 -93.27334 -128.77179
281265044572896 0 0 -56.238865 -93.271255 -128.80647
281265054622636 0 0 -56.28484 -93.273544 -128.84265
281265064673156 0 0 -56.329174 -93.28424 -128.88843
281265074724302 0 0 -56.369556 -93.28645 -128.93344
281265084772531 0 0 -56.413475 -93.29285 -128.97662
281265094820604 0 0 -56.45957 -93.30748 -129.02188
281265104868104 0 0 -56.506165 -93.305336 -129.05807
281265114916229 0 0 -56.551247 -93.29882 -129.084
281265124964302 0 0 -56.592823 -93.30062 -129.11403
281265135013833 0 0 -56.632397 -93.294075 -129.13995
281265145063469 0 0 -56.674953 -93.28768 -129.16112
281265155111021 0 0 -56.720284 -93.2942 -129.19435
281265165158625 0 0 -56.75539 -93.28803 -129.22856
281265175207792 0 0 -56.785553 -93.265625 -129.26498
281265185257948 0 0 -56.820076 -93.251686 -129.29059
281265195308677 0 0 -56.861927 -93.25441 -129.30855
281265205356125 0 0 -56.90657 -93.26955 -129.3293
281265215403625 0 0 -56.94549 -93.26382 -129.3492
281265225452896 0 0 -56.98811 -93.250496 -129.37598
281265235505761 0 0 -57.037914 -93.25373 -129.39198
281265245558208 0 0 -57.084698 -93.26929 -129.41562
281265255609823 0 0 -57.128647 -93.28457 -129.44246
281265265662063 0 0 -57.1762 -93.29153 -129.46667
281265275714146 0 0 -57.22715 -93.30289 -129.49884
281265285768313 0 0 -57.281574 -93.3059 -129.52516
281265295820448 0 0 -57.341255 -93.30121 -129.55766
281265305871073 0 0 -57.40337 -93.309296 -129.5989
281265315920656 0 0 -57.45976 -93.324814 -129.62892
281265325970031 0 0 -57.510666 -93.33538 -129.64677
281265336021386 0 0 -57.566334 -93.333885 -129.66768
281265346072688 0 0 -57.62783 -93.32899 -129.6982
281265356123104 0 0 -57.686188 -93.32444 -129.738
281265366175448 0 0 -57.746574 -93.3159 -129.77258
281265376225396 0 0 -57.81375 -93.32392 -129.79933
281265386275813 0 0 -57.88583 -93.336075 -129.82405
281265396326438 0 0 -57.95847 -93.33591 -129.84969
281265406377583 0 0 -58.03342 -93.33597 -129.8768
281265416427115 0 0 -58.109215 -93.35223 -129.89792
281265426480656 0 0 -58.19354 -93.37269 -129.91913
281265436534563 0 0 -58.28124 -93.38903 -129.94426
281265446585552 0 0 -58.36726 -93.39311 -129.97708
281265456636073 0 0 -58.45721 -93.3973 -130.00757
281265466686906 0 0 -58.54724 -93.40147 -130.03688
281265476735552 0 0 -58.638626 -93.40167 -130.0674
281265486784042 0 0 -58.73312 -93.41031 -130.09969
281265496833156 0 0 -58.82949 -93.4189 -130.1302
281265506880604 0 0 -58.92769 -93.42734 -130.15587
281265516929042 0 0 -59.035233 -93.43619 -130.18388
281265526976333 0 0 -59.151337 -93.44103 -130.20465
281265537025813 0 0 -59.265125 -93.44609 -130.23436
281265547075500 0 0 -59.378506 -93.45132 -130.26915
281265557124406 0 0 -59.507763 -93.465004 -130.29234
281265567172323 0 0 -59.638893 -93.4704 -130.31297
281265577219146 0 0 -59.76501 -93.459694 -130.34488
281265587268521 0 0 -59.894417 -93.436844 -130.36395
281265597322063 0 0 -60.027996 -93.43498 -130.3794
281265607373833 0 0 -60.165096 -93.43807 -130.41176
281265617425136 0 0 -60.301434 -93.42923 -130.45111
281265627472740 0 0 -60.44253 -93.42061 -130.48117
281265637519198 0 0 -60.580784 -93.412056 -130.5075
281265647567115 0 0 -60.727478 -93.41619 -130.52798
281265657613417 0 0 -60.881935 -93.41631 -130.53824
281265667662115 0 0 -61.039104 -93.40448 -130.54857
281265677710813 0 0 -61.199936 -93.401695 -130.56989
281265687761125 0 0 -61.3657 -93.40331 -130.58871
281265697811073 0 0 -61.53319 -93.4012 -130.61153
281265707859458 0 0 -61.702953 -93.39921 -130.62907
281265717908365 0 0 -61.874393 -93.393036 -130.63503
281265727955240 0 0 -62.050014 -93.375206 -130.64369
281265738002115 0 0 -62.23142 -93.370186 -130.64742
281265748051125 0 0 -62.414284 -93.36156 -130.65543
281265758100083 0 0 -62.603603 -93.34559 -130.66885
281265768148990 0 0 -62.79796 -93.32636 -130.68526
281265778198000 0 0 -62.995247 -93.31581 -130.69691
281265788247063 0 0 -63.193527 -93.3137 -130.7045
281265798296125 0 0 -63.396656 -93.30815 -130.71828
281265808346906 0 0 -63.601284 -93.31494 -130.725
281265818397323 0 0 -63.80049 -93.32563 -130.73236
281265828446333 0 0 -63.999554 -93.324196 -130.74353
281265838494458 0 0 -64.20843 -93.32639 -130.72267
281265848542896 0 0 -64.41429 -93.33655 -130.6964
281265858591281 0 0 -64.61859 -93.33904 -130.68784
281265868639875 0 0 -64.832695 -93.3341 -130.68391
281265878688677 0 0 -65.05122 -93.337814 -130.68134
281265888737323 0 0 -65.27221 -93.34933 -130.66193
281265898787271 0 0 -65.500946 -93.34039 -130.63118
281265908837427 0 0 -65.730286 -93.31528 -130.59178
281265918883938 0 0 -65.958466 -93.31528 -130.55438
281265928930396 0 0 -66.190186 -93.31994 -130.52504
281265938978261 0 0 -66.42223 -93.33273 -130.49243
281265949028208 0 0 -66.654625 -93.35329 -130.4504
281265959078938 0 0 -66.89192 -93.36129 -130.39899
281265969129979 0 0 -67.127655 -93.364845 -130.33794
281265979179563 0 0 -67.3611 -93.372284 -130.27151
281265989233261 0 0 -67.601974 -93.37192 -130.2052
281265999284823 0 0 -67.8474 -93.37187 -130.13742
281266009334146 0 0 -68.08465 -93.3757 -130.06921
281266019385188 0 0 -68.32283 -93.37964 -130.00069
281266029438521 0 0 -68.57068 -93.39184 -129.92062
281266039488625 0 0 -68.81855 -93.39956 -129.83095
281266049540761 0 0 -69.065155 -93.41919 -129.73373
281266059590344 0 0 -69.310974 -93.45509 -129.64497
281266069639302 0 0 -69.55385 -93.47789 -129.55005
281266079689563 0 0 -69.79199 -93.48809 -129.45898
281266089740708 0 0 -70.02973 -93.50232 -129.3688
281266099790656 0 0 -70.27341 -93.51233 -129.27065
281266109841802 0 0 -70.52153 -93.53459 -129.16968
281266119892323 0 0 -70.76337 -93.56003 -129.05902
281266129940396 0 0 -71.00229 -93.572876 -128.95203
281266139989094 0 0 -71.24208 -93.585754 -128.8486
281266150038990 0 0 -71.478836 -93.610886 -128.75407
281266160088104 0 0 -71.7159 -93.63129 -128.65022
281266170137323 0 0 -71.95081 -93.642685 -128.53134
281266180185188 0 0 -72.18911 -93.658104 -128.4097
281266190234979 0 0 -72.42833 -93.673195 -128.28255
281266200284146 0 0 -72.659645 -93.68024 -128.17372
281266210331594 0 0 -72.88687 -93.690926 -128.05795
281266220381021 0 0 -73.10701 -93.70865 -127.92105
281266230431229 0 0 -73.33029 -93.72606 -127.778404
281266240482219 0 0 -73.55536 -93.747406 -127.63713
281266250532063 0 0 -73.772804 -93.76027 -127.50511
281266260582011 0 0 -73.984116 -93.76057 -127.37515
281266270633521 0 0 -74.190384 -93.78104 -127.24366
281266280683208 0 0 -74.39931 -93.80949 -127.11355
281266290733625 0 0 -74.60417 -93.82491 -126.978645
281266300783156 0 0 -74.80184 -93.831764 -126.846634
281266310830656 0 0 -75.00363 -93.842926 -126.71837
281266320881281 0 0 -75.21002 -93.87467 -126.59507
281266330930708 0 0 -75.411644 -93.901886 -126.4803
281266340978990 0 0 -75.60991 -93.9202 -126.36066
281266351027167 0 0 -75.79723 -93.94199 -126.245865
281266361077531 0 0 -75.98024 -93.95936 -126.13628
281266371128365 0 0 -76.16018 -93.98016 -126.01972
281266381179458 0 0 -76.33651 -94.000244 -125.89615
281266391229302 0 0 -76.511284 -94.00784 -125.77648
281266401281177 0 0 -76.67633 -94.010994 -125.66068
281266411331646 0 0 -76.840515 -94.01814 -125.54374
281266421383833 0 0 -77.01015 -94.033714 -125.4304
281266431433781 0 0 -77.17647 -94.03631 -125.305725
281266441483938 0 0 -77.33933 -94.05089 -125.178474
281266451534094 0 0 -77.49443 -94.0735 -125.06522
281266461583938 0 0 -77.64853 -94.07155 -124.96073
281266471633000 0 0 -77.80577 -94.07382 -124.853745
281266481683521 0 0 -77.95846 -94.092224 -124.74769
281266491732219 0 0 -78.10429 -94.10972 -124.63243
281266501779198 0 0 -78.247765 -94.13054 -124.50723
281266511830500 0 0 -78.400314 -94.155846 -124.39381
281266521880552 0 0 -78.54482 -94.17242 -124.28652
281266531929563 0 0 -78.67745 -94.204475 -124.17933
281266541976073 0 0 -78.812935 -94.24799 -124.06443
281266552023417 0 0 -78.9515 -94.278175 -123.93652
281266562072011 0 0 -79.09061 -94.291534 -123.80869
281266572121490 0 0 -79.21865 -94.31314 -123.70534
281266582169563 0 0 -79.33973 -94.33029 -123.61124
281266592218990 0 0 -79.46537 -94.34273 -123.50097
281266602266177 0 0 -79.594 -94.367134 -123.38618
281266612315396 0 0 -79.715 -94.39528 -123.28491
281266622361490 0 0 -79.82927 -94.40659 -123.19172
281266632410344 0 0 -79.9533 -94.410126 -123.10228
281266642458365 0 0 -80.0766 -94.42579 -123.01212
281266652508781 0 0 -80.194275 -94.44491 -122.91884
281266662555292 0 0 -80.31271 -94.45987 -122.83238
281266672601906 0 0 -80.432556 -94.47434 -122.73718
281266682650031 0 0 -80.54754 -94.48437 -122.64425
281266692700240 0 0 -80.655876 -94.489655 -122.54473
281266702751333 0 0 -80.76395 -94.494484 -122.434166
281266712800761 0 0 -80.867935 -94.49936 -122.33264
281266722848886 0 0 -80.97301 -94.50016 -122.23185
281266732900136 0 0 -81.07541 -94.49684 -122.13285
281266742948365 0 0 -81.17054 -94.50954 -122.03268
281266752993990 0 0 -81.26503 -94.51794 -121.93378
281266763041073 0 0 -81.35775 -94.51414 -121.841934
281266773089042 0 0 -81.44414 -94.51811 -121.74465
281266783138990 0 0 -81.51938 -94.5217 -121.652115
281266793188781 0 0 -81.60112 -94.5417 -121.55743
281266803236854 0 0 -81.68179 -94.565506 -121.46797
281266813286021 0 0 -81.75777 -94.581085 -121.39607
281266823335240 0 0 -81.83035 -94.595665 -121.307465
281266833386490 0 0 -81.9028 -94.6055 -121.20738
281266843436542 0 0 -81.97768 -94.603226 -121.11328
281266853485344 0 0 -82.050446 -94.59711 -121.02712
281266863532636 0 0 -82.11913 -94.5995 -120.95358
281266873582063 0 0 -82.18515 -94.60599 -120.88538
281266883634511 0 0 -82.25481 -94.62078 -120.82092
281266893685344 0 0 -82.321884 -94.62697 -120.75426
281266903733886 0 0 -82.385124 -94.628654 -120.683075
281266913782011 0 0 -82.44697 -94.64275 -120.62071
281266923831073 0 0 -82.51206 -94.64845 -120.5544
281266933882011 0 0 -82.575264 -94.65004 -120.492325
281266943931073 0 0 -82.63894 -94.664314 -120.44458
281266953982583 0 0 -82.698296 -94.669624 -120.385475
281266964035083 0 0 -82.75341 -94.66635 -120.32148
281266974086177 0 0 -82.81436 -94.6595 -120.26257
281266984137531 0 0 -82.87526 -94.6612 -120.21148
281266994183729 0 0 -82.93607 -94.67117 -120.164955
281267004231698 0 0 -82.99073 -94.67241 -120.113846
281267014283000 0 0 -83.04667 -94.68983 -120.058304
281267024333156 0 0 -83.10218 -94.69896 -120.00916
281267034381281 0 0 -83.159874 -94.69158 -119.95542
281267044428208 0 0 -83.2183 -94.684105 -119.89285
281267054474563 0 0 -83.27483 -94.68513 -119.83874
281267064521229 0 0 -83.32706 -94.689896 -119.78079
281267074569302 0 0 -83.371994 -94.69018 -119.722374
281267084617792 0 0 -83.419205 -94.68668 -119.670044
281267094665969 0 0 -83.46983 -94.687386 -119.61472
281267104714094 0 0 -83.51496 -94.69608 -119.56259
281267114760188 0 0 -83.55539 -94.70479 -119.521996
281267124806490 0 0 -83.600075 -94.709305 -119.47722
281267134853677 0 0 -83.638336 -94.7012 -119.43075
281267144899458 0 0 -83.674644 -94.685165 -119.38794
281267154946438 0 0 -83.711426 -94.677025 -119.32767
281267164992583 0 0 -83.7517 -94.68552 -119.268845
281267175037636 0 0 -83.79565 -94.68582 -119.20913
281267185081281 0 0 -83.83635 -94.66983 -119.15295
281267195125031 0 0 -83.87304 -94.65834 -119.105446
281267205170552 0 0 -83.907 -94.65915 -119.057495
281267215215656 0 0 -83.94781 -94.6604 -119.014496
281267225261438 0 0 -83.9878 -94.66152 -118.96924
281267235306542 0 0 -84.02629 -94.670555 -118.91962
281267245353833 0 0 -84.06778 -94.679634 -118.87298
281267255401281 0 0 -84.111374 -94.70924 -118.8345
281267265448729 0 0 -84.15219 -94.73861 -118.80984
281267275497948 0 0 -84.194214 -94.7548 -118.77147
281267285545344 0 0 -84.24117 -94.7584 -118.7248
281267295591177 0 0 -84.27963 -94.76189 -118.68756
281267305636438 0 0 -84.31155 -94.77714 -118.647675
281267315685761 0 0 -84.349205 -94.784035 -118.60281
281267325730761 0 0 -84.39364 -94.79083 -118.55039
281267335776125 0 0 -84.43152 -94.79741 -118.50382
281267345821490 0 0 -84.47372 -94.799736 -118.45007
281267355866646 0 0 -84.517555 -94.805664 -118.38145
281267365911646 0 0 -84.55921 -94.81561 -118.31808
281267375955656 0 0 -84.59201 -94.80908 -118.266235
281267386001073 0 0 -84.62097 -94.80656 -118.21363
281267396047688 0 0 -84.655495 -94.8203 -118.15239
281267406096229 0 0 -84.68933 -94.83366 -118.08925
281267416143208 0 0 -84.726845 -94.85087 -118.023346
281267426190448 0 0 -84.768105 -94.85931 -117.944214
281267436235344 0 0 -84.80736 -94.85906 -117.85694
281267446281073 0 0 -84.84277 -94.85036 -117.76534
281267456327271 0 0 -84.88054 -94.85009 -117.675415
281267466373417 0 0 -84.925674 -94.854385 -117.591484
281267476419302 0 0 -84.971214 -94.854034 -117.49289
281267486463677 0 0 -85.01819 -94.86999 -117.39397
281267496509146 0 0 -85.06234 -94.88556 -117.29758
281267506553104 0 0 -85.10373 -94.90024 -117.18812
281267516599198 0 0 -85.141815 -94.91067 -117.08743
281267526645240 0 0 -85.17797 -94.91238 -116.97902
281267536691854 0 0 -85.21659 -94.90987 -116.86522
281267546738781 0 0 -85.25879 -94.91184 -116.75902
281267556788156 0 0 -85.30572 -94.92538 -116.62944
281267566836490 0 0 -85.35477 -94.9468 -116.4992
2812675768