name=LIS2MDL Magnetometer vendor=STMicro current_time_ms=1561345925967
measured_at recorded_at accuracy value_x value_y value_z
181633346158457 181633401888838 0 -22.93149 -34.4848 -49.780598
181633356211061 181633401974880 0 -23.272007 -34.891983 -49.40611
181633366263040 181633402044984 0 -23.67575 -35.139545 -50.235275
181633376312155 181633402109723 0 -23.363644 -34.962246 -51.39552
181633386364394 181633402174515 0 -23.522642 -34.748936 -50.864227
181633396415488 181633402254619 0 -23.77569 -34.5336 -50.149807
181633406465697 181633478649991 0 -23.51744 -35.3322 -50.145844
181633416513613 181633478729783 0 -23.358614 -35.540337 -50.521957
181633426561634 181633478805096 0 -23.486792 -35.16944 -51.377434
181633436610644 181633478861346 0 -23.42773 -34.7768 -51.823257
181633446661530 181633478916085 0 -23.6451 -34.976788 -51.466873
181633456711634 181633478981867 0 -23.703815 -35.379765 -51.331398
181633466761165 181633479036033 0 -23.614796 -34.803707 -52.388096
181633476812519 181633479087908 0 -23.709188 -34.791344 -51.894608
181633486863769 181633506139109 0 -23.52247 -34.7541 -51.01941
181633496915228 181633506193796 0 -23.49337 -34.54487 -50.85437
181633506969134 181633511580828 0 -23.371256 -34.306694 -49.941364
181633517021269 181633529229684 0 -23.47154 -33.690414 -49.54554
181633527072832 181633529401611 0 -23.781754 -33.924522 -50.092285
181633537124290 181633580127710 0 -23.745386 -34.360516 -51.071037
181633547176686 181633580382710 0 -23.681814 -34.53047 -50.177753
181633557228353 181633580549220 0 -23.906107 -34.095562 -48.987923
181633567281790 181633580828491 0 -23.688221 -33.911064 -49.809864
181633577333457 181633581131356 0 -23.903177 -34.183353 -51.626003
181633587385124 181633590847555 0 -23.874939 -33.9483 -50.685062
181633597436478 181633644935633 0 -23.78227 -33.909027 -49.626736
181633607486894 181633644979956 0 -23.658949 -33.706997 -49.800003
181633617538717 181633645060946 0 -23.600407 -33.298862 -49.78029
181633627590697 181633645127716 0 -23.657915 -33.73798 -50.731094
181633637641322 181633645177456 0 -23.780891 -33.95034 -50.86819
181633647694863 181633656234697 0 -23.91079 -33.5278 -50.171856
181633657745644 181633659674280 0 -23.822632 -32.925926 -50.45264
181633667797624 181633669982823 0 -23.605434 -32.720768 -50.653854
181633677850801 181633680341834 0 -23.88083 -33.34439 -50.782722
181633687904030 181633689707825 0 -24.59582 -33.795074 -51.227543
181633697955905 181633699946524 0 -24.871386 -34.413532 -51.201225
181633708005905 181633709930379 0 -24.43682 -34.008377 -51.758835
181633718056842 181633719863297 0 -24.160736 -33.405415 -52.25069
181633728107832 181633730099339 0 -24.19087 -33.58366 -51.484642
181633738161269 181633740572205 0 -24.132843 -33.16003 -50.999386
181633748214447 181633750470800 0 -24.162289 -33.358936 -50.85407
181633758266165 181633760208040 0 -24.320597 -33.166286 -50.943493
181633768320019 181633770426531 0 -24.385202 -32.965347 -50.90569
181633778372624 181633784430543 0 -24.41568 -33.133266 -49.82928
181633788423978 181633790309345 0 -24.479252 -32.963306 -50.722565
181633798473457 181633800180440 0 -24.103228 -32.966293 -51.299892
181633808522884 181633810926483 0 -24.132498 -33.17036 -51.30975
181633818573874 181633820421796 0 -24.285263 -33.571297 -50.991154
181633828623978 181633830516120 0 -24.373423 -34.17317 -50.710373
181633838673613 181633840622996 0 -24.941364 -33.624172 -51.72663
181633848721738 181633850660601 0 -25.322245 -33.048256 -52.17804
181633858768665 181633860718363 0 -24.911749 -33.43043 -52.027122
181633868817988 181633870624718 0 -24.940502 -33.64999 -52.50254
181633878868197 181633880631646 0 -24.910887 -33.456253 -52.803032
181633888916738 181633890853835 0 -25.016888 -32.241222 -52.660038
181633898964915 181633900806336 0 -25.415432 -33.07204 -52.77083
181633909014186 181633911071962 0 -25.410059 -33.66046 -52.20762
181633919062936 181633920979306 0 -25.047367 -32.409145 -51.58364
181633929112415 181633931634985 0 -24.642935 -32.18224 -51.3752
181633939162572 181633941597277 0 -24.859615 -32.402893 -51.639534
181633949209030 181633951056132 0 -25.040958 -33.028545 -51.951515
181633959259238 181633961323425 0 -24.85355 -33.011967 -51.697056
181633969310697 181633973066082 0 -25.076294 -32.62354 -51.90385
181633979361009 181633981897385 0 -25.01186 -32.819317 -51.78648
181633989412676 181633992886084 0 -24.42019 -32.570667 -51.16839
181633999462363 181634001622335 0 -24.232782 -32.554085 -50.913918
181634009513613 181634012213326 0 -24.731438 -32.77379 -50.784042
181634019561999 181634021711556 0 -25.012377 -32.803825 -51.32094
181634029609447 181634031952286 0 -24.725203 -33.388027 -50.996758
181634039660176 181634042179579 0 -24.853378 -33.017128 -51.85223
181634049711999 181634052156715 0 -25.269247 -32.04654 -52.56634
181634059762936 181634062252081 0 -25.241013 -31.811485 -51.6254
181634069816894 181634072311301 0 -25.299381 -32.224785 -51.800293
181634079867728 181634082517239 0 -25.228888 -33.02964 -51.740444
181634089917780 181634092469844 0 -25.10522 -32.837936 -52.224075
181634099969915 181634102687658 0 -25.139349 -32.469078 -53.262684
181634110024394 181634113342711 0 -25.204815 -32.242313 -52.44897
181634120080905 181634122905941 0 -25.67437 -32.252785 -52.154068
181634130134342 181634132934744 0 -25.545504 -32.64434 -51.91931
181634140186530 181634143280839 0 -25.286913 -33.45327 -52.225704
181634150238092 181634152969590 0 -25.222479 -33.649044 -52.108334
181634160291790 181634163436726 0 -25.26439 -32.61947 -51.53761
181634170344134 181634174732457 0 -25.305443 -31.61571 -51.74277
181634180396894 181634183009020 0 -24.965271 -31.198193 -51.806892
181634190443040 181634197213917 0 -24.800726 -32.00508 -51.930164
181634200491999 181634203382824 0 -24.895292 -31.98755 -51.2815
181634210542936 181634213365950 0 -25.248278 -31.16626 -50.481606
181634220594759 181634223382305 0 -25.36433 -32.013515 -51.45214
181634230644342 181634233576160 0 -25.515543 -32.46093 -52.530167
181634240696217 181634243577984 0 -25.450249 -32.682526 -53.188705
181634250747415 181634253779756 0 -25.20516 -32.231983 -52.138607
181634260797415 181634265074966 0 -25.141417 -32.40711 -51.400505
181634270849186 181634273741789 0 -25.22837 -33.04513 -52.205986
181634280902676 181634284473613 0 -25.163935 -33.240906 -52.088615
181634290954290 181634293880125 0 -25.293318 -32.833862 -51.857815
181634301004967 181634303641897 0 -25.234604 -32.430893 -51.99329
181634311056738 181634314093200 0 -25.422356 -32.437145 -51.937397
181634321108144 181634324548461 0 -25.58084 -32.23933 -51.871647
181634331158665 181634333732368 0 -25.299381 -32.224785 -51.800293
181634341208561 181634343266953 0 -24.999916 -30.813839 -52.379963
181634351259707 181634353154766 0 -24.841606 -31.006487 -52.290535
181634361312103 181634363585132 0 -24.835888 -31.605236 -52.037693
181634371366009 181634373490966 0 -25.363985 -32.02384 -51.76249
181634381419134 181634384733884 0 -25.422527 -32.43198 -51.782207
181634391470644 181634393496020 0 -25.146618 -31.82385 -52.11889
181634401523301 181634403616959 0 -25.246555 -31.217901 -52.03342
181634411577311 181634413825397 0 -25.5578 -31.421024 -51.649075
181634421633249 181634423598992 0 -25.458036 -32.02181 -51.57937
181634431685280 181634433630035 0 -25.205332 -32.22682 -51.983433
181634441736530 181634443915661 0 -25.152853 -31.20961 -51.906193
181634451789186 181634453988682 0 -25.311163 -31.01696 -51.995617
181634461840436 181634464042538 0 -25.369877 -31.419933 -51.860157
181634471893353 181634474079466 0 -25.522814 -31.815702 -51.386387
181634481946478 181634484143373 0 -25.393946 -32.207256 -51.15163
181634492001686 181634494031238 0 -25.211912 -31.602255 -51.46037
181634502055905 181634504787646 0 -24.924389 -32.19678 -51.446537
181634512108197 181634514050615 0 -24.79518 -32.598667 -51.52215
181634522158769 181634524295356 0 -24.894602 -32.008205 -51.90222
181634532210176 181634534603118 0 -24.648651 -31.58349 -51.628044
181634542260905 181634545067650 0 -24.612974 -31.998827 -51.986057
181634552310853 181634554410359 0 -24.700788 -32.61103 -52.015633
181634562359082 181634564386558 0 -24.79449 -32.619324 -52.14288
181634572407207 181634574334632 0 -24.92301 -32.238094 -52.687984
181634582457780 181634585141300 0 -25.105392 -32.83277 -52.0689
181634592509967 181634596156613 0 -25.135698 -33.005856 -51.14766
181634602557207 181634604708593 0 -24.67169 -32.401802 -51.8506
181634612606999 181634614749896 0 -24.4609 -31.577236 -51.683937
181634622660540 181634625357241 0 -24.899977 -31.41979 -52.46543
181634632711842 181634635718232 0 -25.363297 -32.0445 -52.38322
181634642768144 181634644786722 0 -25.269938 -32.025883 -51.945625
181634652822624 181634654919015 0 -25.117172 -31.624947 -52.26422
181634662875644 181634665919954 0 -25.023472 -31.616657 -52.136974
181634672929811 181634675137350 0 -24.92942 -31.618692 -52.320114
181634682984759 181634685325164 0 -24.830172 -32.203983 -51.784847
181634693039394 181634695065217 0 -24.771973 -31.785522 -51.454765
181634703093353 181634705120530 0 -24.95869 -31.82276 -52.32997
181634713147103 181634715697094 0 -24.771112 -31.811342 -52.23067
181634723202780 181634724965480 0 -25.111801 -32.213367 -51.70101
181634733254030 181634735896210 0 -25.263702 -32.64012 -52.158325
181634743308144 181634745136941 0 -25.011515 -32.829643 -52.096848
181634753360228 181634755514494 0 -25.292284 -32.864845 -52.788914
181634763413144 181634765537932 0 -25.175198 -32.048573 -52.74948
181634773465592 181634775665017 0 -25.239977 -31.84247 -52.556484
181634783521738 181634785494340 0 -25.362434 -32.07032 -53.15913
181634793573457 181634795564289 0 -25.45683 -32.057957 -52.66564
181634803624551 181634805513144 0 -25.334196 -31.835268 -52.21819
181634813673405 181634815748875 0 -25.02261 -31.642477 -52.912884
181634823726165 181634827579449 0 -24.92301 -32.238094 -52.687984
181634833779394 181634835813460 0 -24.57695 -32.42449 -52.654453
181634843832363 181634845654451 0 -24.888023 -32.63278 -52.4253
181634853882103 181634855726952 0 -25.257812 -33.244034 -52.06067
181634863933457 181634865912526 0 -25.134665 -33.03684 -52.07876
181634873985488 181634876080339 0 -24.982073 -32.63074 -52.24216
181634884036426 181634886543882 0 -24.706505 -32.01228 -52.26848
181634894086686 181634895972789 0 -25.111628 -32.21853 -51.856186
181634904138717 181634905858102 0 -25.392393 -32.25373 -52.548256
181634914191009 181634916192583 0 -25.1461 -31.839342 -52.58443
181634924241113 181634929554407 0 -25.263529 -32.645287 -52.313515
181634934292676 181634936441855 0 -25.011686 -32.82448 -51.941654
181634944346165 181634946026283 0 -24.829826 -32.214314 -52.095215
181634954396426 181634956105503 0 -24.835026 -31.631058 -52.8136
181634964448040 181634966589775 0 -24.98848 -32.011333 -51.874275
181634974496269 181634976267016 0 -24.735777 -32.216347 -52.278336
181634984545697 181634986655298 0 -24.577122 -32.41933 -52.49928
181634994597832 181634996442070 0 -25.140728 -32.427765 -52.021236
181635004648822 181635006439779 0 -25.322245 -33.048256 -52.17804
181635014701582 181635016570822 0 -25.19858 -32.856556 -52.66167
181635024753717 181635027005510 0 -24.805582 -31.432154 -52.958916
181635034803822 181635036681188 0 -24.706331 -32.017445 -52.423668
181635044856165 181635046685616 0 -25.016716 -32.246387 -52.81523
181635054908561 181635056946399 0 -25.045643 -32.460785 -53.135456
181635064958509 181635066935775 0 -24.793457 -32.650307 -53.07396
181635075008874 181635076864578 0 -25.045816 -32.455624 -52.980263
181635085060644 181635087052600 0 -25.573225 -32.894886 -53.325794
181635095113509 181635097057132 0 -25.104013 -32.874084 -53.31035
181635105166061 181635106978070 0 -24.764013 -32.451405 -53.21929
181635115218092 181635117150103 0 -24.705814 -32.032936 -52.88921
181635125268978 181635129179948 0 -25.045816 -32.455624 -52.980263
181635135320332 181635137112917 0 -24.758125 -33.055317 -53.121624
181635145372936 181635147219793 0 -24.605532 -32.649216 -53.285046
181635155424499 181635157311513 0 -25.109905 -32.270172 -53.408
181635165476322 181635167652191 0 -24.980694 -32.672054 -53.483612
181635175530019 181635177376775 0 -24.764187 -32.44624 -53.064102
181635185581894 181635187403130 0 -24.360615 -32.193512 -52.079754
181635195631999 181635197466777 0 -24.383823 -33.006657 -52.147137
181635205678405 181635207530112 0 -24.570887 -33.03357 -52.711975
181635215729238 181635219120165 0 -24.353518 -32.833576 -53.068375
181635225781999 181635229838551 0 -24.66459 -33.04186 -52.839207
181635235834499 181635238055583 0 -24.916779 -32.852337 -52.9007
181635245886530 181635247796366 0 -24.476149 -33.05626 -53.515827
181635255939342 181635258406106 0 -24.26467 -32.252354 -53.969883
181635265991478 181635267952618 0 -24.54647 -32.25657 -53.73087
181635276043040 181635277851525 0 -24.792767 -32.670963 -53.694695
181635286094186 181635287942880 0 -24.822039 -32.87503 -53.70455
181635296146269 181635297924652 0 -24.634459 -32.863613 -53.605255
181635306196738 181635307947830 0 -24.734053 -32.26799 -53.83015
181635316247728 181635318133664 0 -24.734224 -32.262825 -53.674976
181635326299238 181635329358093 0 -24.699238 -32.65751 -53.412273
181635336349759 181635338132468 0 -24.57037 -33.04906 -53.177517
181635346401061 181635348405594 0 -24.200928 -32.42748 -53.231777
181635356451634 181635358371325 0 -24.452595 -32.253445 -53.758816
181635366504290 181635368359138 0 -24.358376 -32.260643 -54.097126
181635376557467 181635378480129 0 -24.445845 -32.88318 -54.437054
181635386608457 181635388585807 0 -24.540066 -32.875977 -54.098755
181635396661374 181635485953525 0 -24.916433 -32.862667 -53.211063
181635406713978 181635485979879 0 -25.191828 -33.48629 -53.339924
181635416768874 181635485988629 0 -24.7221 -33.48098 -53.79002
181635426823926 181635485996910 0 -24.627705 -33.493347 -54.28351
181635436875280 181635486005712 0 -24.598434 -33.289276 -54.27365
181635446928457 181635486012014 0 -24.66373 -33.06768 -53.615112
181635456979238 181635486018056 0 -24.880754 -33.278 -53.56908
181635467033301 181635486023994 0 -24.815805 -33.489273 -53.917248
181635477086894 181635486029879 0 -24.691448 -33.318222 -55.02161
181635487140019 181635490666963 0 -24.907614 -33.554367 -55.751484
181635497190697 181635506576131 0 -24.644163 -34.936226 -55.029144
181635507243509 181635509349413 0 -24.520498 -34.744522 -55.51277
181635517297884 181635519299882 0 -24.959578 -34.587074 -56.294266
181635527350905 181635531567175 0 -24.865181 -34.599438 -56.787754
181635537402311 181635539684676 0 -24.893593 -34.829327 -57.573517
181635547453040 181635551652854 0 -25.298712 -35.035572 -57.161243
181635557507311 181635559513063 0 -25.462914 -34.239014 -57.34832
181635567558249 181635569539731 0 -25.338043 -34.083458 -58.91822
181635577608769 181635579652492 0 -25.613092 -34.717407 -59.357464
181635587661322 181635590285254 0 -26.018042 -34.928818 -59.100346
181635597714863 181635600032234 0 -25.554722 -34.304104 -59.182552
181635607768457 181635610193120 0 -25.618465 -34.128986 -59.92066
181635617822259 181635620591872 0 -25.835493 -34.33931 -59.874622
181635627875749 181635632459008 0 -25.805702 -34.150734 -60.330307
181635637928509 181635640400624 0 -25.863728 -34.574364 -60.81558
181635647982884 181635652138021 0 -25.324192 -35.35325 -60.585083
181635658039499 181635660459063 0 -25.517666 -34.76076 -60.782032
181635668095176 181635670661512 0 -25.834114 -34.380623 -61.116074
181635678150280 181635680514690 0 -25.6041 -35.414276 -62.05306
181635688204863 181635691006410 0 -25.321608 -35.43071 -62.912804
181635698258926 181635701506255 0 -25.42172 -34.8196 -62.672157
181635708312519 181635710872297 0 -25.544695 -35.03196 -62.809246
181635718366478 181635722972559 0 -25.414797 -35.454494 -63.50559
181635728421061 181635732854956 0 -25.5376 -35.67202 -63.797867
181635738474967 181635741304904 0 -25.566526 -35.886417 -64.118095
181635748529967 181635751586520 0 -25.471786 -35.90911 -64.92194
181635758586322 181635762984125 0 -25.283691 -35.91318 -65.288185
181635768640124 181635772351782 0 -25.124348 -36.136818 -66.129845
181635778693092 181635781516002 0 -25.100964 -35.328835 -66.21766
181635788746999 181635791372253 0 -25.288889 -35.329926 -66.00658
181635798800801 181635801981473 0 -25.13561 -34.94448 -66.79071
181635808852519 181635811871578 0 -24.982155 -34.564205 -67.730034
181635818904134 181635821980173 0 -25.069452 -35.191902 -68.22515
181635828957311 181635833834080 0 -24.939726 -35.609272 -68.766304
181635839008613 181635842616321 0 -25.091629 -36.03603 -69.22362
181635849060332 181635852420749 0 -25.162468 -35.220844 -68.973114
181635859111947 181635864298979 0 -24.793196 -34.594097 -68.8722
181635869161947 181635872772365 0 -24.376293 -35.595673 -69.08917
181635879213561 181635884390648 0 -23.964073 -36.02949 -70.49007
181635889264707 181635892578097 0 -24.062635 -35.464848 -71.64605
181635899315540 181635912903515 0 -24.315338 -35.259834 -71.24198
181635909367311 181635912947421 0 -24.151138 -36.056396 -71.05489
181635919418405 181635923172318 0 -24.05137 -36.657185 -70.98518
181635929472572 181635932282840 0 -24.032328 -35.291767 -72.56727
181635939527259 181635942727320 0 -24.007568 -34.525097 -73.89653
181635949579551 181635952721853 0 -24.190294 -35.109447 -72.96708
181635959630384 181635961979562 0 -24.442135 -34.93025 -73.33892
181635969684134 181635972020813 0 -24.194977 -34.54168 -74.151
181635979738978 181635984056699 0 -23.849258 -34.717747 -73.807106
181635989794290 181635998113159 0 -23.884249 -34.323067 -74.06979
181635999846790 181636002370243 0 -23.508053 -34.331215 -74.80231
181636009899186 181636021056599 0 -22.97372 -34.526848 -75.29021
181636019951842 181636023302172 0 -22.821474 -34.11042 -75.14325
181636030004759 181636034847746 0 -22.949993 -33.72919 -75.68837
181636040058144 181636042321289 0 -23.352703 -34.007736 -77.44862
181636050112572 181636052278477 0 -23.63347 -34.04294 -78.14069
181636060166634 181636062701811 0 -23.984735 -33.273293 -78.89261
181636070224759 181636072602073 0 -24.018347 -32.919918 -80.39676
181636080283197 181636082508324 0 -23.931221 -32.287064 -79.74647
181636090340072 181636092290044 0 -24.241606 -32.516003 -80.13803
181636100395957 181636102758013 0 -24.233475 -33.187046 -82.05773
181636110450384 181636113229316 0 -23.957735 -32.573753 -82.23923
181636120504707 181636122655463 0 -23.927774 -32.390343 -82.8501
181636130560176 181636132891037 0 -23.434837 -31.57189 -83.232796
181636140613926 181636142522965 0 -23.56422 -31.164843 -83.002014
181636150670019 181636152993122 0 -23.28831 -30.556713 -83.33869
181636160727519 181636163453540 0 -22.9251 -29.320889 -83.180244
181636170784499 181636173831875 0 -22.865696 -28.938572 -83.93643
181636180843040 181636183081823 0 -22.518427 -29.161116 -84.989174
181636190901999 181636193421043 0 -22.266584 -29.34031 -84.61733
181636200960176 181636203322138 0 -22.736141 -29.350782 -84.32241
181636211015488 181636214470264 0 -23.27447 -28.608042 -85.63917
181636221068561 181636223655213 0 -22.65804 -27.592722 -86.350334
181636231120801 181636233215891 0 -22.52831 -28.010096 -86.89149
181636241172363 181636243288392 0 -23.002897 -27.442476 -87.47014
181636251225072 181636253484278 0 -23.161034 -27.254988 -87.71475
181636261278405 181636263768290 0 -23.600111 -27.09754 -88.49625
181636271332832 181636273494905 0 -23.669744 -26.318506 -89.33202
181636281387988 181636283529229 0 -23.63355 -26.749338 -90.155594
181636291442728 181636293549491 0 -23.640474 -26.114439 -89.32216
181636301499603 181636304241992 0 -23.459127 -25.488783 -89.01016
181636311556426 181636313884649 0 -22.866253 -25.276276 -89.47835
181636321611374 181636323748504 0 -22.772377 -25.27315 -89.506294
181636331666478 181636333776318 0 -23.088133 -24.913671 -90.46105
181636341720332 181636344303142 0 -23.093678 -24.320087 -90.86909
181636351774915 181636353982830 0 -23.345692 -24.135727 -91.08574
181636361829447 181636363925018 0 -23.69124 -23.964827 -91.58483
181636371887363 181636374061165 0 -23.473522 -23.77516 -92.251595
181636381946894 181636384720125 0 -23.472834 -23.795816 -92.87231
181636392001374 181636393952157 0 -23.84765 -23.828983 -93.381256
181636402054342 181636404177835 0 -23.753086 -23.84651 -94.02992
181636412107728 181636414066794 0 -23.853195 -23.235395 -93.789276
181636422159707 181636424903566 0 -23.80089 -22.213022 -93.55686
181636432211426 181636434321432 0 -23.735767 -22.429453 -94.06021
181636442264551 181636444270391 0 -23.864979 -22.02757 -93.9846
181636452319290 181636454490288 0 -24.240139 -22.05041 -94.18318
181636462372780 181636465349508 0 -24.204288 -22.47091 -94.69639
181636472424863 181636474743571 0 -24.210352 -21.861834 -94.63886
181636482477936 181636484571281 0 -24.491982 -21.871214 -94.55502
181636492530488 181636495883573 0 -24.55624 -21.680603 -94.82758
181636502586269 181636507007481 0 -24.339388 -21.465117 -94.71843
181636512643249 181636515125606 0 -24.116646 -21.853542 -94.51162
181636522701790 181636525227795 0 -24.058277 -21.44024 -94.33672
181636532759707 181636585501291 0 -23.940674 -20.639463 -94.76283
181636542813509 181636585549988 0 -23.75361 -20.612553 -94.198006
181636552868197 181636585565249 0 -23.602398 -20.16514 -93.119965
181636562923769 181636585574207 0 -23.291496 -19.95169 -93.19394
181636572981634 181636585581238 0 -23.06772 -20.3711 -93.91821
181636583038509 181636587607228 0 -23.53607 -20.41772 -94.70958
181636593095072 181636595703167 0 -23.535896 -20.422886 -94.86475
181636603151894 181636605748949 0 -23.477873 -19.999256 -94.3795
181636613207155 181636615648273 0 -23.576948 -19.419128 -95.06994
181636623260957 181636625659836 0 -23.540926 -19.844793 -95.738335
181636633316269 181636635731139 0 -23.237638 -18.97579 -94.358154
181636643371634 181636645853901 0 -23.548021 -19.204733 -94.74971
181636653426530 181636655730725 0 -23.635664 -19.8221 -94.93448
181636663482936 181636665967132 0 -23.541616 -19.824139 -95.1176
181636673537832 181636676066404 0 -23.880407 -20.282967 -96.29493
181636683590644 181636686420832 0 -23.62874 -20.456995 -95.76791
181636693644342 181636696206041 0 -23.469913 -20.665138 -96.14401
181636703700280 181636706154844 0 -23.224134 -20.235256 -95.714645
181636713754707 181636716689585 0 -23.605875 -19.633524 -95.39016
181636723807676 181636726375419 0 -24.038029 -20.110973 -97.00508
181636733861478 181636736414951 0 -23.972734 -20.332571 -97.66362
181636743916322 181636746527140 0 -24.571499 -19.941162 -97.29309
181636753970332 181636756507297 0 -25.005896 -20.351479 -96.89067
181636764026009 181636766599590 0 -24.665031 -19.954617 -97.57551
181636774080697 181636776563445 0 -24.260252 -19.73804 -97.67744
181636784135957 181636786616363 0 -24.506723 -20.147264 -97.486084
181636794192519 181636796949801 0 -24.852268 -19.976364 -97.98516
181636804248249 181636806672563 0 -25.16317 -20.189812 -97.91118
181636814305332 181636816728032 0 -25.069637 -20.176357 -97.62878
181636824361947 181636826396575 0 -25.092848 -20.989502 -97.69616
181636834418874 181636838714753 0 -25.245092 -21.40593 -97.8431
181636844478197 181636846559442 0 -24.90492 -20.988413 -97.90723
181636854534342 181636856486265 0 -24.436743 -20.936626 -96.96068
181636864590697 181636866707725 0 -24.3782 -20.52849 -96.94096
181636874641790 181636877034028 0 -24.688068 -20.772924 -97.79808
181636884694811 181636886684498 0 -25.028412 -21.18528 -97.57877
181636894748353 181636896648301 0 -24.999142 -20.98121 -97.56892
181636904801634 181636906691166 0 -25.157623 -20.783398 -97.50316
181636914855280 181636917170647 0 -24.947353 -19.943342 -96.87096
181636924910280 181636927077470 0 -24.795792 -19.506258 -96.10328
181636934966842 181636936899919 0 -24.630903 -20.323475 -96.5369
181636945021634 181636946986066 0 -24.718027 -20.956335 -97.18721
181636955079447 181636956933828 0 -25.346237 -20.76383 -96.671364
181636965135801 181636967238568 0 -25.375338 -20.973063 -96.83641
181636975192259 181636977116017 0 -25.192957 -20.37839 -97.4555
181636985248926 181636987284456 0 -25.070326 -20.1557 -97.00804
181636995303717 181636997186123 0 -24.600426 -20.155558 -97.61332
181637005358926 181637007320760 0 -24.512957 -19.533024 -97.27338
181637015413822 181637017509927 0 -24.601288 -20.129736 -96.83741
181637025468822 181637027668991 0 -24.467049 -21.109713 -96.03946
181637035523926 181637037559669 0 -24.3096 -21.27654 -95.17411
181637045579134 181637047654097 0 -24.22127 -20.679829 -95.61009
181637055632363 181637057604098 0 -24.162556 -20.276857 -95.74555
181637065687624 181637068088370 0 -23.823244 -19.833519 -95.03376
181637075744551 181637077796079 0 -23.88213 -20.231327 -94.74311
181637085800124 181637087879882 0 -24.099157 -20.441648 -94.69708
181637095855644 181637097732956 0 -23.917639 -19.821154 -94.540276
181637105910853 181637107748426 0 -23.975319 -20.25511 -95.3359
181637115966686 181637117840406 0 -24.624844 -20.932552 -96.59442
181637126017988 181637128964991 0 -24.436571 -20.941792 -97.115875
181637136070540 181637138019627 0 -24.219374 -20.736633 -97.31708
181637146122832 181637149337909 0 -24.593676 -20.78529 -98.29157
181637156175644 181637158035931 0 -25.02755 -21.2111 -98.354675
181637166227988 181637171102286 0 -24.9335 -21.213137 -98.53782
181637176283457 181637178273277 0 -25.092676 -20.994667 -97.85133
181637186338040 181637188500674 0 -25.035683 -20.540052 -96.434975
181637196393405 181637199523748 0 -24.629696 -20.359625 -97.62318
181637206447832 181637208906561 0 -24.435019 -20.988268 -98.5125
181637216501217 181637218523177 0 -24.458748 -21.785921 -98.114334
181637226558665 181637228653490 0 -24.342178 -20.954155 -97.60936
181637236617051 181637238717345 0 -24.402271 -21.315815 -96.23244
181637246675332 181637249723909 0 -24.5831 -21.956966 -97.00998
181637256733665 181637259135420 0 -24.430681 -21.545702 -97.0182
181637266791374 181637269386463 0 -23.902584 -21.127096 -97.2934
181637276847207 181637279224537 0 -24.024696 -21.365276 -98.206406
181637286903405 181637289224902 0 -24.024868 -21.360111 -98.05123
181637296958926 181637299912820 0 -23.620438 -21.133207 -97.84279
181637307012780 181637309479279 0 -23.89583 -21.75683 -97.97165
181637317064967 181637320054853 0 -24.083239 -21.773413 -98.22612
181637327118405 181637329688136 0 -23.89583 -21.75683 -97.97165
181637337172155 181637339753397 0 -23.902584 -21.127096 -97.2934
181637347226790 181637349862929 0 -23.902239 -21.137424 -97.60376
181637357284134 181637359909441 0 -23.773891 -21.513483 -96.90346
181637367338561 181637369997202 0 -23.369112 -21.296907 -97.00539
181637377393665 181637380284130 0 -23.274202 -21.324766 -97.96443
181637387449707 181637392337986 0 -23.89738 -21.710354 -96.57502
181637397502051 181637401521268 0 -23.558586 -21.251522 -95.39768
181637407551530 181637410506425 0 -22.684944 -21.003819 -95.17379
181637417603144 181637421063561 0 -22.114933 -21.614786 -96.01972
181637427656582 181637430341583 0 -22.05119 -21.789907 -95.281624
181637437710384 181637440680282 0 -22.45683 -21.980663 -94.403786
181637447766165 181637450936481 0 -22.425835 -21.828236 -95.94575
181637457821738 181637462162784 0 -22.519022 -21.85202 -96.53851
181637467879499 181637470818983 0 -22.424627 -21.864386 -97.03202
181637477935644 181637481012630 0 -22.512268 -22.481752 -97.21677
181637487990697 181637490774974 0 -22.325724 -22.43935 -96.186386
181637498046947 181637502359090 0 -21.898079 -21.3993 -95.91057
181637508104707 181637511106070 0 -22.020193 -21.637482 -96.82358
181637518158822 181637521165550 0 -21.673443 -21.844532 -97.41076
181637528213926 181637531351697 0 -21.738049 -21.64359 -97.372955
181637538270332 181637542150969 0 -21.891329 -22.029034 -96.58882
181637548327676 181637551443053 0 -21.697168 -22.642185 -97.0126
181637558382051 181637561521596 0 -21.50976 -22.625603 -96.758125
181637568437207 181637571621545 0 -21.076916 -22.16881 -95.76392
181637578493040 181637582065348 0 -20.853142 -22.588219 -96.488205
181637588548405 181637592089360 0 -20.912718 -22.96537 -95.57683
181637598601999 181637601931288 0 -20.877556 -23.365215 -95.469315
181637608656322 181637612254362 0 -20.530804 -23.572268 -96.0565
181637618709759 181637622418842 0 -19.850803 -22.726904 -95.874374
181637628763978 181637631945093 0 -19.93879 -23.333942 -95.74878
181637638818197 181637642707021 0 -20.372494 -23.764915 -95.96708
181637648871426 181637652437022 0 -19.685396 -23.559614 -96.77356
181637658925019 181637662520304 0 -19.685225 -23.564777 -96.92875
181637668980124 181637671734055 0 -19.715014 -23.753353 -96.47307
181637679032728 181637681794473 0 -19.374495 -23.346165 -96.847534
181637689085280 181637691567599 0 -19.526571 -23.767756 -97.14967
181637699138405 181637702384527 0 -19.368778 -23.944912 -96.59471
181637709191061 181637711486507 0 -19.023405 -24.110651 -95.940445
181637719242415 181637721530883 0 -18.806551 -23.895164 -95.83128
181637729295540 181637731739738 0 -18.711813 -23.917858 -96.63514
181637739347467 181637741662031 0 -18.552471 -24.14149 -97.4768
181637749401634 181637751986823 0 -18.804312 -23.962297 -97.84864
181637759455801 181637761885991 0 -19.021164 -24.177784 -97.9578
181637769509811 181637771960575 0 -18.675962 -24.338358 -97.148346
181637779563144 181637782262295 0 -18.142838 -24.497845 -96.54997
181637789616322 181637793566984 0 -17.673454 -24.48221 -96.689705
181637799672728 181637803158026 0 -17.485527 -24.481117 -96.90079
181637809729759 181637812457871 0 -17.549788 -24.290503 -97.17335
181637819785644 181637822115476 0 -17.455393 -24.302866 -97.66683
181637829840592 181637833015425 0 -17.332592 -24.085346 -97.37456
181637839894967 181637842414020 0 -17.080576 -24.269703 -97.15788
181637849948561 181637852238552 0 -16.582268 -24.039673 -96.977394
181637860003874 181637862741834 0 -16.236725 -24.210573 -96.47832
181637870059551 181637872443710 0 -16.230316 -24.82998 -96.84621
181637880115280 181637882677774 0 -16.130032 -25.44626 -97.24203
181637890170332 181637892539910 0 -15.91318 -25.23077 -97.13288
181637900225697 181637902367620 0 -15.450376 -24.590567 -96.74955
181637910281217 181637912615589 0 -15.292583 -24.767723 -96.194565
181637920335592 181637922635590 0 -15.292067 -24.783215 -96.66011
181637930389707 181637932891529 0 -14.605487 -24.562422 -97.00106
181637940446790 181637942760280 0 -14.2246065 -25.138332 -96.54964
181637950502832 181637952605854 0 -14.095053 -25.550543 -96.935616
181637960554759 181637962707313 0 -13.537856 -24.922703 -97.04577
181637970609967 181637972794293 0 -13.0402355 -24.672014 -96.24456
181637980663717 181637982826534 0 -12.875863 -25.473742 -96.21264
181637990715957 181637993820337 0 -12.752886 -25.261383 -96.075554
181638000768509 181638003768307 0 -12.26064 -24.422276 -95.83753
181638010822259 181638014240131 0 -11.890851 -23.811014 -96.20216
181638020875228 181638023134090 0 -11.509455 -24.40242 -96.21628
181638030931113 181638033050810 0 -11.198553 -24.18897 -96.29026
181638040987728 181638043292425 0 -10.764677 -23.76316 -96.22715
181638051041790 181638053065760 0 -10.447712 -24.15879 -96.35865
181638061098717 181638063488990 0 -9.884281 -24.145191 -96.6815
181638071152936 181638073390085 0 -9.602478 -24.140972 -96.92053
181638081203665 181638086227950 0 -9.385972 -23.915155 -96.50102
181638091255957 181638093512430 0 -9.011153 -23.88199 -95.99207
181638101309238 181638106096859 0 -8.57676 -23.471674 -96.39451
181638111362051 181638113618839 0 -8.323712 -23.687017 -97.108925
181638121414759 181638125806392 0 -7.9185915 -23.48077 -97.52121
181638131466947 181638133641393 0 -7.145059 -22.62195 -97.05669
181638141520384 181638144440040 0 -6.611932 -22.781435 -96.45831
181638151573092 181638153548791 0 -6.581971 -22.598022 -97.06917
181638161626426 181638164351344 0 -6.1474056 -22.192871 -97.62678
181638171681322 181638173909001 0 -5.7722425 -22.170034 -97.428215
181638181734967 181638186337908 0 -5.555736 -21.944221 -97.00869
181638191787884 181638194342180 0 -5.021574 -22.13469 -97.341415
181638201842676 181638204916608 0 -5.0208845 -22.155346 -97.96213
181638211899811 181638214281609 0 -4.9332433 -21.53798 -97.77738
181638221952884 181638225304735 0 -4.188811 -20.888391 -97.47788
181638232005488 181638236535413 0 -3.689639 -20.68418 -98.073296
181638242058978 181638244248331 0 -3.654307 -21.089188 -98.12096
181638252112467 181638254248176 0 -3.6544793 -21.084023 -97.96578
181638262164863 181638265091197 0 -3.3498113 -20.256334 -97.82705
181638272216999 181638274621667 0 -3.3842845 -19.877146 -98.5553
181638282272415 181638286514950 0 -3.2251136 -20.095615 -99.241776
181638292325957 181638294980732 0 -2.886147 -19.641949 -98.21963
181638302381426 181638305616254 0 -2.4884658 -18.785313 -97.33295
181638312437103 181638314624536 0 -1.9828883 -19.200504 -98.29625
181638322491165 181638325153495 0 -1.612927 -18.59441 -98.81605
181638332545384 181638336375319 0 -1.6189885 -17.985334 -98.75853
181638342598926 181638345682768 0 -1.3021979 -18.375795 -98.73484
181638352651947 181638355107196 0 -0.71555716 -17.549051 -98.990326
181638362706426 181638365455635 0 -0.5917191 -17.362514 -99.62913
181638372760280 181638375479750 0 -0.93154734 -17.790361 -99.875374
181638382813613 181638387115428 0 -0.77306604 -17.988174 -99.941124
181638392868144 181638396242669 0 0.029909255 -16.930452 -99.62191
181638402923197 181638405867149 0 0.24087203 -16.111052 -99.61042
181638412979499 181638416591942 0 0.17729981 -15.941096 -100.5037
181638423035905 181638425858245 0 0.5820789 -15.724521 -100.60563
181638433092103 181638436998194 0 0.7987585 -15.503868 -100.34131
181638443147936 181638445862934 0 0.8567838 -15.08024 -99.85603
181638453205540 181638456034602 0 0.92069846 -15.260524 -99.273125
181638463261426 181638465861061 0 1.132006 -14.451453 -99.572
181638473315644 181638476019500 0 1.5603374 -13.432059 -99.91689
181638483369759 181638487126897 0 1.3441749 -13.668204 -100.64677
181638493425384 181638496911273 0 1.654902 -13.449589 -100.565575
181638503483092 181638505841586 0 2.024346 -12.828005 -100.619835
181638513540384 181638516289139 0 1.9895308 -12.438487 -101.03771
181638523597311 181638526144192 0 2.5176284 -12.01988 -101.31292
181638533653301 181638537288881 0 2.329701 -12.02097 -101.10183
181638543712884 181638545945600 0 2.488185 -12.218783 -101.16759
181638553768665 181638555898935 0 2.5117373 -11.415966 -101.41057
181638563822467 181638566113467 0 2.165331 -11.219243 -101.13375
181638573876426 181638576109145 0 2.8870704 -11.3982935 -101.36718
181638583933405 181638587191282 0 2.9166863 -11.204554 -101.66767
181638593990384 181638596174668 0 2.3823547 -11.008922 -101.17979
181638604046165 181638606298784 0 2.4990952 -10.182322 -100.82999
181638614099082 181638616266962 0 2.558844 -9.810335 -101.89654
181638624155592 181638626332692 0 2.406424 -10.221597 -101.88831
181638634212363 181638637340610 0 2.4358678 -10.022694 -102.03362
181638644267936 181638646980663 0 2.5882878 -9.611432 -102.041855
181638654323874 181638656509570 0 2.5584993 -9.800007 -101.586174
181638664377363 181638666519519 0 2.394644 -9.013772 -102.08362
181638674430905 181638676619780 0 2.547581 -8.618002 -102.5574
181638684484603 181638687699469 0 2.7639158 -8.387022 -101.982704
181638694538561 181638696984522 0 2.8576186 -8.378731 -101.85548
181638704594759 181638708305565 0 2.922397 -8.584837 -102.048454
181638714652728 181638716669055 0 2.699309 -8.186084 -101.9449
181638724709290 181638726818900 0 2.5759907 -8.388112 -101.77164
181638734766999 181638737532390 0 2.5763354 -8.398439 -102.081985
181638744822676 181638748902131 0 2.6405942 -8.589055 -101.80944
181638754880749 181638756991819 0 2.6693487 -8.369493 -101.33402
181638764936478 181638767080831 0 2.4176788 -8.195466 -101.86106
181638774994707 181638777071821 0 2.5822244 -9.002354 -101.98433
181638785051478 181638789380885 0 2.4881768 -9.000317 -101.80121
181638795107936 181638797330521 0 2.3002493 -9.001408 -101.590126
181638805166374 181638807385262 0 2.6464856 -9.192968 -101.71177
181638815222311 181638817365107 0 2.5235095 -9.405325 -101.84888
181638825279811 181638827364483 0 2.4940655 -9.604231 -101.703545
181638835336530 181638838232713 0 2.4587328 -9.199223 -101.65588
181638845390801 181638847539537 0 2.4589052 -9.204387 -101.81107
181638855445488 181638857593392 0 2.862993 -8.967152 -101.29227
181638865498040 181638867574903 0 2.704512 -8.769337 -101.22652
181638875552207 181638877692508 0 2.458388 -9.188894 -101.34551
181638885605436 181638889463864 0 2.586909 -9.570119 -100.80041
181638895661374 181638898194229 0 3.0271907 -9.763715 -101.10517
181638905716947 181638907870428 0 2.8046227 -9.38045 -101.467155
181638915773509 181638917908919 0 2.0539541 -9.415796 -101.553955
181638925830124 181638928169701 0 2.1533759 -10.006255 -101.17388
181638935884811 181638939835431 0 2.3352396 -9.396087 -101.32742
181638945938769 181638948119547 0 2.3996735 -9.591866 -101.21005
181638955994342 181638958385173 0 2.681129 -9.57732 -101.13872
181638966050124 181638968462778 0 2.6819906 -9.603141 -101.91463
181638976104447 181638978591685 0 2.4060793 -10.211268 -101.57794
181638986158040 181638989589603 0 2.4992676 -10.187486 -100.98516
181638996210697 181638998748771 0 2.2240458 -10.816273 -101.26921
181639006265384 181639009142313 0 1.9484768 -11.43473 -101.24289
181639016322103 181639019143200 0 1.9193776 -11.643963 -101.40793
181639026377988 181639028955961 0 1.9481322 -11.424401 -100.932526
181639036432363 181639039509712 0 2.0709362 -11.206879 -100.64025
181639046489447 181639049402109 0 2.3234675 -11.406728 -100.88914
181639056543561 181639059525860 0 2.6986306 -11.383891 -100.69055
181639066597051 181639069082215 0 2.5112202 -11.400474 -100.94503
181639076653249 181639080963466 0 2.0418372 -11.41611 -100.8053
181639086710228 181639089806123 0 2.1358871 -11.418147 -100.98842
181639096764811 181639099790968 0 2.505329 -10.796563 -101.04268
181639106824811 181639109840761 0 2.7156022 -9.956508 -100.41048
181639116881061 181639121796647 0 2.5638716 -10.388426 -101.022964
181639126935957 181639130138679 0 2.5998957 -10.814092 -101.69136
181639136994238 181639140582951 0 2.7225275 -10.591405 -101.243904
181639147055332 181639150061546 0 2.7867892 -10.782018 -100.971344
181639157114707 181639160571495 0 2.6989753 -11.394219 -101.00092
181639167175697 181639172122642 0 2.6052701 -11.402511 -101.12815
181639177232728 181639180795299 0 2.851563 -10.988122 -101.16432
181639187293301 181639190129623 0 2.8513906 -10.982958 -101.00915
181639197351217 181639200879989 0 2.698803 -11.389055 -100.845726
181639207410228 181639210712646 0 2.9740224 -10.760271 -100.56169
181639217469655 181639221956762 0 2.8157156 -10.567622 -100.65112
181639227528457 181639230902960 0 3.1262703 -10.343842 -100.414734
181639237583561 181639240828795 0 3.1614327 -10.743689 -100.30722
181639247639186 181639250705827 0 2.4819486 -11.604544 -100.95489
181639257696113 181639261017286 0 2.727902 -11.179824 -100.680695
181639267753249 181639271843642 0 2.751282 -10.371842 -100.768486
181639277811634 181639281652913 0 2.7223551 -10.586241 -101.088715
181639287872519 181639291606352 0 2.758035 -11.001577 -101.44675
181639297931478 181639301466926 0 2.569935 -10.997503 -101.08048
181639307991374 181639311486770 0 2.7280743 -11.184988 -100.83587
181639318051686 181639322401199 0 2.5113926 -11.405638 -101.100204
181639328114030 181639331762658 0 2.633852 -11.177787 -100.497574
181639338174030 181639342594013 0 2.756656 -10.960264 -100.20529
181639348236009 181639351520941 0 2.504467 -10.770743 -100.26677
181639358297311 181639362268078 0 2.3459854 -10.572929 -100.20102
181639368354603 181639372632870 0 2.756656 -10.960264 -100.20529
181639378412884 181639381264590 0 3.067383 -10.741652 -100.124084
181639388470384 181639390903497 0 3.1558862 -10.150103 -100.71524
181639398525749 181639401156467 0 3.0335994 -10.383118 -101.47306
181639408583092 181639413897562 0 2.874603 -10.169812 -100.941765
181639418639967 181639420907406 0 2.8455043 -10.379044 -101.106804
181639428696634 181639431014439 0 2.6991477 -11.399384 -101.1561
181639438751009 181639441138450 0 2.7052064 -12.008462 -101.213615
181639448807415 181639451634857 0 2.7287638 -11.205645 -101.456604
181639458863874 181639462039910 0 2.634714 -11.203608 -101.27348
181639468920592 181639473024339 0 2.5349448 -10.602824 -101.343185
181639478979134 181639481593142 0 2.4050453 -10.1802845 -100.64684
181639489037832 181639491739184 0 2.439346 -10.554311 -99.76343
181639499094811 181639501593612 0 2.7857552 -10.751033 -100.040245
181639509147988 181639512379447 0 3.2320976 -11.553705 -100.40255
181639519203249 181639523019656 0 3.0443473 -11.55996 -100.34666
181639529256113 181639531932678 0 2.9509869 -11.57858 -100.78425
181639539309186 181639541908304 0 2.9870114 -12.004245 -101.452644
181639549364759 181639551555180 0 3.3206012 -10.962157 -100.99369
181639559418457 181639561990077 0 3.531564 -10.142758 -100.9822
181639569471478 181639573456484 0 3.590796 -9.75528 -101.58321
181639579528249 181639582048777 0 3.4028733 -9.75637 -101.37215
181639589585228 181639592594767 0 3.033427 -10.377954 -101.31789
181639599642311 181639602584143 0 2.9811203 -11.400331 -101.5503
181639609701113 181639612303675 0 3.0973434 -10.55824 -100.734955
181639619757884 181639623495708 0 3.0318758 -10.331477 -99.92124
181639629815280 181639633097427 0 3.1844683 -9.925379 -100.08465
181639639874290 181639642350970 0 3.0909352 -9.938835 -100.367065
181639649933613 181639652234721 0 3.5313916 -10.137594 -100.82703
181639659991894 181639662436545 0 3.8131967 -10.133376 -101.06604
181639670049394 181639673719098 0 3.279035 -9.942908 -100.73333
181639680108040 181639682546703 0 3.3427796 -10.118029 -99.995224
181639690165592 181639692371704 0 3.6955943 -10.934156 -100.63993
181639700223092 181639704379570 0 3.8488715 -10.548715 -101.424065
181639710282051 181639713120248 0 3.9017 -9.541831 -101.657196
181639720342572 181639723855041 0 3.837611 -9.3563795 -102.08493
181639730402155 181639732644364 0 3.9600701 -9.128531 -101.4823
181639740458822 181639743634626 0 3.8726008 -9.751061 -101.82223
181639750514863 181639752729887 0 3.49778 -9.784227 -102.33118
181639760569603 181639762907493 0 3.4617608 -9.358561 -101.66278
181639770626426 181639773735410 0 3.9598978 -9.123367 -101.32711
181639780683665 181639783108380 0 3.9541788 -8.524618 -101.579956
181639790737988 181639793017860 0 3.8606458 -8.538073 -101.86237
181639800795176 181639802965830 0 3.9541788 -8.524618 -101.579956
181639810852259 181639813157393 0 3.8251383 -8.127901 -101.659515
181639820908613 181639823964582 0 3.8784792 -7.136509 -102.358185
181639830966582 181639833074375 0 3.8485188 -7.319918 -101.74733
181639841023197 181639843706303 0 4.1005354 -7.504278 -101.53066
181639851081374 181639853168543 0 4.464431 -6.289106 -101.99294
181639861140072 181639863721305 0 4.4937015 -6.085041 -101.98308
181639871197363 181639873929326 0 4.558308 -6.285979 -102.02089
181639881254134 181639883546463 0 4.3707304 -6.2973976 -102.120186
181639891309134 181639893935214 0 4.3942823 -5.4945827 -102.36315
181639901363197 181639904205059 0 4.2011533 -4.912416 -102.87047
181639911419030 181639913636466 0 4.288967 -4.300211 -102.8409
181639921473092 181639924484071 0 4.587227 -2.853117 -102.33429
181639931528769 181639933897562 0 4.493349 -2.8562443 -102.30634
181639941584967 181639944762042 0 4.464767 -3.0809703 -102.93692
181639951644238 181639953931782 0 4.371756 -3.1099174 -103.68488
181639961702467 181639963919231 0 4.4950724 -2.9078848 -103.858154
181639971756322 181639974378920 0 4.734962 -1.8740895 -103.52644
181639981810592 181639984642671 0 4.669839 -1.6576548 -103.023094
181639991864967 181639994502464 0 4.60472 -1.4412249 -102.51975
181640001919030 181640004148506 0 4.3527036 -1.2568643 -102.736404
181640011977311 181640014432205 0 4.2884417 -1.066255 -103.008965
181640022037051 181640025905800 0 4.4060445 -0.2654721 -103.435074
181640032095644 181640035943093 0 4.277526 0.115752205 -103.980194
181640042155436 181640044527729 0 4.11887 0.3187317 -103.75927
181640052213092 181640054477365 0 4.4891777 0.9144928 -104.58944
181640062268874 181640065901846 0 4.888753 1.7143289 -105.40975
181640072324394 181640076219815 0 4.6071253 1.7049471 -105.32591
181640082380957 181640084859868 0 3.9789133 1.8974496 -104.81007
181640092439551 181640094952734 0 3.6908772 2.5074744 -104.35834
181640102499290 181640105848464 0 3.720838 2.6908882 -104.96921
181640112556842 181640115568830 0 3.3165758 2.458817 -105.332825
181640122615697 181640126278987 0 3.0649066 2.6328495 -105.85985
181640132673301 181640135485394 0 3.204857 4.2725945 -105.44268
181640142730644 181640145969145 0 3.1691773 4.6879306 -105.08465
181640152788457 181640155493521 0 2.9180243 4.846464 -106.077225
181640162846165 181640165644356 0 2.4716792 5.649142 -105.71493
181640172902467 181640175871023 0 2.4363441 6.054149 -105.66726
181640182958665 181640185789878 0 1.9324905 6.417701 -106.255775
181640193016165 181640195913681 0 1.6508602 6.4083195 -106.171936
181640203072311 181640206056182 0 1.7748686 6.5896964 -106.96593
181640213127363 181640216052173 0 1.3351011 6.767796 -107.12671
181640223184551 181640226216862 0 0.89550674 6.9407387 -107.44266
181640233243353 181640235895040 0 1.0131087 7.7415166 -107.86877
181640243301790 181640245893843 0 0.70203763 7.5332336 -107.63961
181640253360957 181640255934625 0 0.13912179 7.504142 -107.7823
181640263420488 181640265662699 0 -0.054694403 8.106966 -107.668884
181640273477363 181640276282335 0 -0.18424948 8.519174 -107.28291
181640283533822 181640285762961 0 -0.7826704 8.900255 -107.22275
181640293589551 181640295757337 0 -0.8233772 9.893683 -107.7383
181640303641999 181640305667547 0 -0.98065424 10.05535 -108.75881
181640313695488 181640315852808 0 -1.5146415 10.240653 -108.58128
181640323751165 181640327599320 0 -1.8612224 10.442542 -108.14927
181640333807311 181640336001508 0 -2.2130034 11.227684 -108.435646
181640343863457 181640346112655 0 -2.6889648 11.836617 -107.77285
181640353918978 181640355880468 0 -3.2222643 12.001267 -108.21605
181640363973040 181640368102553 0 -3.479823 12.779208 -108.84074
181640374028144 181640376599064 0 -3.7384183 13.588133 -108.534325
181640384086947 181640386125992 0 -3.9971826 14.402227 -108.07275
181640394144967 181640396395629 0 -4.155665 14.600039 -108.006996
181640404201999 181640408723130 0 -4.6532845 14.349352 -108.80822
181640414258822 181640416380318 0 -5.0637803 14.7315235 -108.95914
181640424314967 181640426606361 0 -5.09946 15.14686 -108.601105
181640434370488 181640436510216 0 -5.2286706 15.54874 -108.5255
181640444426113 181640446682821 0 -5.4463835 15.359077 -107.858734
181640454482728 181640456570010 0 -6.138165 15.721539 -108.236176
181640464536165 181640466567771 0 -6.3964133 16.520136 -108.240135
181640474590436 181640476729803 0 -6.4324365 16.945803 -107.571754
181640484646113 181640486691263 0 -6.71355 16.92093 -107.95346
181640494703092 181640496978920 0 -6.6195 16.918894 -108.13658
181640504759967 181640506849077 0 -7.2054515 16.071491 -108.50182
181640514816894 181640516817568 0 -7.5809593 16.05898 -108.39004
181640524873040 181640527158871 0 -7.7105145 16.47119 -108.00408
181640534927363 181640537138663 0 -7.8975773 16.444279 -108.56891
181640544982415 181640547633560 0 -8.049653 16.022692 -108.87104
181640555038874 181640557086947 0 -8.265987 15.791713 -109.44574
181640565095801 181640568104812 0 -8.8820715 14.766067 -109.04494
181640575152832 181640577367157 0 -8.788022 14.764029 -109.22806
181640585207624 181640587321950 0 -8.986696 15.939777 -110.143394
181640595263301 181640597751274 0 -9.731646 15.305681 -109.97735
181640605319499 181640609229191 0 -9.449671 15.304735 -110.37155
181640615376582 181640617578307 0 -9.080571 15.936649 -110.11545
181640625435280 181640627766068 0 -9.151927 16.767326 -109.39939
181640635492363 181640637618100 0 -9.87367 16.946375 -109.16596
181640645550072 181640647897268 0 -10.395362 15.908362 -109.25867
181640655606009 181640659389457 0 -9.867264 16.326967 -109.53385
181640665663353 181640667989979 0 -10.184399 16.727762 -109.24718
181640675718040 181640678007063 0 -10.394845 15.89287 -109.724205
181640685773092 181640688111647 0 -10.235671 15.674402 -110.41069
181640695828717 181640701230503 0 -10.0428915 15.102562 -109.593
181640705885384 181640709393472 0 -10.072335 14.903657 -109.447685
181640715944447 181640718714879 0 -10.447668 14.885984 -109.49108
181640726002467 181640728671651 0 -10.137283 15.114928 -109.09952
181640736056947 181640739463684 0 -10.136939 15.1046 -109.40988
181640746113040 181640748911601 0 -10.423771 15.678476 -110.04443
181640756167728 181640759824519 0 -10.453042 15.474407 -110.05429
181640766221009 181640769298999 0 -10.541202 14.87253 -109.7735
181640776273874 181640779098427 0 -10.887091 15.053761 -109.96222
181640786326322 181640789384261 0 -11.015611 15.434987 -110.50733
181640796380644 181640799469731 0 -10.739872 16.04828 -110.688835
181640806433249 181640809747753 0 -10.950664 15.223716 -110.8555
181640816484915 181640819620775 0 -11.138933 15.232954 -110.33407
181640826536842 181640829403224 0 -10.957585 15.858614 -110.02207
181640836589655 181640840093537 0 -10.951353 15.244371 -110.23479
181640846647155 181640851873018 0 -10.82214 14.842491 -110.310394
181640856704290 181640860979633 0 -10.828031 15.446405 -110.40804
181640866762259 181640869939374 0 -11.36202 15.631712 -110.230515
181640876818457 181640880340156 0 -11.48465 15.409024 -110.67796
181640886873769 181640890049949 0 -11.478761 14.805109 -110.580315
181640896931165 181640900421512 0 -11.449489 15.009178 -110.57045
181640906986738 181640910252503 0 -11.572464 14.796819 -110.70754
181640917041061 181640920217972 0 -11.637931 15.023581 -109.89383
181640927098769 181640930382557 0 -11.297758 15.441099 -109.95795
181640937156374 181640940598756 0 -11.4500065 15.02467 -110.10491
181640947214082 181640950531569 0 -11.391464 15.432806 -110.0852
181640957267415 181640960227820 0 -11.332577 15.830613 -110.375824
181640967322572 181640971234957 0 -11.737698 15.624367 -109.963554
181640977378353 181640980615583 0 -11.456068 15.633749 -110.04739
181640987432988 181640993468553 0 -11.115723 16.0461 -110.266685
181640997489082 181641002423137 0 -11.209944 16.053303 -109.928375
181641007546530 181641011023711 0 -10.958103 15.874105 -109.556526
181641017602363 181641020870951 0 -11.0163 15.455643 -109.88661
181641027655801 181641031520536 0 -10.840156 16.66456 -110.293
181641037710332 181641040734391 0 -10.49981 17.076912 -110.5123
181641047764238 181641051251788 0 -11.145856 15.867851 -109.50064
181641057818457 181641060933455 0 -11.45624 15.638914 -109.8922
181641067873926 181641072087102 0 -10.928487 16.067846 -109.85704
181641077928457 181641081309603 0 -10.560076 16.720419 -108.9802
181641087983457 181641091413042 0 -10.74039 16.063772 -110.2233
181641098036947 181641101015595 0 -10.704882 15.653603 -110.42613
181641108092519 181641116693877 0 -10.517991 15.685677 -109.706116
181641118145436 181641162387319 0 -10.806547 16.311188 -108.78885
181641128201113 181641162471642 0 -10.713015 16.324642 -108.50643
181641138252363 181641162498726 0 -10.430178 16.297876 -109.676544
181641148305436 181641162536017 0 -10.717182 16.876917 -110.155914
181641158358978 181641162557684 0 -10.623649 16.890371 -109.8735
181641168414030 181641172607008 0 -10.501189 17.118225 -109.27085
181641178470124 181641180646175 0 -10.155128 16.931828 -109.23732
181641188525749 181641192036802 0 -9.867781 16.342459 -109.06831
181641198580019 181641200925240 0 -10.184743 16.73809 -108.936806
181641208632311 181641211383210 0 -10.243459 16.335115 -108.80135
181641218683457 181641221035659 0 -10.337681 16.342318 -108.46304
181641228735853 181641231173524 0 -10.2498665 16.954523 -108.433464
181641238791894 181641240726181 0 -10.6252 16.936848 -108.47685
181641248847467 181641251311391 0 -11.029287 16.699617 -108.99566
181641258901842 181641261811808 0 -11.022709 16.075048 -109.51872
181641268957519 181641271265664 0 -11.022364 16.06472 -109.829094
181641279013874 181641281561029 0 -10.892465 15.642184 -110.52541
181641289068092 181641291326134 0 -10.769488 15.85454 -110.38833
181641299123457 181641301977542 0 -10.71129 16.273003 -110.05824
181641309180332 181641312165616 0 -10.769316 15.849376 -110.5435
181641319234134 181641323983950 0 -10.805168 16.269876 -110.0303
181641329291061 181641331753690 0 -10.688254 17.091314 -109.835686
181641339346322 181641341444681 0 -10.688254 17.091314 -109.835686
181641349400592 181641351873588 0 -10.559559 16.704926 -109.445755
181641359454499 181641362642391 0 -10.523366 16.274094 -110.269325
181641369510436 181641371772809 0 -10.552637 16.070028 -110.27919
181641379565853 181641381966300 0 -10.706088 15.689751 -109.33986
181641389620124 181641392500728 0 -10.741079 16.084429 -109.60256
181641399676686 181641402261302 0 -10.482659 15.280664 -109.753784
181641409729967 181641412108803 0 -10.729299 14.876604 -109.40724
181641419784967 181641422159741 0 -10.799793 15.681458 -109.4671
181641429838978 181641432974846 0 -10.647546 16.097885 -109.320145
181641439894811 181641442285733 0 -10.277931 16.714308 -109.529594
181641449952415 181641452403390 0 -9.990582 16.124939 -109.36059
181641460009863 181641462730318 0 -10.4835205 15.306485 -108.977875
181641470066686 181641472422350 0 -10.865089 15.903054 -108.80857
181641480120228 181641482758758 0 -10.378216 17.330582 -109.13376
181641490175384 181641492369800 0 -9.902251 16.721653 -109.796555
181641500230905 181641502730218 0 -10.301828 15.921817 -108.97624
181641510286061 181641513062042 0 -10.829581 15.492882 -109.011406
181641520343040 181641522494439 0 -10.670067 15.264082 -110.008255
181641530400280 181641532718190 0 -10.33041 15.697095 -109.606834
181641540458665 181641542595743 0 -10.488375 15.879414 -110.00662
181641550515176 181641552943765 0 -10.676473 15.883488 -109.640366
181641560570592 181641562828088 0 -10.560248 16.725582 -108.82503
181641570625436 181641572878350 0 -10.525434 16.336063 -108.40715
181641580679811 181641583047309 0 -10.917913 14.896168 -108.57544
181641590732676 181641592649185 0 -10.823518 14.883804 -109.06893
181641600787207 181641603293145 0 -10.490098 15.931054 -108.45481
181641610843197 181641613751010 0 -10.46689 16.744204 -108.38743
181641620899186 181641623073303 0 -10.437792 16.953432 -108.22238
181641630955749 181641633265283 0 -10.437619 16.948269 -108.37757
181641641012572 181641643095388 0 -10.583459 15.9124365 -108.8924
181641651070384 181641655652108 0 -10.642174 15.509465 -108.75695
181641661128717 181641663694505 0 -10.800483 15.702115 -108.846375
181641671187624 181641673233724 0 -11.017507 15.491792 -108.80034
181641681245384 181641683413986 0 -10.8299265 15.503209 -108.70106
181641691304499 181641695294039 0 -11.269349 15.670988 -109.17219
181641701363301 181641704446228 0 -11.651262 16.27788 -108.69251
181641711420644 181641713521124 0 -11.586828 16.082106 -108.57514
181641721476686 181641723830500 0 -11.92545 15.618113 -109.90766
181641731533874 181641734240918 0 -11.801959 15.814977 -110.2361
181641741591947 181641746098159 0 -12.018983 15.604657 -110.19006
181641751651322 181641754280608 0 -12.241727 15.993083 -110.39687
181641761708301 181641763895296 0 -12.17712 15.79214 -110.43468
181641771764342 181641774091495 0 -12.335773 15.995119 -110.21375
181641781820905 181641785291340 0 -12.582414 15.591059 -109.86721
181641791876582 181641795931445 0 -12.793204 14.766492 -110.033875
181641801931165 181641804714571 0 -12.857637 14.962271 -110.15126
181641811987728 181641814516759 0 -13.239724 15.574331 -109.51642
181641822041842 181641825271917 0 -13.427304 15.562914 -109.6157
181641832096947 181641834860564 0 -13.403579 16.360563 -110.013855
181641842152467 181641846201346 0 -13.5321 16.741789 -110.55898
181641852210332 181641855284211 0 -13.77788 16.311905 -110.98835
181641862265853 181641865957650 0 -13.901372 16.115038 -110.6599
181641872321113 181641875059786 0 -14.276534 16.0922 -110.858475
181641882375853 181641885266506 0 -14.241199 15.687194 -110.90614
181641892430384 181641896088538 0 -14.140915 15.070914 -111.30197
181641902487519 181641906079685 0 -14.522656 15.672647 -110.97748
181641912544759 181641915553540 0 -14.780905 16.471249 -110.981445
181641922603249 181641925573229 0 -15.431289 15.819625 -111.464066
181641932657155 181641935650365 0 -15.648486 15.614466 -111.262856
181641942712311 181641947002710 0 -15.906562 16.407904 -111.422005
181641952768822 181641955922555 0 -16.094488 16.406813 -111.21092
181641962826009 181641965694899 0 -16.187849 16.388193 -111.64853
181641972878405 181641975717713 0 -16.534084 16.57975 -111.526886
181641982931582 181641988607766 0 -16.851908 17.001194 -110.61948
181641992984707 181641996072715 0 -17.132677 16.965994 -111.31155
181642003041165 181642005864903 0 -17.278688 15.935327 -111.671196
181642013096842 181642015556675 0 -17.65471 15.938311 -111.093864
181642023149186 181642026516781 0 -17.972364 16.354595 -110.34165
181642033203197 181642035751990 0 -18.681118 15.289673 -110.999176
181642043256582 181642047055064 0 -19.249928 15.8644905 -111.23952
181642053313509 181642055953086 0 -19.350382 16.485933 -110.68851
181642063368978 181642065482826 0 -19.444258 16.482805 -110.66056
181642073418197 181642075774494 0 -19.731606 17.072172 -110.82955
181642083469186 181642086301318 0 -20.042162 16.848396 -111.06593
181642093519082 181642096596058 0 -20.317556 16.224775 -111.19481
181642103570384 181642106037674 0 -20.693924 16.238087 -110.30712
181642113624499 181642115847571 0 -20.757496 16.408043 -111.2004
181642123677155 181642125948874 0 -21.349337 16.164557 -111.663315
181642133734759 181642136004239 0 -21.760693 16.572548 -111.03831
181642143791217 181642147212418 0 -22.078176 16.983665 -110.44127
181642153847103 181642156130179 0 -22.201496 16.781633 -110.268005
181642163904811 181642165995649 0 -22.382668 16.150814 -110.735176
181642173961686 181642176152472 0 -23.09783 15.705291 -111.02481
181642184017936 181642186231276 0 -23.414623 16.095758 -111.0485
181642194075019 181642196797214 0 -23.514217 16.691376 -111.273384
181642204133144 181642206235913 0 -24.136364 16.274807 -110.81507
181642214190436 181642216256539 0 -24.694248 15.667621 -110.08419
181642224248301 181642226249769 0 -24.729757 16.077797 -109.88135
181642234305592 181642236564354 0 -24.911964 15.477958 -109.41742
181642244365801 181642246904927 0 -25.691385 15.223051 -109.97962
181642254421426 181642256461231 0 -26.483278 16.196627 -110.116425
181642264477624 181642266497794 0 -27.040993 15.584276 -109.54071
181642274532155 181642277816181 0 -27.316044 14.95033 -109.97995
181642284589082 181642286723629 0 -27.873587 14.332816 -109.55943
181642294644811 181642297823943 0 -28.400822 13.8883915 -110.060135
181642304699290 181642306982017 0 -29.209513 13.429412 -110.632195
181642314754759 181642317636653 0 -29.491144 13.42003 -110.548355
181642324810905 181642326988008 0 -29.678896 13.413775 -110.49246
181642334864499 181642336960405 0 -30.025478 13.615666 -110.06047
181642344915332 181642347372021 0 -30.466106 13.8195915 -109.44532
181642354969759 181642357214157 0 -30.99975 13.994566 -109.578156
181642365025540 181642367257544 0 -31.462898 13.364688 -109.65114
181642375080228 181642377263743 0 -32.36633 12.928409 -109.41934
181642385135280 181642387255879 0 -32.460205 12.925281 -109.391396
181642395190957 181642398170776 0 -32.647446 12.903534 -109.80104
181642405248301 181642407543693 0 -33.17554 12.484927 -109.52584
181642415303197 181642417679892 0 -33.357746 11.885088 -109.06193
181642425358092 181642427560623 0 -33.487305 12.297297 -108.67595
181642435413405 181642438061613 0 -34.020775 12.467111 -108.963974
181642445467259 181642448586979 0 -34.266727 12.042394 -109.23815
181642455518457 181642458880365 0 -34.67219 11.846471 -108.51551
181642465570957 181642467878022 0 -35.019115 12.05869 -107.77313
181642475624863 181642478208440 0 -35.4885 12.043054 -107.6334
181642485681999 181642488897191 0 -35.67036 11.432884 -107.47986
181642495736999 181642498449119 0 -35.8285 11.620371 -107.72447
181642505792676 181642508442141 0 -36.297882 11.604734 -107.58474
181642515847780 181642519412767 0 -36.256657 10.595816 -107.53474
181642525902363 181642529162351 0 -36.35002 10.577196 -107.972336
181642535956530 181642539426519 0 -36.60238 10.771878 -107.87864
181642546010176 181642548826572 0 -36.66681 10.967658 -107.99602
181642556065072 181642559458032 0 -37.159576 10.144038 -107.76848
181642566123040 181642569628241 0 -37.154198 9.555621 -107.205284
181642576178874 181642581013763 0 -37.06015 9.553585 -107.388405
181642586236582 181642589753347 0 -37.242012 8.943417 -107.23486
181642596290957 181642599481838 0 -37.927906 8.701964 -107.51464
181642606344863 181642611244026 0 -38.080326 8.290702 -107.50642
181642616400957 181642619968715 0 -37.82883 8.121833 -106.8242
181642626456009 181642629492361 0 -38.074604 7.691952 -107.25357
181642636512207 181642640126060 0 -38.22668 7.2703624 -107.55571
181642646569030 181642650741530 0 -37.974495 7.0808377 -107.494225
181642656625540 181642660064552 0 -38.03304 6.6727023 -107.51395
181642666683874 181642669888511 0 -38.068714 7.0880384 -107.155914
181642676743665 181642681398617 0 -38.162937 7.0952396 -106.817604
181642686803457 181642691003670 0 -38.185627 6.266605 -107.350525
181642696861061 181642700109921 0 -37.97346 7.0498533 -108.42531
181642706916269 181642710112369 0 -38.19724 7.469268 -107.70102
181642716970957 181642720647318 0 -38.13332 7.2889814 -107.11811
181642727026165 181642731520601 0 -38.473667 6.8766294 -106.8988
181642737083144 181642740772060 0 -38.661762 6.880703 -106.532555
181642747138822 181642750488728 0 -38.444393 7.0806947 -106.88894
181642757193665 181642760840031 0 -38.567543 6.8735023 -106.87086
181642767247051 181642770610032 0 -38.6609 6.8548827 -107.308464
181642777299499 181642781402377 0 -38.531345 6.4426746 -107.69443
181642787351374 181642790926232 0 -38.561302 6.25926 -107.083565
181642797404082 181642801249514 0 -38.626602 6.4808598 -106.42503
181642807460280 181642810972744 0 -38.626087 6.465368 -106.89057
181642817517572 181642821352953 0 -38.47401 6.886957 -106.58845
181642827573769 181642831796392 0 -38.374416 6.2913346 -106.36355
181642837631842 181642840273528 0 -38.526493 5.8697443 -106.66569
181642847688978 181642850028113 0 -39.08352 5.236739 -106.71071
181642857747467 181642860384468 0 -39.170986 4.6142063 -107.05065
181642867803457 181642870158323 0 -38.737278 5.0451784 -106.83235
181642877859915 181642880244209 0 -38.455822 5.059724 -106.76102
181642887918717 181642890538950 0 -38.203465 4.865041 -106.85471
181642897976061 181642902890253 0 -38.16813 4.4600325 -106.902374
181642908032311 181642910451608 0 -38.57828 4.8318763 -107.36365
181642918090384 181642920542703 0 -38.85991 4.822495 -107.27981
181642928151217 181642932023173 0 -38.577938 4.821548 -107.67401
181642938211686 181642943759320 0 -38.29076 4.237343 -107.34983
181642948268561 181642950694320 0 -38.385326 4.2548723 -106.70115
181642958327051 181642960748905 0 -38.666615 4.2351627 -106.92768
181642968384394 181642970780156 0 -38.44907 4.429995 -107.439255
181642978440280 181642982082344 0 -38.32541 4.6216955 -107.92288
181642988497624 181642991018595 0 -38.325924 4.6371875 -107.457344
181642998554967 181643000822138 0 -38.262177 4.4620695 -106.71924
181643008609655 181643010885420 0 -38.47245 3.6220114 -107.35146
181643018665749 181643021197921 0 -38.478687 4.2362533 -107.13875
181643028721322 181643032424693 0 -38.519737 5.2400107 -107.343925
181643038778769 181643041205475 0 -38.385326 4.2548723 -106.70115
181643048834342 181643050968237 0 -38.5374 3.8332827 -107.00329
181643058893249 181643061225217 0 -38.572388 4.2279615 -107.26599
181643068952988 181643071162718 0 -38.326443 4.6526794 -106.9918
181643079011426 181643082450167 0 -38.355194 4.433122 -107.4672
181643089070644 181643091613501 0 -38.07408 4.4579964 -107.085495
181643099131322 181643102616940 0 -37.980034 4.45596 -107.268616
181643109190019 181643111519389 0 -38.009304 4.2518897 -107.27848
181643119248301 181643121602775 0 -38.103695 4.2642546 -106.78499
181643129308822 181643132648922 0 -38.226845 4.0570564 -106.76691
181643139368092 181643141768402 0 -38.262005 4.4569054 -106.87443
181643149426426 181643151548768 0 -38.109245 4.85784 -107.19301
181643159484655 181643162178717 0 -37.980377 4.4662876 -106.95827
181643169543197 181643171909447 0 -38.19151 3.6520495 -106.81457
181643179599603 181643182855281 0 -38.13228 4.039528 -107.41558
181643189658092 181643192473980 0 -37.886158 4.459087 -107.29656
181643199717676 181643202485543 0 -37.822067 4.273636 -106.86883
181643209774551 181643212685961 0 -38.256287 3.8581564 -106.62159
181643219829447 181643222495650 0 -38.291622 4.263163 -106.57392
181643229885905 181643233321484 0 -37.886673 4.474579 -106.831024
181643239942988 181643242448568 0 -37.73477 4.9013333 -106.37371
181643249999759 181643253281590 0 -37.793484 4.498362 -106.23825
181643260058144 181643262589612 0 -38.039433 4.07364 -106.51243
181643270113978 181643273547009 0 -38.13228 4.039528 -107.41558
181643280170957 181643282382791 0 -38.16155 3.8354633 -107.42544
181643290228301 181643292760396 0 -38.197746 4.26629 -106.60187
181643300285488 181643302625241 0 -37.916115 4.2756724 -106.68571
181643310340697 181643312787013 0 -38.350163 3.8550293 -106.59364
181643320396947 181643322672274 0 -38.198093 4.2766185 -106.291504
181643330455280 181643332503161 0 -38.11028 4.888824 -106.261925
181643340511322 181643342790662 0 -38.051388 5.28663 -106.552574
181643350566790 181643352785506 0 -37.827957 4.87755 -106.9665
181643360622363 181643362915820 0 -37.821896 4.2684717 -107.02402
181643370675228 181643372984675 0 -38.009304 4.2518897 -107.27848
181643380732936 181643383378791 0 -38.196884 4.24047 -107.37778
181643390791582 181643393254260 0 -38.19723 4.250798 -107.06741
181643400851165 181643404123428 0 -38.132797 4.0550203 -106.95004
181643410909863 181643413152648 0 -37.980377 4.4662876 -106.95827
181643420966374 181643423496086 0 -37.95076 4.660025 -107.25876
181643431023613 181643434180983 0 -37.9208 4.8434386 -107.86964
181643441082467 181643443642963 0 -37.856888 4.663152 -107.286705
181643451139967 181643453495673 0 -37.539745 4.2623606 -107.5734
181643461197363 181643464246507 0 -37.850647 4.048909 -107.49942
181643471255332 181643473729216 0 -38.414597 4.050802 -106.71101
181643481313301 181643483878749 0 -38.10318 4.2487626 -107.250534
181643491370332 181643493754427 0 -37.85637 4.64766 -107.752266
181643501429186 181643504810261 0 -38.0384 4.042655 -107.44353
181643511487780 181643513885262 0 -38.47245 3.6220114 -107.35146
181643521546582 181643524329221 0 -38.754257 3.6177945 -107.112434
181643531604915 181643534417712 0 -38.660202 3.6157572 -107.29557
181643541660540 181643545096828 0 -38.196884 4.24047 -107.37778
181643551720124 181643554500579 0 -38.10959 4.868168 -106.88266
181643561778665 181643566667663 0 -38.203293 4.8598766 -107.00989
181643571837363 181643574484539 0 -37.92738 5.468008 -107.34657
181643581896738 181643585301727 0 -38.050354 5.255646 -107.48366
181643591954655 181643594628135 0 -38.320377 4.043601 -107.049324
181643602012728 181643605378604 0 -38.572388 4.2279615 -107.26599
181643612071686 181643614696522 0 -38.48423 4.829839 -107.54678
181643622130332 181643626111367 0 -38.132797 4.0550203 -106.95004
181643632190384 181643635920847 0 -38.285217 3.643758 -106.94181
181643642248822 181643645701577 0 -38.60755 4.627806 -107.373505
181643652307832 181643655157620 0 -38.57863 4.8422046 -107.053276
181643662368926 181643667002048 0 -38.760143 4.2217073 -107.2101
181643672425905 181643675281424 0 -38.60132 4.0135636 -107.58622
181643682483717 181643685380904 0 -38.44318 3.8260815 -107.3416
181643692544759 181643695323718 0 -38.78318 3.403401 -107.432655
181643702604447 181643705899604 0 -38.724983 3.8218646 -107.10257
181643712663769 181643715265126 0 -38.789764 4.0279655 -106.90959
181643722721686 181643725441377 0 -38.666443 4.229999 -107.082855
181643732780332 181643735597159 0 -38.695194 4.0104365 -107.55827
181643742837832 181643745956743 0 -39.064808 3.3940191 -107.348816
181643752894863 181643754978411 0 -38.848133 3.6146674 -107.08449
181643762951426 181643765211537 0 -39.006435 3.8073184 -107.17393
181643773007519 181643775334611 0 -39.21792 3.0034077 -106.71987
181643783065801 181643785535445 0 -39.46422 2.5890186 -106.6837
181643793121478 181643795495082 0 -39.593082 2.9805713 -106.91844
181643803177780 181643805428989 0 -39.253082 3.4032571 -106.827385
181643813235280 181643815425032 0 -39.165268 4.0154567 -106.797806
181643823292259 181643825481803 0 -39.47651 3.8123388 -106.41347
181643833353405 181643835778419 0 -39.774944 2.3704088 -106.76489
181643843410280 181643845622535 0 -39.997856 2.763998 -106.81651
181643853468249 181643857403525 0 -40.163094 3.5915425 -106.072525
181643863524030 181643865675818 0 -40.192364 3.3874772 -106.08238
181643873580280 181643875736548 0 -40.25125 2.989665 -105.79173
181643883638822 181643885783893 0 -40.27446 2.1765227 -105.859116
181643893696530 181643897801863 0 -40.15148 2.3888838 -105.72203
181643903753822 181643905871707 0 -40.28035 2.780437 -105.95677
181643913810280 181643915965198 0 -40.685474 2.5741856 -105.544495
181643923867363 181643925925355 0 -40.774147 1.9878008 -104.798164
181643933926894 181643936649419 0 -40.86127 1.3549457 -105.448456
181643943986217 181643946086555 0 -40.585533 1.9682348 -105.62996
181643954043509 181643956151921 0 -40.521793 1.7931173 -104.89186
181643964102051 181643966348328 0 -41.04331 0.74994177 -105.13972
181643974156842 181643976252548 0 -41.07258 0.5458717 -105.149574
181643984211426 181643986300049 0 -40.790604 0.54492474 -105.543785
181643994265436 181643996395518 0 -40.76133 0.7489948 -105.53392
181644004321738 181644006466665 0 -40.791466 0.570745 -104.767876
181644014376738 181644018180989 0 -40.632812 0.36777046 -104.988815
181644024433092 181644026959949 0 -40.568207 0.16682748 -105.02662
181644034489394 181644036775366 0 -41.067722 -0.02705833 -104.12084
181644044544238 181644046735263 0 -41.00363 -0.21250351 -103.69309
181644054601217 181644056922087 0 -40.838917 -1.0245609 -103.97155
181644064656842 181644068005369 0 -41.084694 -1.4544421 -104.400925
181644074711686 181644077101829 0 -40.89746 -1.4326959 -103.99127
181644084770124 181644086921569 0 -41.02044 -1.6450517 -104.12836
181644094826217 181644097065372 0 -41.425903 -1.8409748 -103.405716
181644104881322 181644107195009 0 -41.232944 -2.4179776 -102.743225
181644114933613 181644118165583 0 -41.22568 -3.0632036 -103.887
181644124988405 181644127466000 0 -41.260666 -2.6685185 -104.149704
181644135044499 181644137491522 0 -40.60405 -2.6311362 -103.87979
181644145098926 181644147831315 0 -40.72131 -3.4422474 -103.764046
181644155155176 181644157560534 0 -40.909405 -3.4381735 -103.39779
181644165208197 181644168572515 0 -41.038445 -3.041457 -103.477356
181644175263561 181644178938453 0 -41.28474 -3.4558463 -103.44118
181644185319134 181644188288246 0 -41.08572 -4.6419215 -102.83621
181644195375384 181644197905278 0 -40.857086 -5.6342607 -102.531746
181644205429499 181644208594394 0 -40.353233 -5.997817 -101.94324
181644215485176 181644219529082 0 -40.441044 -6.610017 -101.97281
181644225542207 181644229774083 0 -40.62897 -6.6111073 -101.76174
181644235600124 181644238213407 0 -40.441563 -6.594525 -101.50727
181644245656634 181644248247314 0 -40.43533 -7.2087665 -101.71996
181644255712363 181644258907159 0 -40.025177 -7.5806093 -101.2587
181644265767624 181644269503462 0 -39.8253 -8.79251 -101.429634
181644275824915 181644279113463 0 -40.036777 -9.5964155 -100.97556
181644285882259 181644289031225 0 -39.731422 -8.789383 -101.45758
181644295937832 181644299155080 0 -39.479065 -8.984072 -101.55128
181644305991322 181644308762320 0 -39.62628 -9.978591 -100.82466
181644316048040 181644319702113 0 -39.215443 -10.37109 -100.98411
181644326108457 181644329146177 0 -39.15032 -10.58752 -101.48746
181644336168405 181644339406751 0 -39.33201 -11.202851 -101.48909
181644346228144 181644349037220 0 -39.08017 -11.382049 -101.11724
181644356287207 181644359677950 0 -38.71107 -10.7501335 -100.86114
181644366343822 181644370063733 0 -38.863487 -11.161395 -100.85291
181644376403144 181644379539515 0 -38.982468 -11.920863 -99.18534
181644386463405 181644389459568 0 -38.636234 -12.112422 -99.306984
181644396520488 181644399574465 0 -38.499756 -13.159528 -100.52639
181644406580905 181644409930976 0 -38.21258 -13.743732 -100.20221
181644416642572 181644420006134 0 -37.773155 -13.911508 -99.731064
181644426702572 181644429791551 0 -37.391586 -14.508076 -99.90037
181644436761217 181644440036865 0 -37.20401 -14.496657 -99.80109
181644446817051 181644450005772 0 -36.88739 -14.881956 -99.62222
181644456874082 181644460113638 0 -36.547558 -14.45411 -99.37598
181644466932363 181644470254524 0 -36.72336 -15.673353 -99.27995
181644476989186 181644480209733 0 -36.529545 -16.276178 -99.39337
181644487044655 181644490513641 0 -36.067085 -15.625644 -98.69967
181644497101009 181644500703850 0 -36.10225 -15.2258005 -98.80718
181644507159186 181644510776768 0 -35.90254 -16.432533 -98.822945
181644517217676 181644521278435 0 -34.897964 -16.638351 -100.22648
181644527277311 181644530657551 0 -34.65253 -16.198141 -99.48675
181644537334134 181644540892448 0 -34.74069 -16.800014 -99.20596
181644547390592 181644550595834 0 -34.358776 -17.406914 -99.68563
181644557445592 181644561011460 0 -34.077488 -17.387203 -99.45911
181644567500124 181644570801253 0 -33.767105 -17.158262 -99.06754
181644577553665 181644580164691 0 -33.451347 -17.517738 -98.11277
181644587608405 181644590151880 0 -32.97573 -18.116344 -98.4652
181644597664082 181644602832454 0 -32.66483 -17.902893 -98.53918
181644607720124 181644610300423 0 -32.47811 -17.865654 -97.66399
181644617777363 181644620265216 0 -32.190075 -18.47568 -98.115715
181644627835697 181644630215634 0 -31.744415 -19.257696 -97.857285
181644637892519 181644640348916 0 -31.217525 -18.802938 -97.046196
181644647949238 181644650135584 0 -31.369946 -19.214203 -97.03797
181644658005853 181644660275324 0 -31.33461 -19.619211 -97.08563
181644668061269 181644670497252 0 -30.865053 -19.60874 -97.380554
181644678116322 181644680536212 0 -30.418707 -20.411411 -97.74284
181644688172780 181644690469806 0 -29.855448 -20.392649 -97.910515
181644698228197 181644700438922 0 -29.632706 -20.781075 -97.703705
181644708284030 181644710606267 0 -29.163666 -20.75511 -97.53307
181644718342311 181644720616007 0 -28.888617 -20.12116 -97.09385
181644728400853 181644730814810 0 -28.88221 -20.740564 -97.46173
181644738457624 181644740731895 0 -28.52922 -21.56186 -98.261635
181644748515019 181644750608823 0 -27.930801 -21.94294 -98.32178
181644758572519 181644760798251 0 -27.87312 -21.508984 -97.52615
181644768628561 181644770867210 0 -27.785479 -20.891615 -97.34141
181644778682572 181644780846690 0 -27.281107 -21.27066 -97.21843
181644788736790 181644792057004 0 -27.245255 -21.69116 -97.731636
181644798791947 181644801047786 0 -27.310032 -21.485054 -97.53866
181644808848509 181644811506016 0 -26.96397 -21.67145 -97.50511
181644818906009 181644821214455 0 -26.58812 -21.66927 -97.92726
181644828962155 181644831292008 0 -26.312723 -21.045647 -97.7984
181644839016686 181644841374613 0 -26.096045 -20.824999 -97.534065
181644849071686 181644853339510 0 -25.749983 -21.011393 -97.500534
181644859128665 181644861518938 0 -25.585955 -21.802792 -97.15825
181644869185228 181644871500658 0 -25.49156 -21.815155 -97.65176
181644879242728 181644881489617 0 -25.432846 -21.412184 -97.78722
181644889299707 181644892377587 0 -25.33897 -21.409058 -97.815155
181644899357311 181644901538421 0 -24.682178 -21.376839 -97.70042
181644909414499 181644911846860 0 -24.525246 -21.528175 -96.369545
181644919472832 181644922018319 0 -24.836147 -21.741625 -96.29556
181644929531009 181644931879830 0 -24.77657 -21.364471 -97.206924
181644939590540 181644941988842 0 -24.24899 -20.930372 -97.01657
181644949647728 181644951825353 0 -24.155287 -20.922081 -96.88934
181644959706530 181644962094104 0 -24.220236 -20.710814 -96.541176
181644969764186 181644972226189 0 -24.343384 -20.918007 -96.52309
181644979821634 181644982125304 0 -24.618261 -21.557121 -97.1175
181644989880019 181644993114159 0 -24.683212 -21.345854 -96.76933
181644999939082 181645002082077 0 -24.15477 -20.937572 -97.35489
181645009996426 181645012413797 0 -23.621471 -21.102222 -96.91169
181645020053197 181645022851767 0 -24.026419 -21.313635 -96.65459
181645030111478 181645032301038 0 -24.371794 -21.147896 -97.30885
181645040169186 181645042377446 0 -24.501348 -20.735685 -96.922874
181645050225592 181645052278176 0 -24.336458 -21.552904 -97.356514
181645060282832 181645062435052 0 -24.395174 -21.955877 -97.22106
181645070341165 181645072529167 0 -24.553999 -21.747736 -96.84494
181645080399655 181645082646200 0 -24.524212 -21.559158 -97.30062
181645090456999 181645093170680 0 -24.278433 -21.129278 -96.871254
181645100513040 181645102659535 0 -24.090164 -21.138515 -97.39269
181645110568301 181645113371984 0 -24.120642 -21.306435 -96.31628
181645120622311 181645123075995 0 -24.30874 -21.30236 -95.95002
181645130672780 181645133014434 0 -24.619467 -21.520973 -96.03123
181645140724603 181645143734174 0 -24.784014 -20.714085 -95.90796
181645150776374 181645154683550 0 -24.878233 -20.706884 -95.56964
181645160832103 181645163199020 0 -24.662588 -20.455246 -94.37423
181645170885957 181645173793136 0 -24.293661 -19.81817 -93.96295
181645180942415 181645185694231 0 -23.982416 -19.615051 -94.34728
181645190997988 181645194221679 0 -24.416292 -20.040857 -94.4104
181645201053874 181645204669233 0 -24.82696 -19.653524 -94.40613
181645211108144 181645213606577 0 -24.833542 -19.028954 -93.883064
181645221163405 181645225546683 0 -24.863674 -19.207201 -93.11702
181645231218457 181645233516110 0 -24.740524 -19.000006 -93.13511
181645241274759 181645243565538 0 -24.775688 -18.60016 -93.242615
181645251328978 181645254481737 0 -25.296688 -19.65883 -93.95603
181645261383197 181645264760749 0 -25.037922 -20.472921 -94.41762
181645271438926 181645273915698 0 -24.850859 -20.44601 -93.8528
181645281498769 181645283916740 0 -25.097328 -20.855236 -93.66143
181645291554967 181645294088721 0 -24.874067 -21.259155 -93.92017
181645301612311 181645304663097 0 -24.68597 -21.26323 -94.286415
181645311669394 181645314249608 0 -24.967426 -21.277775 -94.35777
181645321726426 181645324765286 0 -24.650463 -21.6734 -94.48927
181645331781478 181645334508308 0 -24.702942 -22.690615 -94.56651
181645341838405 181645345383101 0 -24.95599 -22.47527 -93.85208
181645351896426 181645355205914 0 -24.83925 -21.64867 -93.50228
181645361952780 181645364654821 0 -24.722164 -20.832397 -93.46285
181645372010124 181645374855916 0 -24.786427 -20.641787 -93.73541
181645382067988 181645385665553 0 -24.815353 -20.856182 -94.05563
181645392123926 181645395113835 0 -24.715757 -21.451803 -93.830734
181645402177415 181645404969565 0 -24.8325 -22.278404 -94.180534
181645412235019 181645415114201 0 -24.520908 -22.08561 -94.87525
181645422294342 181645426071546 0 -23.934958 -21.23821 -94.50999
181645432352259 181645435239151 0 -23.899967 -21.632893 -94.2473
181645442406478 181645445286079 0 -24.116991 -21.843214 -94.20127
181645452464134 181645455616966 0 -24.211557 -21.825686 -93.55259
181645462521738 181645465909311 0 -24.024149 -21.809101 -93.29812
181645472578926 181645476036030 0 -23.613827 -22.186111 -92.99202
181645482637207 181645484865198 0 -23.367186 -21.78205 -93.33856
181645492693249 181645495072178 0 -23.524979 -21.60489 -93.89353
181645502747519 181645506236658 0 -23.301891 -22.003643 -93.997086
181645512804342 181645517724680 0 -23.367186 -21.78205 -93.33856
181645522863092 181645525407285 0 -23.489815 -22.004734 -93.78602
181645532919134 181645535176453 0 -23.454657 -22.404581 -93.678505
181645542979342 181645545537287 0 -23.448765 -23.008492 -93.58083
181645553034759 181645556077445 0 -23.325615 -22.801296 -93.59892
181645563090072 181645565222081 0 -23.203331 -22.568283 -92.8411
181645573144863 181645575654217 0 -23.391947 -22.548717 -92.00931
181645583198457 181645585467448 0 -23.080526 -22.350758 -92.54883
181645593256478 181645595836615 0 -22.423391 -22.328867 -92.744446
181645603314186 181645605550210 0 -22.358614 -22.534973 -92.93744
181645613373509 181645615567555 0 -22.740355 -21.93324 -92.612946
181645623430072 181645625889639 0 -22.705881 -22.31243 -91.884705
181645633485905 181645635536411 0 -22.418535 -22.901796 -91.71571
181645643541113 181645645540162 0 -22.013927 -22.680056 -91.662445
181645653595592 181645655616517 0 -21.947947 -22.922308 -92.941696
181645663651582 181645665590060 0 -21.954525 -22.29774 -92.41863
181645673708665 181645675671936 0 -22.049261 -22.275045 -91.614784
181645683763822 181645685667718 0 -22.323969 -22.919325 -92.36437
181645693815905 181645695821729 0 -21.983452 -22.512138 -92.73886
181645703869499 181645706191262 0 -21.883684 -23.11292 -92.66915
181645713921999 181645715974856 0 -22.317732 -23.533567 -92.57709
181645723973613 181645726186316 0 -22.142279 -22.303995 -92.36275
181645734025384 181645736062046 0 -21.585253 -21.67099 -92.317726
181645744080436 181645746221266 0 -21.70251 -22.4821 -92.201965
181645754134603 181645756597673 0 -21.825487 -22.694458 -92.33907
181645764186999 181645766639393 0 -21.85493 -22.893362 -92.19374
181645774240853 181645776489446 0 -21.94898 -22.891323 -92.01062
181645784296061 181645786412624 0 -21.673412 -22.272865 -92.036934
181645794350905 181645796554031 0 -21.767979 -22.255337 -91.38825
181645804407415 181645810226116 0 -21.919708 -22.687256 -92.000755
181645814466374 181645816970387 0 -21.60829 -22.4893 -92.540276
181645824523405 181645827035597 0 -21.614697 -21.869894 -92.17239
181645834579134 181645836731848 0 -21.76729 -22.275993 -92.00899
181645844632519 181645847346119 0 -22.13742 -22.87692 -91.33399
181645854686738 181645857950235 0 -22.418364 -22.90696 -91.87089
181645864740749 181645866899455 0 -21.890093 -22.493517 -92.30127
181645874792988 181645877300445 0 -21.86151 -22.268791 -91.67068
181645884845488 181645886988467 0 -22.049606 -22.264717 -91.30442
181645894896999 181645897112583 0 -21.920397 -22.6666 -91.38003
1816