name=BMI160 Accelerometer vendor=BOSCH current_time_ms=1561441268478
measured_at recorded_at accuracy value_x value_y value_z
276975852047575 276975976677386 0 -0.1623715 2.2104805 9.892324
276975862154241 276975976774417 0 0.11536195 2.1292174 10.105021
276975872260908 276975976835355 0 0.36915326 2.0097132 10.261
276975882367575 276975976890668 0 0.5415409 1.9523506 10.322447
276975892474241 276975976943949 0 0.5702752 1.7946056 10.350806
276975902580908 276975977006709 0 0.54154813 1.6846617 10.450067
276975912687575 276975977067178 0 0.4936673 1.6559796 10.591865
276975922794241 276975977126293 0 0.40269035 1.6989995 10.695851
276975932900908 276975977195407 0 0.3500211 1.813721 10.587141
276975943007575 276975977269209 0 0.37396684 1.8758613 10.279916
276975953114241 276975977335720 0 0.3883358 1.9236611 9.840345
276975963220908 276975977401970 0 0.31172425 2.0001416 9.3487835
276975973327575 276975977466865 0 0.15849757 2.105303 8.989566
276975983434241 276976001339732 0 0.057943724 2.277386 8.809958
276975993540908 276976001414889 0 -0.023456197 2.3777673 8.7107
276976003647575 276976012334421 0 -0.033029526 2.2009015 8.540545
276976013754241 276976017126140 0 -0.10964105 2.0766175 8.356211
276976023860908 276976069576770 0 -0.23892555 2.0479352 8.403478
276976033967575 276976069630677 0 -0.21976817 2.086175 8.601995
276976044074241 276976069678281 0 -0.20539922 2.0861738 8.786332
276976054180908 276976069725521 0 -0.20060718 2.0383713 9.041569
276976064287575 276976069771458 0 -0.10962306 2.0049095 9.296805
276976074394241 276976113816202 0 -0.018638972 1.9857876 9.481144
276976084500908 276976113878546 0 0.19205622 1.8567232 9.471691
276976094607575 276976113929223 0 0.28782877 1.6941981 9.391341
276976104714241 276976113974900 0 0.33092842 1.6320555 9.2070055
276976114820908 276976178456417 0 0.31656662 1.6081535 9.022671
276976124927575 276976178512094 0 0.13939768 1.6798539 9.032125
276976135034241 276976178564646 0 -0.06171344 1.9618795 9.211737
276976145140908 276976178613344 0 -0.16226725 2.1626432 9.358262
276976155247575 276976178659542 0 -0.19099429 2.2725844 9.594591
276976165355595 276976178700531 0 -0.20056763 2.2869236 9.807289
276976175470960 276976178742302 0 -0.07127599 2.1721995 9.963266
276976185586272 276976193288033 0 0.086746395 2.0096743 10.067253
276976195701637 276976202694232 0 0.26871094 1.7993482 10.076708
276976205816950 276976209212514 0 0.5225022 1.5412207 10.07671
276976215932314 276976263975384 0 0.6230632 1.3691353 10.053077
276976226047627 276976264018873 0 0.603913 1.3930346 10.076713
276976236162991 276976264062988 0 0.47941697 1.545997 10.02472
276976246278304 276976264105436 0 0.34055564 1.6846191 9.892378
276976256393668 276976264159290 0 0.1825405 1.8471416 9.812027
276976266508981 276976271721270 0 0.067621365 1.9666435 9.797849
276976276624345 276976292736168 0 0.019740544 2.1482866 9.887655
276976286739710 276976292778407 0 0.02932102 2.2869086 9.920742
276976296855022 276976307549555 0 -0.02334831 2.2725668 9.901837
276976306970387 276976309864711 0 -0.10474829 2.2152042 9.835668
276976317085700 276976318872264 0 -0.06643713 2.09092 9.75059
276976327201064 276976329084817 0 0.029335437 1.937955 9.651334
276976337316377 276976339467787 0 0.12510791 1.7993306 9.4717245
276976347431741 276976349541798 0 0.17778446 1.6941669 9.131413
276976357547054 276976358991331 0 0.12511513 1.6654849 8.928172
276976367662418 276976369749977 0 0.0820227 1.7132847 8.776923
276976377777731 276976379611489 0 0.03414182 1.7563046 8.696572
276976387893095 276976390077479 0 0.010203198 1.7993243 8.701302
276976398008408 276976399529355 0 -0.032889172 1.8566844 8.748568
276976408123772 276976410050815 0 -0.06640472 1.9283848 8.999078
276976418239085 276976420418108 0 -0.10470873 1.9953053 9.339392
276976428354450 276976431720088 0 -0.1669549 2.0909064 9.722246
276976438469762 276976439908057 0 -0.13343221 2.1052454 9.996388
276976448585127 276976451201340 0 0.0054363124 1.9809611 10.095648
276976458700439 276976460595455 0 0.12036266 1.7658548 10.043657
276976468815804 276976470957331 0 0.12994319 1.5746489 9.859322
276976478931168 276976480240613 0 0.12515832 1.4551449 9.632447
276976489046481 276976490641812 0 0.11558499 1.4216826 9.462293
276976499161845 276976500886918 0 0.11558857 1.5077235 9.377216
276976509278825 276976510919419 0 0.106015354 1.6463456 9.405577
276976519397314 276976521081138 0 0.06771132 1.7754073 9.386672
276976529515856 276976531800514 0 -0.047207758 1.9905113 9.481205
276976539634345 276976541252495 0 -0.1621269 2.234296 9.618277
276976549752887 276976551535360 0 -0.20043084 2.4063787 9.802614
276976559871377 276976561351924 0 -0.16690814 2.463739 9.882967
276976569989918 276976571603279 0 -0.13338543 2.2916536 9.840429
276976580108408 276976582629165 0 -0.0807089 2.071767 9.70336
276976590226950 276976591823698 0 0.019852065 1.8231999 9.627737
276976600345439 276976602165105 0 0.11562461 1.6654547 9.533206
276976610463981 276976612051512 0 0.16830115 1.6224326 9.44813
276976620582470 276976635057035 0 0.16351633 1.6415517 9.301607
276976630701012 276976635078493 0 0.07732784 1.7323725 9.244889
276976640819502 276976642338859 0 -0.09984111 1.9570367 9.363054
276976650938043 276976652877558 0 -0.17645264 2.2247221 9.656104
276976661056533 276976662614850 0 -0.11898761 2.358564 9.949153
276976671175075 276976674317872 0 -0.028003555 2.3203218 9.996419
276976681293564 276976683488134 0 -0.06630756 2.2008176 9.882984
276976691412106 276976693221364 0 -0.051938605 2.0478525 9.736461
276976701530595 276976703316729 0 0.029468585 1.9331287 9.68447
276976711649137 276976713358085 0 0.09651042 1.8566455 9.660838
276976721767627 276976723581575 0 0.06778334 1.7706022 9.500136
276976731886168 276976733687774 0 7.487187E-4 1.7419202 9.259082
276976742004658 276976743876994 0 -0.06628594 1.7610394 9.145647
276976752123200 276976753986578 0 -0.09980149 1.8423002 9.150374
276976762241689 276976763685850 0 -0.09979786 1.9904824 9.259087
276976772360231 276976774403195 0 -0.19077477 2.1099842 9.400886
276976782478720 276976785014758 0 -0.22429033 2.2247057 9.514324
276976792597210 276976794229291 0 -0.18597911 2.2294843 9.556865
276976802715752 276976805016167 0 -0.08062967 2.10042 9.656124
276976812834241 276976814494709 0 -0.027953155 2.0000365 9.656126
276976822952783 276976824750596 0 0.010357969 1.947454 9.670307
276976833071272 276976834762315 0 0.082188316 1.8614106 9.703395
276976843189814 276976844896535 0 0.06782653 1.7992679 9.646676
276976853308304 276976855275547 0 0.043887913 1.7562456 9.556873
276976863426845 276976865011746 0 0.1013529 1.7180034 9.476523
276976873545335 276976875316590 0 0.11572183 1.7610232 9.485977
276976883663877 276976885223206 0 0.029533401 1.8948652 9.556877
276976893782366 276976895353572 0 -0.05665506 2.1338696 9.641956
276976903900908 276976905446073 0 -0.090170555 2.325073 9.618325
276976914019397 276976915583782 0 -0.05185943 2.3537524 9.660865
276976924137939 276976929175606 0 8.1704935E-4 2.3059502 9.627782
276976934256429 276976935693107 0 0.02955139 2.229467 9.56161
276976944374970 276976945746702 0 0.0056127687 2.1912248 9.561612
276976954493460 276976956230713 0 0.03434705 2.1625428 9.618332
276976964612002 276976966081704 0 0.08223508 2.1482012 9.722319
276976974730491 276976977680871 0 0.14448853 2.1242993 9.774312
276976984849033 276976986327747 0 0.13491519 2.124298 9.8074
276976994967522 276976996603425 0 0.09661122 2.129077 9.71287
276977005085960 276977006514676 0 0.0822495 2.095615 9.58998
276977015203668 276977017547282 0 0.09661848 2.1003938 9.467091
276977025321429 276977027403845 0 0.07746825 2.124293 9.443459
276977035439137 276977037270356 0 0.09183718 2.1051714 9.452913
276977045556897 276977047689368 0 0.15409063 2.1290708 9.509634
276977055674658 276977057660098 0 0.2067671 2.0764883 9.599441
276977065792366 276977067777026 0 0.21155919 2.0191255 9.64198
276977075910127 276977077943329 0 0.19240896 1.9522028 9.679794
276977086027835 276977088034997 0 0.19720104 1.9235208 9.623076
276977096145595 276977097984217 0 0.21635842 1.8852786 9.58054
276977106263304 276977108257134 0 0.2690349 1.8996177 9.59472
276977116381064 276977118799010 0 0.273827 1.9760983 9.604175
276977126498825 276977128902814 0 0.2403114 2.10038 9.55691
276977136616533 276977138916200 0 0.22116129 2.2007613 9.504919
276977146734293 276977148816566 0 0.2067995 2.2198803 9.53328
276977156852002 276977160492348 0 0.1589187 2.2007587 9.61836
276977166969762 276977169366411 0 0.2573466 2.1011178 9.745168
276977177087522 276977179399694 0 0.37225908 2.04376 9.806609
276977187205231 276977189770788 0 0.39619097 1.9672819 9.877503
276977197322991 276977199250529 0 0.38181528 1.9242646 9.830234
276977207440700 276977209343551 0 0.29561293 1.9720691 9.655347
276977217558460 276977220116416 0 0.22856443 2.0342143 9.593898
276977227676168 276977229476574 0 0.19982335 2.1346004 9.655339
276977237793929 276977239675272 0 0.20938994 2.1871853 9.7262335
276977247911689 276977249405638 0 0.27641788 2.201529 9.7593155
276977258029397 276977259671993 0 0.35302275 2.206313 9.801851
276977268147158 276977269629859 0 0.39610845 2.1346147 9.773488
276977278264866 276977279939860 0 0.43440568 2.0055554 9.726218
276977288382627 276977289988611 0 0.53495276 1.9481975 9.712035
276977298500387 276977300169237 0 0.5876154 2.0007823 9.693124
276977308618095 276977310145904 0 0.60675883 2.043807 9.754565
276977318735856 276977320669864 0 0.63069075 2.0581508 9.745109
276977328853564 276977330254761 0 0.6163151 2.082055 9.697839
276977338971325 276977340381897 0 0.6546123 2.1011791 9.655296
276977349089033 276977350166638 0 0.6402367 2.144204 9.574941
276977359206793 276977362419764 0 0.66895705 2.1059663 9.541849
276977369324554 276977370556119 0 0.72640806 2.0916297 9.50876
276977379442262 276977380669453 0 0.72160935 2.0772927 9.480397
276977389560022 276977390981381 0 0.75032973 2.048616 9.489846
276977399677731 276977401924976 0 0.7551078 2.0486195 9.565468
276977409795491 276977411996904 0 0.80777043 1.9960418 9.683628
276977419913252 276977422070499 0 0.8364908 1.938684 9.730889
276977430030960 276977432239302 0 0.80296135 1.8430852 9.6978
276977440148720 276977442092897 0 0.73591274 1.7857274 9.584358
276977450266429 276977452314669 0 0.67844117 1.8096316 9.551269
276977460384189 276977462335868 0 0.63054633 1.8622165 9.560718
276977470501950 276977472390764 0 0.6353244 1.9148014 9.4283695
276977480619658 276977482259359 0 0.59221804 1.9817265 9.414186
276977490737418 276977492532068 0 0.5778425 2.0773325 9.352736
276977500855127 276977502345351 0 0.5203707 2.1012366 9.348005
276977510971325 276977512794102 0 0.53472584 2.0629992 9.376362
276977521086741 276977522648217 0 0.53471553 2.034322 9.390538
276977531202210 276977533114052 0 0.5155514 2.0056453 9.499245
276977541317627 276977543095355 0 0.58257926 1.9913082 9.749748
276977551433095 276977553529366 0 0.61608815 1.9435108 9.872636
276977561548512 276977562698742 0 0.5969241 1.8526922 9.839545
276977571663981 276977573512493 0 0.5298754 1.7714338 9.707198
276977581779397 276977583611400 0 0.44846156 1.6758351 9.485045
276977591894814 276977593750204 0 0.34310544 1.6136972 9.333791
276977602010283 276977604025725 0 0.2999991 1.5754597 9.234529
276977612125700 276977613905570 0 0.26168123 1.5898038 9.210893
276977622241168 276977624309946 0 0.21857491 1.656729 9.2534275
276977632356585 276977634167395 0 0.26644906 1.6806331 9.385768
276977642472054 276977644392500 0 0.31432316 1.6615162 9.59846
276977652587470 276977654511303 0 0.35740885 1.580258 9.640995
276977662702887 276977664709690 0 0.35739854 1.5229001 9.593724
276977672818356 276977674778910 0 0.26161933 1.5515845 9.62208
276977682933772 276977686195525 0 0.20414767 1.5659283 9.555904
276977693049241 276977694159432 0 0.09400309 1.5181308 9.423556
276977703164658 276977705297923 0 0.026954526 1.499014 9.295936
276977713280127 276977715129591 0 0.02694416 1.4990176 9.229759
276977723395543 276977725720842 0 -0.0113737555 1.5563824 9.191942
276977733510960 276977737072249 0 -0.06884539 1.6711088 9.248657
276977743626429 276977745718083 0 -0.030548114 1.7906154 9.319552
276977753741845 276977755368501 0 -0.006616223 1.9101218 9.480252
276977763857314 276977765830429 0 -0.025780275 2.0822093 9.640952
276977773972731 276977775575638 0 -0.068886615 2.2351768 9.740206
276977784088200 276977786812723 0 -0.12156989 2.3260026 9.801647
276977794203616 276977795978192 0 -0.09763797 2.2734249 9.863089
276977804319033 276977806434339 0 -0.03539846 2.082224 9.948163
276977814434502 276977816065747 0 -0.0018896686 1.9101434 9.981245
276977824549918 276977826554081 0 -0.011476877 1.7141621 10.061593
276977834665387 276977837196009 0 -0.011487184 1.4895004 10.066316
276977844780804 276977846863041 0 -0.0019205873 1.3126397 10.014319
276977854896272 276977857004240 0 -0.040238444 1.2074808 9.829979
276977865011689 276977867021116 0 -0.11207552 1.2266048 9.607826
276977875127106 276977876729763 0 -0.1887009 1.3508915 9.43294
276977885242575 276977887350858 0 -0.31321087 1.5229791 9.3478565
276977895357991 276977897482057 0 -0.375471 1.7046272 9.328946
276977905473460 276977907607787 0 -0.46167335 1.8671546 9.328943
276977915588877 276977917031017 0 -0.51435655 1.9245197 9.489642
276977925704345 276977927815654 0 -0.53352064 1.8958426 9.678701
276977935819762 276977939654196 0 -0.5239541 1.8193643 9.863034
276977945935179 276977948059249 0 -0.53354126 1.6855247 10.000101
276977956050647 276977957769302 0 -0.54312855 1.4560828 10.004822
276977966166064 276977968228991 0 -0.50004286 1.1644993 9.957554
276977976281533 276977978282690 0 -0.45216867 0.93505734 9.867744
276977986396950 276977988533941 0 -0.43302518 0.75819665 9.777936
276977996512418 276977998529358 0 -0.32290122 0.6530377 9.815744
276978006627575 276978008924412 0 -0.15052742 0.68172204 10.118241
276978016741897 276978018687798 0 -0.045191914 0.77254784 10.543628
276978026856220 276978029231914 0 -0.021259964 0.83947295 10.846125
276978036970543 276978039251133 0 -0.08830862 0.8777175 10.893387
276978047084866 276978048674572 0 -0.22239542 0.8155796 10.727953
276978057199189 276978059769625 0 -0.3612707 0.7152008 10.397089
276978067313512 276978070662230 0 -0.3948001 0.6196021 9.995327
276978077427835 276978079025617 0 -0.38523352 0.53356355 9.631376
276978087542158 276978089543847 0 -0.4331283 0.47620583 9.286333
276978097656481 276978099629473 0 -0.5001769 0.5622515 8.969649
276978107770804 276978110082859 0 -0.55764854 0.73433924 8.870386
276978117885127 276978120279162 0 -0.6055434 0.97334856 8.936555
276978127999450 276978130061403 0 -0.66301495 1.2505988 9.068895
276978138113720 276978140154268 0 -0.6821791 1.3844457 9.182329
276978148228043 276978149947290 0 -0.66303563 1.4179101 9.262676
276978158342366 276978159883750 0 -0.5864308 1.4991757 9.395017
276978168456689 276978171215782 0 -0.47560814 1.4893756 9.622153
276978178571012 276978180650262 0 -0.3415349 1.4702562 9.79231
276978188685335 276978191706669 0 -0.25055763 1.4128959 9.981371
276978198799658 276978200525368 0 -0.17873424 1.3889965 10.108987
276978208913981 276978211249015 0 -0.0973339 1.360317 10.18461
276978219028304 276978221097401 0 0.055893146 1.2981766 10.359493
276978229142627 276978231095007 0 0.22348554 1.2886176 10.553281
276978239256950 276978240595060 0 0.30488583 1.2981789 10.652538
276978249371272 276978250840842 0 0.35276705 1.3603216 10.619451
276978259485595 276978261057405 0 0.3096678 1.4463649 10.482378
276978269599918 276978271405011 0 0.2665685 1.6280103 10.246049
276978279714241 276978281628970 0 0.21868077 1.7809751 9.962454
276978289828564 276978291671106 0 0.1660046 1.9291598 9.707217
276978299942887 276978301569597 0 0.17078982 2.0104227 9.451981
276978310057210 276978312252515 0 0.20430565 2.0295444 9.210925
276978320171533 276978323271214 0 0.17557167 2.091687 9.0502205
276978330285856 276978331952933 0 0.108530186 2.1586099 8.898969
276978340400179 276978342016164 0 0.07500781 2.2255325 8.861155
276978350514502 276978352040800 0 0.084581435 2.2924552 9.002952
276978360628825 276978362437311 0 0.17077023 2.3259172 9.220371
276978370743147 276978373097365 0 0.3144203 2.3211381 9.522871
276978380857470 276978382449293 0 0.4197629 2.3354797 9.71666
276978390971793 276978392539398 0 0.41975963 2.3593817 9.763924
276978401086116 276978402641013 0 0.35271814 2.4454248 9.7733755
276978411200439 276978413021744 0 0.2330037 2.5505886 9.68357
276978421314762 276978423311015 0 0.09413552 2.6366315 9.485052
276978431429085 276978433202475 0 -0.016002014 2.693994 9.39052
276978441543408 276978443184507 0 0.031879164 2.6079533 9.357433
276978451657731 276978453113883 0 0.08454885 2.507572 9.437782
276978461772054 276978463345655 0 0.17552604 2.4788923 9.607938
276978471886377 276978473467427 0 0.20904191 2.4358726 9.730828
276978482000700 276978483367740 0 0.23298089 2.3976326 9.882077
276978492115022 276978493838314 0 0.28565058 2.3832934 10.061686
276978502229345 276978505312586 0 0.41972378 2.2924724 10.203482
276978512343825 276978514592899 0 0.58731616 2.2064316 10.307466
276978522458408 276978524224567 0 0.6830818 2.1012702 10.175119
276978532572939 276978534281131 0 0.59209806 1.9817684 9.8348055
276978542687522 276978544293215 0 0.32873026 2.0104501 9.39996
276978552802106 276978555332904 0 0.084516205 2.1442945 8.988747
276978562916637 276978564579415 0 -0.0016791362 2.2446783 8.846948
276978573031220 276978574749520 0 0.03662526 2.2255588 8.889486
276978583145752 276978584667125 0 0.14675625 2.2112195 9.121086
276978593260335 276978594943637 0 0.27604103 2.1634195 9.4424925
276978603374918 276978605602856 0 0.3334991 2.1203997 9.560656
276978613489450 276978615534837 0 0.28561145 2.0630393 9.423583
276978623604033 276978625447390 0 0.13716629 2.082161 9.201433
276978633718564 276978635305464 0 0.036605656 2.1490836 9.069088
276978643833147 276978645345985 0 0.050967734 2.239907 9.130532
276978653947731 276978655748851 0 0.18025252 2.2685888 9.310141
276978664062262 276978665840675 0 0.36699867 2.225569 9.546468
276978674176845 276978675929478 0 0.45318753 2.129968 9.697717
276978684291377 276978685650104 0 0.40051135 2.0295866 9.740254
276978694405960 276978696104845 0 0.27122 1.9626659 9.796972
276978704520491 276978707045106 0 0.17065936 1.9722273 9.929316
276978714635075 276978716290836 0 0.20896363 1.9626683 9.97658
276978724749658 276978726210004 0 0.27121022 1.9196484 10.038024
276978734864189 276978736317088 0 0.2759954 1.93877 9.9151325
276978744978772 276978746875318 0 0.23768452 2.0487137 9.726068
276978755093304 276978757528549 0 0.12754698 2.216019 9.456652
276978765207887 276978766985529 0 -0.016109604 2.3355231 9.243955
276978775322470 276978777128342 0 -0.10230494 2.364205 9.163602
276978785437002 276978786922354 0 -0.1310389 2.3833265 9.139968
276978795551585 276978797478865 0 -0.15019596 2.3164058 9.248678
276978805666116 276978807405897 0 -0.09752627 2.230365 9.442466
276978815780700 276978817608503 0 0.00781627 2.1156433 9.54645
276978825895283 276978827886681 0 0.089216605 2.0535028 9.626801
276978836009814 276978840048713 0 0.12752089 2.0487242 9.603166
276978846124397 276978848575901 0 0.07963321 2.0535052 9.423554
276978856238929 276978857890121 0 -0.011350582 2.1060877 9.187225
276978866353512 276978868720851 0 -0.107122764 2.1730106 8.941442
276978876468095 276978878973769 0 -0.18374112 2.2494934 8.714565
276978886582627 276978889747520 0 -0.24120578 2.3259761 8.586947
276978896697210 276978899212677 0 -0.29388195 2.4072394 8.638937
276978906811741 276978909064293 0 -0.27473137 2.502843 8.884719
276978916926325 276978919127315 0 -0.16938883 2.507624 9.173038
276978927040856 276978929312941 0 -0.040104046 2.4789445 9.52753
276978937155439 276978941733984 0 0.060450036 2.369003 9.740224
276978947270022 276978949463568 0 0.13706192 2.2734017 9.886746
276978957384554 276978959430496 0 0.19930851 2.2112615 10.023816
276978967499137 276978969620028 0 0.26155505 2.1730218 10.184518
276978977613668 276978980382894 0 0.27112868 2.1586826 10.302681
276978987728252 276978990164666 0 0.23281784 2.1013224 10.250689
276978997842835 276978999879250 0 0.14662255 2.0678627 10.075804
276979007957158 276979009904199 0 0.09873483 2.0057223 9.848927
276979018071272 276979020510294 0 0.093943104 1.9435819 9.65041
276979028185335 276979030201336 0 0.11309357 1.895782 9.560603
276979038299450 276979040793994 0 0.15618642 1.9053433 9.536969
276979048413512 276979050237015 0 0.19927914 1.9866064 9.631499
276979058527627 276979060189464 0 0.22321813 2.10133 9.744936
276979068641689 276979070343424 0 0.23279175 2.1969337 9.740208
276979078755804 276979080591706 0 0.18969247 2.2877572 9.6787615
276979088869866 276979090182748 0 0.113074034 2.2973185 9.6078615
276979098983981 276979100473947 0 0.103493914 2.31644 9.560595
276979109098043 276979110444261 0 0.15137514 2.26864 9.461335
276979119212158 276979121108377 0 0.23277548 2.2304003 9.399888
276979129326220 276979130946971 0 0.29023355 2.2065008 9.366801
276979139440335 276979142377337 0 0.28065345 2.2304025 9.276996
276979149554397 276979151689473 0 0.15615055 2.3451262 9.196643
276979159668512 276979161453849 0 0.050801408 2.4359498 9.08793
276979169782575 276979173781611 0 -0.007181456 2.4934928 9.040465
276979179896689 276979182563383 0 0.016752342 2.4313543 9.04519
276979190010752 276979192250259 0 0.07899363 2.354875 9.125538
276979200124866 276979202143280 0 0.15081188 2.302297 9.276785
276979210238929 276979212188177 0 0.22741853 2.2688391 9.550923
276979220353043 276979224009428 0 0.2561407 2.221041 9.791975
276979230467106 276979232644325 0 0.2561322 2.2210438 9.900682
276979240581220 276979242386722 0 0.21781619 2.2019262 9.98103
276979250695283 276979252898494 0 0.1938654 2.1828089 10.004661
276979260809397 276979262942297 0 0.20343386 2.1828117 9.981025
276979270923460 276979273848236 0 0.2800405 2.1971552 9.900669
276979281037575 276979282989174 0 0.31355113 2.2401793 9.8534
276979291151637 276979293473498 0 0.27523512 2.2975435 9.706873
276979301265752 276979303512666 0 0.2033999 2.3740282 9.546167
276979311379814 276979313878760 0 0.14114162 2.407492 9.324015
276979321493929 276979324205011 0 0.0788833 2.407495 9.205848
276979331607991 276979333756783 0 0.098028645 2.3979378 9.28147
276979341722106 276979343969909 0 0.1985775 2.3549197 9.546154
276979351836168 276979353676316 0 0.3182802 2.24976 9.815566
276979361950283 276979363877932 0 0.4571367 2.1732812 9.995172
276979372064345 276979374070537 0 0.46191663 2.130263 9.990442
276979382178460 276979384335538 0 0.43796593 2.1063657 9.815556
276979392292522 276979394834029 0 0.38049605 2.125489 9.579225
276979402406637 276979404393561 0 0.32302624 2.1207118 9.338165
276979412520700 276979414696791 0 0.38047907 2.1541755 9.210546
276979422634814 276979425630959 0 0.41398975 2.178079 9.210543
276979432748877 276979434825022 0 0.4235581 2.2497838 9.309796
276979442862991 276979445613201 0 0.39003053 2.3119283 9.338153
276979452977054 276979455287837 0 0.35650286 2.3645124 9.418501
276979463091168 276979465361848 0 0.3852251 2.3453948 9.49885
276979473205231 276979475554714 0 0.4378895 2.2641358 9.531933
276979483319293 276979485548673 0 0.53365 2.1733167 9.607554
276979493433408 276979495555028 0 0.57194895 2.1350787 9.66427
276979503547470 276979505378154 0 0.60067123 2.1207414 9.678446
276979513662522 276979515435968 0 0.6437587 2.1589851 9.716256
276979523777627 276979526064250 0 0.6868464 2.1446478 9.716252
276979533892731 276979535930657 0 0.72514534 2.0633886 9.640625
276979544007887 276979546522065 0 0.6964062 2.0490515 9.494097
276979554122991 276979555855868 0 0.5958404 2.1207561 9.399563
276979564238095 276979566941963 0 0.48569757 2.2259216 9.342841
276979574353200 276979577157693 0 0.47132382 2.2976263 9.295571
276979584468356 276979586707069 0 0.48568058 2.33109 9.342834
276979594583460 276979596304778 0 0.5670757 2.3215327 9.342831
276979604698564 276979607005717 0 0.66762465 2.2593942 9.446813
276979614813720 276979617121707 0 0.7585966 2.1303341 9.470441
276979624928825 276979627374677 0 0.73464584 2.0251744 9.437352
276979635043929 276979636533115 0 0.6819645 1.9821563 9.42317
276979645159033 276979647511137 0 0.6675907 1.9869394 9.479885
276979655274189 276979657814732 0 0.68673605 1.967822 9.498788
276979665389293 276979667858744 0 0.70109284 1.8339818 9.470426
276979675504397 276979677221557 0 0.6627767 1.7288221 9.323899
276979685619554 276979688222912 0 0.62924916 1.733605 9.08284
276979695734658 276979697801924 0 0.5143179 1.7766291 8.931586
276979705849762 276979708086664 0 0.4712135 1.9200355 8.912678
276979715964866 276979717759269 0 0.45205116 2.0443215 8.97412
276979726080022 276979728677135 0 0.44725424 2.1542673 9.120641
276979736195127 276979739555261 0 0.5094955 2.235532 9.489309
276979746310231 276979748410418 0 0.63877517 2.2785559 9.952511
276979756425387 276979758405523 0 0.8159391 2.235538 10.306999
276979766540491 276979768725576 0 0.8973343 2.1255984 10.552779
276979776655595 276979835603187 0 0.94521016 1.9821978 10.694572
276979786770700 276979835613969 0 0.9643555 1.8435774 10.770194
276979796885856 276979835620271 0 0.9499817 1.6810564 10.675659
276979807000960 276979835626260 0 0.8637813 1.5280957 10.453506
276979817116064 276979835631989 0 0.7201193 1.4468368 10.15573
276979827231220 276979835638031 0 0.5860343 1.4707403 9.843773
276979837346325 276979839107302 0 0.4998338 1.547225 9.5790825
276979847461429 276979849701418 0 0.40405637 1.6476104 9.304937
276979857576533 276979859158658 0 0.3082789 1.8196975 9.078059
276979867691689 276979869638972 0 0.26038596 2.0252454 9.016611
276979877806793 276979879307046 0 0.26995435 2.1638718 9.021333
276979887921897 276979889750016 0 0.23163834 2.2546968 9.049689
276979898037054 276979900047256 0 0.33218718 2.307281 9.082772
276979908152158 276979910220174 0 0.41837072 2.3646452 9.234019
276979918267262 276979919766321 0 0.47103518 2.4028895 9.437259
276979928382366 276979930653093 0 0.5045458 2.3789918 9.607412
276979938497522 276979942342365 0 0.49496046 2.302513 9.692488
276979948612627 276979950955855 0 0.4566444 2.2021332 9.7113905
276979958727731 276979960302210 0 0.41832832 2.068293 9.659394
276979968842887 276979970365492 0 0.3656469 2.0013742 9.588492
276979978957991 276979980775233 0 0.31296554 2.0204978 9.460873
276979989073095 276979992232370 0 0.2602841 2.073082 9.361611
276979999188200 276980000902423 0 0.19323738 2.1017656 9.295436
276980009303460 276980011102528 0 0.13097906 2.1639102 9.281254
276980019418877 276980020791018 0 0.121393695 2.1304522 9.337969
276980029534241 276980031237634 0 0.03519317 2.0491931 9.323786
276980039649658 276980041780187 0 -0.017488193 1.9440339 9.323782
276980049765075 276980051650448 0 0.0208109 1.709811 9.371045
276980059880439 276980061555710 0 0.044744637 1.5233895 9.4703
276980069995856 276980071690971 0 0.049524568 1.4134499 9.621547
276980080111220 276980082415399 0 0.049516052 1.3274107 9.744435
276980090226637 276980092297796 0 0.030353846 1.2796124 9.768064
276980100342054 276980102245453 0 -0.03190448 1.2222542 9.782241
276980110457418 276980112396496 0 -0.079797424 1.2126969 9.810596
276980120572835 276980122689518 0 -0.1276904 1.2557209 9.900398
276980130688252 276980132457696 0 -0.15164109 1.2605039 10.013833
276980140803616 276980142511291 0 -0.13728428 1.2318262 10.16508
276980150919033 276980152728792 0 -0.079831444 1.0979859 10.358867
276980161034450 276980165197178 0 0.015929038 0.94980526 10.618824
276980171149814 276980172727596 0 0.09425402 0.7914659 10.912521
276980181265231 276980183108378 0 0.13257039 0.6193787 11.106315
276980191380595 276980193569421 0 0.108637005 0.48553237 11.148857
276980201496012 276980203574161 0 0.07033821 0.3564662 11.068509
276980211611429 276980213327912 0 -0.034998845 0.27042106 10.671481
276980221726793 276980223218955 0 -0.18822032 0.25129756 10.104296
276980231842210 276980234017133 0 -0.30792263 0.2608547 9.560743
276980241957262 276980243789582 0 -0.3605868 0.35645393 9.144808
276980252072262 276980253780052 0 -0.6526732 0.66715837 8.865944
276980262187210 276980263932084 0 -0.7053373 0.89660084 8.946298
276980272302210 276980274003543 0 -0.63350177 1.0161005 9.196811
276980282417158 276980283799847 0 -0.43716666 0.9969771 9.513493
276980292532106 276980294047400 0 -0.19294706 0.9252723 9.745099
276980302647106 276980304469484 0 -0.025342649 0.89658856 9.990884
276980312762054 276980314723495 0 0.0033968163 1.001748 10.057059
276980322877002 276980324319903 0 -0.12109395 1.1451484 9.877454
276980332992002 276980334597664 0 -0.25516164 1.259868 9.603314
276980343106950 276980344552301 0 -0.24557593 1.2120639 9.324451
276980353221950 276980355039593 0 -0.16895199 1.0925579 9.206289
276980363336897 276980365105792 0 0.017806254 0.89179003 9.229926
276980373451845 276980376691783 0 0.22850676 0.78184426 9.475711
276980383566845 276980385297200 0 0.29076532 0.8870038 9.707316
276980393681793 276980395272774 0 0.30513942 1.1307865 9.929469
276980403796741 276980405404598 0 0.35782114 1.5036324 10.132715
276980413911741 276980415700276 0 0.40571448 1.8143368 10.118539
276980424026689 276980426724861 0 0.42487705 2.034219 9.972018
276980434141689 276980435885174 0 0.42967433 2.120258 9.688428
276980444256637 276980445899029 0 0.42968306 2.1393754 9.390656
276980454371585 276980457361270 0 0.4344804 2.0915713 9.182692
276980464486585 276980466195229 0 0.43927768 1.9768454 9.102343
276980474601533 276980477633772 0 0.48717088 1.87646 9.211057
276980484716481 276980486289190 0 0.45844904 1.8047552 9.400124
276980494831481 276980496897889 0 0.48718852 1.7808516 9.678993
276980504946481 276980506490858 0 0.5111395 1.8525501 9.920053
276980515062366 276980516868411 0 0.50157154 1.9529295 10.0524
276980525178252 276980527140444 0 0.3579269 2.058089 10.000411
276980535294137 276980537428622 0 0.16639784 2.2110496 9.787718
276980545410022 276980547438883 0 0.022753231 2.3687904 9.641198
276980555525856 276980557603780 0 -0.06821844 2.4643898 9.565577
276980565641741 276980568143469 0 -0.06820962 2.4643867 9.513587
276980575757627 276980578612376 0 -0.05383548 2.3926818 9.385974
276980585873512 276980587911700 0 -0.06819199 2.3114166 9.263085
276980595989397 276980598819201 0 -0.049029395 2.2349317 9.201644
276980606105283 276980608506910 0 -0.02507832 2.2301486 9.324537
276980616221168 276980618830036 0 0.0276034 2.3209677 9.575049
276980626337054 276980628713110 0 0.041977573 2.4595878 9.863375
276980636452939 276980639058892 0 0.04677478 2.5790875 10.076074
276980646568825 276980649232070 0 0.07072579 2.5838647 10.109162
276980656684658 276980660623686 0 0.061157707 2.4930394 10.014634
276980666800543 276980668928531 0 0.04680123 2.344853 9.792489
276980676916429 276980678899261 0 0.046810046 2.1966665 9.523078
276980687032314 276980689169210 0 0.12343397 2.0723803 9.2489395
276980697148200 276980699765617 0 0.19048104 1.9672147 9.1213255
276980707264085 276980710777441 0 0.27668193 1.9480911 9.140235
276980717379970 276980720561453 0 0.30542138 1.943308 9.24895
276980727495856 276980729431349 0 0.3293724 1.8907236 9.504188
276980737611741 276980739466767 0 0.3198043 1.8859404 9.622355
276980747727627 276980749895101 0 0.29587087 1.8907175 9.627086
276980757843460 276980760811977 0 0.31982195 1.8476933 9.612909
276980767959345 276980770051822 0 0.37250367 1.8476902 9.645998
276980778075231 276980780142761 0 0.44433922 1.8381269 9.783072
276980788191116 276980789977762 0 0.5113862 1.8429041 9.872881
276980798307002 276980800150992 0 0.48266444 1.8715817 9.858705
276980808422887 276980811384066 0 0.4300003 1.8524581 9.778357
276980818538772 276980820317504 0 0.38212466 1.8763555 9.683827
276980828654658 276980831441776 0 0.3103067 1.9576144 9.631839
276980838770543 276980840434069 0 0.32946932 2.0484338 9.655475
276980848886429 276980851182663 0 0.4060933 2.1296926 9.683838
276980859002314 276980861452040 0 0.38215986 2.2109516 9.74056
276980869118147 276980870689384 0 0.32470733 2.2826502 9.735837
276980879234033 276980880954073 0 0.23852408 2.320888 9.721661
276980889349918 276980891725480 0 0.16191773 2.3495655 9.646038
276980899465804 276980901964335 0 0.0900999 2.2730806 9.537332
276980909581689 276980912703763 0 0.07574336 2.1679149 9.395536
276980919697575 276980921542306 0 0.023079216 2.0340686 9.315189
276980929813460 276980932527932 0 -0.067892455 1.9480236 9.211207
276980939929345 276980942100693 0 -0.17801793 1.9049995 9.111953
276980950045231 276980952223871 0 -0.33123937 1.8667555 9.012698
276980960161116 276980962011008 0 -0.3743266 1.7807103 8.955983
276980970276950 276980972850384 0 -0.2833373 1.728126 9.074151
276980980392835 276980982563458 0 -0.17798272 1.7376832 9.390834
276980990508720 276980992403459 0 -0.13966632 1.809382 9.674433
276981000624606 276981002418095 0 -0.14923438 1.8428396 9.783146
276981010739866 276981013194607 0 -0.17316782 1.8762974 9.750063
276981020854866 276981023139087 0 -0.1540052 1.8762943 9.6413555
276981030969866 276981033262838 0 -0.16357328 1.8523905 9.575187
276981041084814 276981042797683 0 -0.18750669 1.9240893 9.594097
276981051199814 276981053541902 0 -0.17313255 2.0053482 9.636639
276981061314814 276981063304664 0 -0.13481615 2.0196853 9.712268
276981071429762 276981073582477 0 -0.08692294 1.92408 9.750083
276981081544762 276981083653364 0 0.008854813 1.7950138 9.754813
276981091659762 276981095182063 0 0.051959634 1.6755079 9.835169
276981101774762 276981104143991 0 0.09506451 1.6229236 9.981696
276981111889710 276981114519200 0 0.023246618 1.685062 10.052597
276981122004710 276981124112170 0 -0.08687886 1.7854413 9.967523
276981132119710 276981134693108 0 -0.17785053 1.8523599 9.839909
276981142234658 276981145436547 0 -0.20178394 1.8762573 9.735927
276981152349658 276981155079465 0 -0.17783289 1.8475736 9.579954
276981162464658 276981164654413 0 -0.11557433 1.780649 9.42398
276981172579658 276981174937331 0 -0.12035393 1.7424049 9.362538
276981182694606 276981184730613 0 -0.053306885 1.7806427 9.428713
276981192809606 276981195573167 0 0.08077845 1.7806398 9.613053
276981202924606 276981205425199 0 0.18613307 1.7806368 9.759581
276981213039554 276981215544314 0 0.26275706 1.8236547 9.849389
276981223154554 276981224465930 0 0.26276582 1.9813954 9.920291
276981233269554 276981234981191 0 0.26277468 2.134356 9.9392
276981243384554 276981245725151 0 0.24673544 2.2257614 9.862939
276981253499502 276981255800620 0 0.19405551 2.2496643 9.66442
276981263614502 276981265479059 0 0.16052943 2.220986 9.475354
276981273729502 276981275457341 0 0.19404157 2.1445067 9.38082
276981283844450 276981285939582 0 0.17966919 2.0823677 9.328825
276981293959450 276981296539427 0 0.18445067 2.0202286 9.451714
276981304074450 276981306160000 0 0.2035975 1.9580894 9.565149
276981314189397 276981316215470 0 0.21316737 1.8768299 9.645497
276981324304397 276981326271877 0 0.2371026 1.7907902 9.72112
276981334419397 276981336614118 0 0.28019163 1.7764523 9.773109
276981344534397 276981347050994 0 0.35201138 1.8051354 9.730568
276981354649345 276981356498547 0 0.38073504 1.809918 9.702207
276981364764345 276981367134538 0 0.35678577 1.8911824 9.602945
276981374879345 276981376947508 0 0.2897406 2.025028 9.508411
276981384994293 276981387020113 0 0.2035415 2.134973 9.461143
276981395109293 276981396783968 0 0.16043852 2.2114575 9.522586
276981405224293 276981407324386 0 0.17000847 2.1923397 9.579301
276981415339293 276981417807199 0 0.21788588 2.077619 9.607658
276981425454241 276981429514857 0 0.24660957 1.9055374 9.579297
276981435569241 276981437319909 0 0.2370257 1.7716967 9.546207
276981445684241 276981447726265 0 0.22265337 1.7430183 9.626556
276981455799189 276981457577880 0 0.2561655 1.8051623 9.758898
276981465914189 276981468461319 0 0.29925448 1.8434056 9.905418
276981476029189 276981479611789 0 0.3088244 1.8959894 9.947956
276981486144189 276981488656060 0 0.3231828 1.948573 9.891234
276981496259137 276981498718405 0 0.35669485 1.9724761 9.739981
276981506374085 276981508714760 0 0.38063014 2.0250597 9.527282
276981516488877 276981518542626 0 0.35668087 2.015502 9.361849
276981526603668 276981529923252 0 0.34230858 2.0155044 9.319308
276981536718460 276981539035857 0 0.37103227 2.0441875 9.428017
276981546833252 276981549658358 0 0.4189097 2.0872111 9.631256
276981556948043 276981558734244 0 0.45721033 2.0967736 9.839223
276981567062835 276981569343308 0 0.51466465 2.0633152 9.88176
276981577177679 276981579283934 0 0.5529653 2.034637 9.858124
276981587292470 276981589397268 0 0.572112 1.9629377 9.763591
276981597407262 276981599026696 0 0.6535086 1.95816 9.6170635
276981607522054 276981609445864 0 0.66786706 2.0107436 9.53671
276981617636845 276981619838730 0 0.6726485 2.044207 9.53198
276981627751637 276981630085085 0 0.67743003 2.0776703 9.617055
276981637866429 276981639415242 0 0.7013652 2.0633323 9.711584
276981647981220 276981650302222 0 0.7588195 1.986853 9.815567
276981658096012 276981659567327 0 0.86415845 1.8960332 9.815564
276981668210804 276981670553318 0 0.89288205 1.781313 9.744662
276981678325647 276981680839986 0 0.87372136 1.7239538 9.631222
276981688440439 276981691270664 0 0.8354067 1.6713749 9.46579
276981698555231 276981701057800 0 0.83539975 1.6857179 9.2483635
276981708670022 276981710697489 0 0.816239 1.6713799 9.078206
276981718784814 276981720706552 0 0.77313596 1.695283 8.997851
276981728899606 276981730614001 0 0.7060907 1.7622069 8.9505825
276981739014397 276981740685044 0 0.6821414 1.8339112 8.960032
276981749129189 276981751499732 0 0.72044206 1.8769345 9.064014
276981759243981 276981760681973 0 0.8018387 1.9247383 9.271981
276981769358772 276981771127286 0 0.8880237 1.9199605 9.583933
276981779473616 276981781094371 0 0.9742087 1.9677641 9.834438
276981789588408 276981791359840 0 1.0172977 1.986887 10.014046
276981799703200 276981801758956 0 1.1322135 1.9534287 10.155839
276981809817991 276981813603436 0 1.1513604 1.8482685 10.207829
276981819932783 276981821859166 0 1.093892 1.848271 10.127475
276981830047575 276981831734845 0 1.0316352 1.8387132 10.032941
276981840162366 276981842173439 0 0.9885322 1.8291554 9.976219
276981850277158 276981852056513 0 1.0028905 1.7287754 10.0612955
276981860391950 276981863339483 0 1.0603448 1.5997148 10.141644
276981870506741 276981872535109 0 1.0651263 1.5280154 10.103828
276981880621585 276981882430579 0 0.9980811 1.4419758 9.976209
276981890736377 276981892474538 0 1.0411701 1.3654964 9.933667
276981900851168 276981902612299 0 1.0028555 1.494562 9.8296795
276981910965960 276981913491155 0 0.9262334 1.6092871 9.616981
276981921080752 276981923680322 0 0.782573 1.752693 9.267212
276981931195543 276981932908344 0 0.6293357 1.8721985 8.874904
276981941310335 276981942950064 0 0.51440597 2.0060441 8.624393
276981951425127 276981953800586 0 0.44257227 2.1159892 8.496774
276981961539918 276981963946212 0 0.44735375 2.2020335 8.492044
276981971654710 276981973203296 0 0.3803085 2.2689579 8.581846
276981981769554 276981983524599 0 0.33720547 2.2833004 8.733093
276981991884345 276981993521163 0 0.35156387 2.2928631 9.111216
276982001999137 276982003482987 0 0.4090182 2.2068236 9.564965
276982012113981 276982014187154 0 0.43774188 2.0634224 9.876916
276982022228825 276982024452260 0 0.4377349 1.9009008 10.094336
276982032343668 276982034149188 0 0.44730476 1.6618977 10.1510515
276982042458564 276982043802834 0 0.36589417 1.4802558 10.146322
276982052573408 276982054494763 0 0.24138753 1.3989962 10.070695
276982062688252 276982064157263 0 0.1312463 1.3559775 9.905262
276982072803147 276982074593150 0 0.021105073 1.394221 9.720923
276982082917991 276982084374193 0 -0.041151766 1.5232865 9.6263895
276982093032835 276982094717267 0 -0.07467786 1.6619123 9.546035
276982103147679 276982104944611 0 -0.05553106 1.7575171 9.579118
276982113262575 276982115396487 0 0.01150017 1.7862002 9.631107
276982123377418 276982125104926 0 0.06416611 1.7814225 9.692551
276982133492262 276982135845187 0 0.030639976 1.7288437 9.702002
276982143607158 276982145263261 0 -0.017251447 1.6523641 9.692545
276982153722002 276982155461439 0 -0.041200675 1.5137434 9.602737
276982163836845 276982165517690 0 -0.10824596 1.2938604 9.465665
276982173951689 276982175667900 0 -0.13698362 1.1552396 9.342772
276982184066585 276982185915609 0 -0.20881735 1.0644199 9.295503
276982194181429 276982197885558 0 -0.2662857 1.0453019 9.248234
276982204296272 276982206113892 0 -0.35248467 1.1217861 9.243505
276982214411168 276982216644831 0 -0.41474152 1.2126107 9.3947525
276982224526012 276982226234988 0 -0.3860178 1.3273358 9.739789
276982234640856 276982236390093 0 -0.25673673 1.3655794 10.099007
276982244755752 276982247915251 0 -0.24158609 1.2362427 10.274188
276982254870595 276982256699314 0 -0.22721979 1.1071792 10.330907
276982264985439 276982266927700 0 -0.22721884 0.96855545 10.392353
276982275100283 276982279050202 0 -0.27031386 0.9111937 10.439619
276982285215179 276982287232025 0 -0.2559475 0.8825127 10.458527
276982295330022 276982298030360 0 -0.29425412 0.84905154 10.387628
276982305444866 276982307334111 0 -0.33256066 0.8108103 10.250557
276982315559762 276982317940466 0 -0.36607885 0.81080997 10.056768
276982325674606 276982327805571 0 -0.36128944 0.79168916 9.8488
276982335789450 276982338067603 0 -0.37086535 0.78690875 9.664464
276982345904293 276982348109323 0 -0.26551855 0.88251066 9.66919
276982356019189 276982358173439 0 -0.13622947 1.0689348 9.872433
276982366134033 276982368695836 0 0.0026364215 1.2218981 10.217474
276982376248877 276982378265472 0 0.040944986 1.3175002 10.496342
276982386363772 276982388330160 0 0.09840736 1.2792588 10.63814
276982396478616 276982399068651 0 0.15586966 1.1454153 10.453803
276982406593460 276982409022142 0 0.088832356 0.97333086 10.070951
276982416708356 276982419118966 0 -0.064396925 0.83948725 9.546303
276982426823200 276982429030633 0 -0.16016485 0.82036644 9.04056
276982436938043 276982439310009 0 -0.18410613 0.90640813 8.7806
276982447052887 276982449347354 0 -0.19368201 1.1023926 8.790052
276982457167783 276982459670376 0 -0.15537348 1.3605185 9.050014
276982467282627 276982471043085 0 -0.097911164 1.6043041 9.390328
276982477397470 276982479547722 0 -0.0021412473 1.8576497 9.768454
276982487512366 276982489509962 0 0.07447487 2.0201733 10.023689
276982497627210 276982499806317 0 0.23728305 2.058414 10.16076
276982507742314 276982510002881 0 0.37614897 2.0153925 10.146581
276982517857835 276982520140174 0 0.39530373 1.9771513 10.02369
276982527973408 276982529886633 0 0.34742028 1.9436901 9.815721
276982538088981 276982540181842 0 0.25644073 1.9867108 9.636112
276982548204502 276982550046739 0 0.20376883 2.0106108 9.442323
276982558320075 276982560575490 0 0.17503908 1.9867102 9.385604
276982568435647 276982570256949 0 0.21813615 1.9484688 9.404511
276982578551168 276982582068982 0 0.27081 1.9054475 9.536856
276982588666741 276982590277993 0 0.27559948 1.8815466 9.744824
276982598782314 276982600619557 0 0.24686973 1.9102268 9.839356
276982608897835 276982610296537 0 0.19419777 1.9867084 9.83463
276982619013408 276982620714038 0 0.19419879 2.020169 9.69756
276982629128981 276982632602633 0 0.20377664 2.0631895 9.423419
276982639244502 276982640970706 0 0.2277199 2.1014302 9.149279
276982649360075 276982650655395 0 0.25645152 2.1587913 9.016935
276982659475647 276982661035344 0 0.24208711 2.2018118 8.98385
276982669591168 276982671652637 0 0.22772282 2.1970315 9.073655
276982679706741 276982682253210 0 0.22772378 2.1779106 9.210726
276982689822262 276982692235399 0 0.3139168 2.0823078 9.413968
276982699937835 276982702602015 0 0.43841738 1.972365 9.711743
276982710053408 276982712144672 0 0.56770647 1.9054431 9.943345
276982720168929 276982722436496 0 0.64911103 1.8624218 10.170221
276982730284502 276982732535195 0 0.6682658 1.9389031 10.335651
276982740400075 276982742553946 0 0.59165156 2.0058246 10.345104
276982750515595 276982752317488 0 0.42884535 2.0249445 10.146589
276982760631168 276982762374416 0 0.26125073 1.9723629 9.8204565
276982770746741 276982773065980 0 0.13675208 1.8863206 9.489597
276982780862262 276982783733064 0 0.09844554 1.838519 9.224909
276982790977835 276982793417597 0 0.1415425 1.8719796 9.172916
276982801093408 276982804449004 0 0.136755 1.9436809 9.229636
276982811208929 276982813368692 0 0.06971775 2.0488431 9.3478
276982821324502 276982823591245 0 0.036199607 2.1109843 9.361981
276982831440075 276982834018538 0 0.07450817 2.082303 9.319442
276982841555595 276982845524685 0 0.14633584 2.0297217 9.29581
276982851671168 276982853804894 0 0.24210575 2.0058208 9.32417
276982861786689 276982863229791 0 0.34745258 2.0345008 9.626671
276982871902262 276982873952032 0 0.4432225 2.0584013 10.033156
276982882017835 276982883935001 0 0.49589637 2.02494 10.33093
276982892133356 276982894158492 0 0.5150511 1.9054369 10.34511
276982902248929 276982904515628 0 0.47195613 1.7668133 10.080423
276982912364502 276982914427713 0 0.40013036 1.6664305 9.683392
276982922480022 276982925337766 0 0.31872776 1.7046711 9.352532
276982932595595 276982934859538 0 0.18944065 1.8098333 9.125656
276982942711168 276982945071310 0 0.08888425 2.0010376 9.021671
276982952826689 276982955037144 0 -0.006883708 2.163561 9.073666
276982962942262 276982966147666 0 -0.0499787 2.2543828 9.17765
276982973057835 276982976225531 0 -0.083496876 2.2591627 9.324175
276982983173356 276982985732199 0 -0.0068807886 2.1683402 9.541596
276982993288929 276982995455638 0 0.060158484 2.053617 9.7779255
276983003404502 276983005963555 0 0.108043954 1.9293336 10.023708
276983013519502 276983016330431 0 0.079314254 1.7668096 10.165505
276983023634554 276983026063922 0 0.021853851 1.6042852 10.226952
276983033749554 276983035561527 0 -0.011664355 1.3987399 10.170233
276983043864554 276983046010382 0 0.017067365 1.2170953 10.042616
276983053979554 276983056064289 0 0.02185677 1.1836342 9.891366
276983064094554 276983066442780 0 0.021857783 1.2887963 9.669217
276983074209554 276983075954239 0 -0.0739102 1.6090635 9.451795
276983084324554 276983086682938 0 -0.16967818 2.0010328 9.3099985
276983094439554 276983096615908 0 -0.22235008 2.3356402 9.125662
276983104554554 276983106888982 0 -0.26544508 2.493384 8.917694
276983114669554 276983116422681 0 -0.2702326 2.6702478 8.813709
276983124784554 276983126918463 0 -0.30375078 2.732389 8.898788
276983134899554 276983136938204 0 -0.35642266 2.7276084 9.0405855
276983145014606 276983147248153 0 -0.24628742 2.689367 9.399805
276983155129606 276983156646747 0 -0.2031904 2.5364032 9.721212
276983165244606 276983167543675 0 -0.18403564 2.340418 9.910276
276983175359606 276983177203260 0 -0.21755382 2.139653 9.952815
276983185474606 276983188047480 0 -0.29416797 1.943668 9.915003
276983195589606 276983197279720 0 -0.35641682 1.7572432 9.825198
276983205704606 276983208289721 0 -0.35162735 1.6712006 9.711761
276983215819606 276983217864149 0 -0.38514555 1.6090587 9.678676
276983225934606 276983228022848 0 -0.37556767 1.6377391 9.659769
276983236049606 276983237551287 0 -0.4090858 1.6903201 9.70231
276983246164606 276983248146496 0 -0.4090523 1.7763505 9.740134
276983256279658 276983257662695 0 -0.33243585 1.814591 9.754315
276983266394658 276983268791394 0 -0.21751188 1.7620093 9.834667
276983276509658 276983278148218 0 -0.112164766 1.6807468 9.881934
276983286624658 276983289187490 0 -0.054702096 1.6568458 9.915019
276983296739658 276983300131449 0 0.012337475 1.6855261 9.905567
276983306854658 276983309640200 0 0.045857944 1.738107 9.754318
276983316969658 276983318731607 0 -0.0116021605 1.843269 9.659786
276983327084658 276983329590515 0 -0.0499084 1.9962324 9.470724
276983337199658 276983339465151 0 -0.006811088 2.0870538 9.220217
276983347314658 276983350145360 0 0.031497832 2.115734 9.139865
276983357429658 276983358828017 0 0.041075986 2.120514 9.116233
276983367544658 276983370258435 0 0.07459646 2.1205134 9.210766
276983377659710 276983380313645 0 0.108116865 2.1491935 9.451819
276983387774710 276983390489219 0 0.13206044 2.1778738 9.697603
276983397889710 276983400360990 0 0.24219595 2.1013916 9.872486
276983408004710 276983410391043 0 0.32360086 1.977108 9.872487
276983418119710 276983420362190 0 0.3571213 1.9149662 9.721236
276983428234710 276983430608702 0 0.2805075 1.924526 9.5605345
276983438349710 276983440055265 0 0.2278359 2.0249076 9.432917
276983448464710 276983450587714 0 0.16079895 2.1444104 9.347839
276983458579710 276983460041205 0 0.14164646 2.2113314 9.3053
276983468694710 276983471262456 0 0.16559002 2.2161112 9.3147545
276983478809710 276983480206311 0 0.22784108 2.1778696 9.409286
276983488924710 276983491338291 0 0.23263083 2.1396282 9.499091
276983499039762 276983500666782 0 0.19432454 2.0870466 9.565265
276983509154606 276983511527356 0 0.1464414 2.0679257 9.607803
276983519269293 276983521122200 0 0.15123115 2.0201242 9.645617
276983529384033 276983531050587 0 0.21348228 1.9388617 9.640891
276983539498720 276983541329911 0 0.26136804 1.9388613 9.603079
276983549613460 276983551765693 0 0.20869645 2.024903 9.603079
276983559728200 276983561583298 0 0.16560176 2.1205049 9.598353
276983569842887 276983571658976 0 0.16560301 2.1730857 9.5889
276983579957627 276983581584238 0 0.17996967 2.168305 9.546362
276983590072314 276983592245384 0 0.20391318 2.1252835 9.4707365
276983600187054 276983602233458 0 0.2278568 2.1109428 9.513277
276983610301741 276983611992939 0 0.2134927 2.1348429 9.64562
276983620416481 276983622599085 0 0.20391712 2.1969838 9.863045
276983630531220 276983632090024 0 0.26616824 2.2113237 10.019021
276983640645908 276983642492056 0 0.3236309 2.1252813 10.009569
276983650760647 276983652471640 0 0.34757447 2.0344586 9.844139
276983660875335 276983662580444 0 0.36672953 1.9723166 9.598358
276983670990075 276983673372111 0 0.38588464 1.9866565 9.432928
276983681104814 276983682436435 0 0.38588595 2.0918186 9.324218
276983691219502 276983692937999 0 0.40982953 2.2161012 9.220234
276983701334241 276983702857635 0 0.40504232 2.2878022 9.196602
276983711448929 276983713165553 0 0.47687027 2.2878022 9.286407
276983721563668 276983723012950 0 0.5199676 2.3260424 9.366758
276983731678408 276983735213003 0 0.5295458 2.2973614 9.409299
276983741793095 276983743705452 0 0.539124 2.2495596 9.470744
276983751907835 276983753653161 0 0.54391384 2.1826377 9.607816
276983762022522 276983764141652 0 0.54391515 2.1061554 9.792152
276983772137262 276983774075976 0 0.61574316 2.0057726 9.886684
276983782252002 276983784780352 0 0.6636289 1.8480281 9.896138
276983792366689 276983794244155 0 0.7067262 1.7428651 9.858326
276983802481429 276983804076760 0 0.71630436 1.7619852 9.782701
276983812596116 276983814253427 0 0.7258826 1.7954456 9.744889
276983822710856 276983824445928 0 0.80728745 1.871927 9.73071
276983832825595 276983835509575 0 0.9509423 1.9579686 9.740164
276983842940283 276983844854264 0 1.0227702 2.072691 9.721257
276983853055022 276983854910984 0 0.99882936 2.1874132 9.617273
276983863169710 276983864838797 0 0.95094615 2.2925751 9.447119
276983873284450 276983875303746 0 0.94137055 2.3642764 9.2675085
276983883399189 276983885096507 0 0.9940448 2.2734537 9.191884
276983893513877 276983895415415 0 1.056296 2.177851 9.111532
276983903628616 276983905480468 0 1.10897 2.1157093 8.941377
276983913743304 276983915571094 0 1.0946062 2.0153263 8.903564
276983923858043 276983925491251 0 1.0323576 2.0296662 8.955558
276983933972731 276983935710002 0 0.98447436 1.9866447 9.068995
276983944087470 276983945909326 0 1.0179948 1.9006021 9.276965
276983954202210 276983955917348 0 1.0706689 1.7428578 9.470755
276983964316897 276983965751203 0 1.1233432 1.6376948 9.707084
276983974431637 276983976715787 0 1.0802485 1.6185739 9.844154
276983984546325 276983986273653 0 0.9653271 1.6281338 9.844155
276983994661064 276983996535321 0 0.87434804 1.6520338 9.763804
276984004775804 276984006418967 0 0.7306959 1.7141749 9.607828
276984014891116 276984016460114 0 0.5966206 1.8049966 9.347866
276984025006429 276984026775844 0 0.5247953 1.9101586 9.168259
276984035121741 276984036722512 0 0.49606586 2.0296612 9.09736
276984045237054 276984047054857 0 0.50085574 2.1396031 9.187165
276984055352366 276984057470483 0 0.5343761 2.2304251 9.489667
276984065467679 276984068883661 0 0.63014627 2.235205 9.8158
276984075582991 276984078252464 0 0.7354934 2.2065237 10.094668
276984085698304 276984087503559 0 0.78337926 2.1826227 10.245919
276984095813616 276984098342310 0 0.76422673 2.149161 10.307365
276984105928929 276984107610280 0 0.73549736 2.1300404 10.255374
276984116044241 276984118961947 0 0.7402872 2.082239 10.193929
276984126159554 276984128841271 0 0.7307116 2.024877 10.071038
276984136274866 276984138779293 0 0.70198214 1.9914157 9.86307
276984146390179 276984148413825 0 0.6493105 1.9292737 9.688187
276984156505491 276984158975493 0 0.61100423 1.8910325 9.456585
276984166620804 276984169113567 0 0.56312114 1.8719115 9.258069
276984176736116 276984178977787 0 0.48171884 1.8384502 9.121
276984186851429 276984189419090 0 0.46735474 1.7858684 9.021742
276984196966741 276984199524091 0 0.47693294 1.6663653 8.993383
276984207082054 276984209459508 0 0.5343957 1.5468618 9.078462
276984217197366 276984219181280 0 0.6062237 1.4321386 9.144634
276984227312731 276984229309406 0 0.6301671 1.3365358 9.286433
276984237428043 276984239721230 0 0.57749563 1.2600536 9.432957
276984247543356 276984249556648 0 0.47195596 1.2075398 9.536868
276984257658668 276984259527222 0 0.37618637 1.1358383 9.569953
276984267773981 276984270119046 0 0.29478204 1.0211158 9.607765
276984277889293 276984279845922 0 0.21337785 1.0258962 9.631397
276984288004606 276984290246287 0 0.16070434 1.0593572 9.692843
276984298119918 276984299986392 0 0.16070369 0.99243575 9.896086
276984308235231 276984310316706 0 0.17027994 0.8920536 10.236399
276984318350543 276984320277228 0 0.16070232 0.84903276 10.671243
276984328465856 276984330168062 0 0.14633638 0.71996987 10.983197
276984338581168 276984340346969 0 -0.011683061 0.6195877 11.19589
276984348696481 276984350553168 0 -0.15054862 0.41882306 11.26679
276984358811793 276984360545774 0 -0.26068357 0.17025732 11.205344
276984368927106 276984370579577 0 -0.4426452 -0.07352832 10.841398
276984379042418 276984381702130 0 -0.6533375 -0.25039238 10.278935
276984389157731 276984390811037 0 -0.8257222 -0.29341313 9.87245
276984399273043 276984400785153 0 -0.8688189 -0.2838527 9.697567
276984409388356 276984411032706 0 -0.79220444 -0.21215078 9.725926
276984419503668 276984422046561 0 -0.6246095 -0.10220785 9.853542
276984429618981 276984431775624 0 -0.45701447 0.017295204 10.00952
276984439734293 276984441489948 0 -0.28463104 0.24674098 10.014247
276984449849606 276984453114637 0 -0.26068947 0.5622288 9.844089
276984459964918 276984462451357 0 -0.33251682 0.91117746 9.44233
276984470080283 276984472659326 0 -0.45701703 1.174084 8.979126
276984480195595 276984482079692 0 -0.46180618 1.3509485 8.591547
276984490310908 276984492511360 0 -0.4761722 1.4608912 8.293773
276984500426220 276984503140215 0 -0.5767302 1.5421536 8.24178
276984510541429 276984512668289 0 -0.514481 1.5182532 8.478109
276984520656585 276984523042092 0 -0.29421312 1.4369915 8.993305
276984530771741 276984532905895 0 -0.016483903 1.3366092 9.707016
276984540886897 276984543253760 0 0.18941867 1.2696879 10.302565
276984551002106 276984553480845 0 0.34264833 1.2601278 10.761043
276984561117262 276984562919908 0 0.4575704 1.3605106 11.039909
276984571232418 276984573646576 0 0.45756975 1.6138569 11.096627
276984581347575 276984583436264 0 0.29955032 1.9150044 10.84612
276984591462783 276984593781943 0 0.07928113 2.2018116 10.30729
276984601577939 276984604302464 0 -0.054796044 2.3356547 9.801546
276984611693095 276984614007986 0 -0.12662338 2.412137 9.442327
276984621808252 276984623900487 0 -0.1409894 2.4360378 9.205998
276984631923460 276984634051634 0 -0.12183624 2.4694989 9.144552
276984642038616 276984644377260 0 -0.026067955 2.5220804 9.205997
276984652153772 276984654230282 0 0.0697003 2.6893845 9.40924
276984662268929 276984664567991 0 0.10800725 2.8375683 9.631388
276984672384137 276984674822055 0 0.07927589 2.9618516 9.707013
276984682499293 276984684551014 0 0.021813937 3.0287733 9.650293
276984692614450 276984694830078 0 -0.01649433 2.9761925 9.621934
276984702729658 276984705068047 0 -0.107475504 2.823229 9.621934
276984712844814 276984714417111 0 -0.13620684 2.560323 9.659746
276984722959970 276984725259977 0 -0.03565004 2.1731336 9.754277
276984733075127 276984735247113 0 0.12715647 1.7859447 9.9575205
276984743190335 276984745685031 0 0.28996298 1.4704573 10.132403
276984753305491 276984754885084 0 0.4288273 1.3413944 10.330919
276984763420647 276984765593678 0 0.5150187 1.3413947 10.510528
276984773535804 276984775879877 0 0.57247937 1.4704579 10.519981
276984783651012 276984787357951 0 0.5341712 1.6521025 10.345098
276984793766168 276984795716234 0 0.45755538 1.8624278 9.981152
276984803881325 276984806205037 0 0.36657423 2.0392923 9.640838
276984813996481 276984816244569 0 0.3474198 2.1301148 9.314705
276984824111689 276984826298007 0 0.34741914 2.1396751 9.040564
276984834226845 276984837661550 0 0.4000914 2.1492357 8.903492
276984844342002 276984846761499 0 0.4383983 2.2161574 8.917671
276984854457158 276984857539677 0 0.4814937 2.2830791 8.998023
276984864572366 276984866863636 0 0.51501215 2.3213205 9.130367
276984874687522 276984877083117 0 0.5054346 2.3643417 9.27689
276984884802679 276984887582961 0 0.5485299 2.3308814 9.41396
276984894917887 276984897211244 0 0.62514454 2.2161586 9.560484
276984905033043 276984907486557 0 0.76879716 2.053635 9.796813
276984915148200 276984916914110 0 0.8454117 1.9389124 10.066226
276984925263356 276984927615205 0 0.854988 1.8528706 10.293102
276984935378564 276984938171456 0 0.7400647 1.8385304 10.345094
276984945493720 276984947800207 0 0.5628915 1.8719914 10.264743
276984955608877 276984957658073 0 0.37614128 1.9150128 10.033139
276984965724033 276984968006980 0 0.19896817 1.919793 9.716459
276984975839241 276984978167345 0 0.064890996 1.8719921 9.376146
276984985954397 276984988101669 0 -0.030878568 1.8480917 9.111457
276984996069554 276984998191410 0 -0.09791748 1.7716101 8.908215
276985006184710 276985008559432 0 -0.14580262 1.6521075 8.756965
276985016300022 276985018454693 0 -0.1505917 1.5469452 8.738058
276985026415283 276985028665580 0 -0.16016926 1.5469455 8.837316
276985036530543 276985039097716 0 -0.15538146 1.5899667 8.922394
276985046645856 276985048886727 0 -0.08355544 1.6664488 9.12091
276985056761116 276985059457145 0 -0.021306252 1.7381507 9.281613
276985066876377 276985068957198 0 -0.026095359 1.785952 9.239073
276985076991689 276985078764647 0 -0.069192044 1.8480939 9.135088
276985087106950 276985089423034 0 -0.1601732 1.9484764 9.092549
276985097222210 276985099732566 0 -0.24157746 2.0871 9.234346
276985107337522 276985109699286 0 -0.2559434 2.1827025 9.451767
276985117452783 276985119024495 0 -0.21763651 2.1731424 9.650284
276985127568043 276985129913715 0 -0.12186823 2.101441 9.744815
276985137683356 276985139850330 0 0.0026307025 2.0201793 9.801534
276985147798616 276985150226217 0 0.060091462 1.996279 9.858252
276985157913877 276985159572051 0 0.06487926 2.0393004 9.92915
276985168029189 276985169856583 0 0.045724798 2.1205623 9.95751
276985178144450 276985180916845 0 0.16064692 2.1540234 10.028408
276985188259762 276985190481794 0 0.30429962 2.2352858 10.085126
276985198375022 276985200142888 0 0.43358704 2.40737 10.1040325
276985208490283 276985210417160 0 0.558086 2.4934123 10.1040325
276985218605595 276985221712005 0 0.5197777 2.5555542 9.9149685
276985228720856 276985230201902 0 0.36175835 2.5698948 9.593562
276985238836116 276985240397997 0 0.19416209 2.5985754 9.281609
276985248951429 276985250905914 0 0.10223697 2.5845642 9.082732
276985259066689 276985260625342 0 0.1070153 2.4841855 8.922026
276985269181950 276985271764979 0 0.15488963 2.2834241 8.931475
276985279297262 276985280877167 0 0.3224751 1.924919 8.870026
276985289412522 276985290853314 0 0.4086571 1.7719588 8.827482
276985299527783 276985301159201 0 0.34639716 1.9488267 8.884198
276985309643095 276985311388264 0 0.08302246 2.1591551 8.766029
276985319758356 276985321954411 0 -0.26175582 2.5798087 8.491884
276985329873616 276985331670037 0 -0.48203444 2.9478812 8.34063
276985339988929 276985342517069 0 -0.65442866 3.3159535 8.368985
276985350104189 276985351778060 0 -0.6640157 3.5501828 8.487146
276985360219502 276985362127384 0 -0.37193057 3.5023851 8.387884
276985370334762 276985372798114 0 -0.089422286 3.229922 8.4493265
276985380450022 276985382003532 0 0.31279713 2.9287784 8.945612
276985390565335 276985392650251 0 0.4037675 2.5272522 9.02596
276985400680595 276985402384836 0 0.13081595 2.6515386 9.082675
276985410795856 276985412572076 0 0.08292136 3.258617 9.734938
276985420911168 276985423426921 0 -0.07031906 4.109481 10.193413
276985431026429 276985432715412 0 -0.4390396 4.678318 10.094149
276985441141689 276985442809006 0 -0.71199113 4.7882643 9.512777
276985451257002 276985452838486 0 -0.6497514 4.87431 8.99285
276985461372262 276985463054373 0 -0.5061081 4.663988 8.737612
276985471487522 276985473160155 0 -0.29542664 4.3724046 8.709249
276985481602835 276985482968021 0 0.15946576 3.9756587 8.524909
276985491718095 276985493449168 0 0.41324332 3.8083582 8.1326
276985501833356 276985503150627 0 0.09240724 4.1716504 7.8442745
276985511948304 276985513816409 0 -0.27631328 4.6162043 7.645756
276985522063043 276985524047348 0 -0.83657163 5.1133404 7.8915324
276985532177835 276985535461776 0 -1.2914841 5.3858104 8.420906
276985542292627 276985543873235 0 -1.3010712 5.4097147 8.780122
276985552407418 276985553953549 0 -1.2867159 5.447959 9.205508
276985562522210 276985564051623 0 -1.071246 5.2041764 9.663981
276985572636950 276985574230946 0 -0.8653529 4.898253 9.890853
276985582751741 276985584366104 0 -0.4439797 4.5062866 9.834131
276985592866533 276985594610219 0 -0.008241148 3.956577 9.555259
276985602981325 276985604376314 0 0.26947868 3.5311503 9.129864
276985613096116 276985616148190 0 0.3987566 3.2778077 8.6430235
276985623210856 276985625585535 0 0.3221313 3.3160522 8.378332
276985633325647 276985634985275 0 0.063545115 3.5120404 8.283796
276985643440439 276985645016370 0 -0.17109889 3.7128088 8.2601595
276985653555231 276985656141215 0 -0.35785845 4.03308 8.926602
276985663670022 276985666445643 0 0.0012649223 4.817023 11.360782
276985673784762 276985675613769 0 -0.42970535 4.5589 9.975893
276985683900335 276985685525906 0 -0.16635089 4.2577558 10.122413
276985694016116 276985695677573 0 0.12573421 3.827549 10.136588
276985704131845 276985706306793 0 -0.046659984 3.3925624 9.0542
276985714247627 276985716742679 0 -0.070612274 3.5168488 9.03529
276985724363356 276985726156847 0 -0.14723757 3.918382 9.125091
276985734479137 276985736032733 0 -0.3339971 4.2960143 8.869852
276985744594866 276985746388880 0 -0.51596814 4.5445843 8.79895
276985754710595 276985756540496 0 -0.492036 4.606729 9.040002
276985764826377 276985766743518 0 -0.36754656 4.4250884 9.356678
276985774942106 276985777054456 0 -0.2047495 4.138285 9.413393
276985785057887 276985786715447 0 -0.04195237 3.9470837 9.337764
276985795173616 276985796967635 0 0.12084467 3.6650603 9.17233
276985805289397 276985807246282 0 0.16871905 3.3878174 8.846192
276985815405127 276985817503523 0 0.23574713 3.1583753 8.425524
276985825520908 276985827251024 0 0.25489086 3.034096 8.156105
276985835636637 276985837327535 0 0.16390029 3.086681 8.047391
276985845752366 276985848220453 0 0.058544282 3.2731085 8.037933
276985855868147 276985857644516 0 -0.07554233 3.521678 8.212813
276985865983877 276985868451445 0 -0.09470618 3.6889858 8.633473
276985876099658 276985878732175 0 -0.14260079 3.8562932 9.101401
276985886215387 276985888272957 0 -0.14739937 4.0427213 9.588234
276985896331168 276985898605093 0 -0.113890305 4.133547 9.994715
276985906446897 276985908469469 0 -0.12347731 4.0857496 10.169594
276985916562679 276985918814366 0 -0.046872303 3.8993285 10.103418
276985926678408 276985929022180 0 0.010578928 3.6220853 9.720562
276985936794137 276985940017702 0 0.015357311 3.383083 9.262081
276985946909918 276985949066453 0 -0.003806622 3.3066046 8.879225
276985957025647 276985960155672 0 -0.08522033 3.426111 8.638165
