name=BMI160 Gyroscope vendor=BOSCH current_time_ms=1561441268489
measured_at recorded_at accuracy value_x value_y value_z
276975912687575 276975977541345 0 -0.101034485 -0.119851224 0.1651489
276975922794241 276975977607438 0 -0.11062184 -0.09321966 0.17473628
276975932900908 276975977685876 0 -0.18305975 0.036742475 0.23758683
276975943007575 276975977746657 0 -0.26188925 0.20611936 0.2940458
276975953114241 276975977811449 0 -0.3151524 0.35632148 0.32174265
276975963220908 276975977879730 0 -0.3492408 0.4575215 0.33026478
276975973327575 276975977944261 0 -0.37374187 0.46710885 0.3185469
276975983434241 276976001479628 0 -0.37693763 0.42662883 0.29404584
276975993540908 276976001533326 0 -0.3641545 0.3733656 0.26315323
276976003647575 276976012486244 0 -0.33113128 0.33395085 0.2343911
276976013754241 276976017302651 0 -0.27573758 0.28281817 0.22160794
276976023860908 276976069848906 0 -0.20543016 0.21570654 0.19817215
276976033967575 276976069908646 0 -0.13831855 0.16457388 0.16088793
276976044074241 276976069962916 0 -0.09038169 0.12409385 0.11721215
276976054180908 276976070017343 0 -0.060554292 0.084679075 0.08099319
276976064287575 276976070075729 0 -0.055227965 0.045264304 0.054361608
276976074394241 276976114032608 0 -0.06801111 0.014371641 0.035186872
276976084500908 276976114082608 0 -0.09251216 0.005849511 0.034121618
276976094607575 276976114130994 0 -0.107425846 0.016502125 0.05010058
276976104714241 276976114173181 0 -0.110621616 0.03567685 0.07247112
276976114820908 276976178791990 0 -0.09144686 0.03674209 0.090580605
276976124927575 276976178847406 0 -0.047771044 0.002653635 0.10016799
276976135034241 276976178895583 0 -0.003029964 -0.037826404 0.075666934
276976145140908 276976178943552 0 0.023601636 -0.077241175 0.008555338
276976155247575 276976178985636 0 0.04171113 -0.11346015 -0.066013105
276976178028616 276976192557095 0 0.061951164 -0.10067704 -0.23379208
276976188143929 276976192708397 0 0.066744864 -0.07298021 -0.24977103
276976198259293 276976209453555 0 0.05662487 -0.032500215 -0.23752049
276976208374658 276976212826160 0 0.030525928 -0.003738122 -0.18692046
276976218489970 276976264788040 0 -0.0062256507 0.022360813 -0.108623594
276976228605335 276976264860227 0 -0.048303545 0.050590277 -0.024467766
276976238720647 276976264903925 0 -0.08345723 0.067101836 0.0469049
276976248836012 276976264941894 0 -0.10209933 0.07562393 0.093776494
276976258951325 276976264977832 0 -0.10795827 0.074558645 0.11721231
276976269066689 276976273821999 0 -0.105827734 0.0692323 0.11135337
276976279182002 276976291832730 0 -0.099436134 0.083613336 0.08099337
276976289297366 276976295868460 0 -0.09144664 0.11983227 0.04211125
276976299412679 276976307790857 0 -0.08452242 0.15871438 0.0032291398
276976309528043 276976314092837 0 -0.09783819 0.18001962 -0.0479035
276976319643356 276976323948827 0 -0.12553503 0.17096487 -0.08145929
276976329758720 276976334133828 0 -0.16228661 0.16084483 -0.084655076
276976339874033 276976344324923 0 -0.1889182 0.1438006 -0.056425586
276976349989397 276976354298413 0 -0.18625502 0.106516354 -0.015945565
276976360104710 276976366143467 0 -0.15749289 0.05112263 0.013881821
276976370220075 276976374279353 0 -0.10689287 -0.017586889 0.028262887
276976380335439 276976384704771 0 -0.031791773 -0.08682904 0.03571974
276976390450752 276976394704042 0 0.061418798 -0.15234277 0.04583975
276976400566116 276976406224460 0 0.17060833 -0.18802911 0.045839757
276976410681429 276976415077013 0 0.27660203 -0.19335546 0.024534496
276976420796793 276976424841754 0 0.35702947 -0.15766916 -0.02233709
276976430912106 276976435048682 0 0.38312843 -0.08682915 -0.094775
276976441027470 276976445421443 0 0.34477895 -0.02397862 -0.16614765
276976451142783 276976455093528 0 0.26009053 0.017034004 -0.19331187
276976461258147 276976466088685 0 0.15303156 0.035676092 -0.1704087
276976471373460 276976475282592 0 0.050233632 0.021295015 -0.11448235
276976481488825 276976485386187 0 -0.019008486 -0.0058692256 -0.053762317
276976491604137 276976495313688 0 -0.04670532 -0.032500837 -0.0036949236
276976501719554 276976505645772 0 -0.031258993 -0.040490337 0.0351872
276976511838043 276976516040096 0 0.015612619 -0.02717456 0.06075353
276976521956585 276976525693274 0 0.09018108 -0.012260893 0.07300408
276976532075075 276976536276140 0 0.17167374 0.0053159343 0.059155658
276976542193616 276976546706766 0 0.22333905 0.030882237 0.010153541
276976552312106 276976555902600 0 0.22973064 0.054850645 -0.05855595
276976562430647 276976567004893 0 0.2020338 0.06869905 -0.116080165
276976572549137 276976576879581 0 0.15409696 0.06550324 -0.13898334
276976582667679 276976587000676 0 0.09231168 0.032480046 -0.13738543
276976592786168 276976596442969 0 0.025200091 -0.014924201 -0.109688565
276976602904710 276976607106512 0 -0.02167149 -0.059132658 -0.06441486
276976613023200 276976634855056 0 -0.03871569 -0.083633736 -0.011151674
276976623141741 276976634871150 0 -0.01421462 -0.11186324 0.036252562
276976633260231 276976637673077 0 0.05236436 -0.14169064 0.06341679
276976643378772 276976647661984 0 0.14770547 -0.15287593 0.060221005
276976653497262 276976657756881 0 0.24091601 -0.108667515 0.01707784
276976663615804 276976668142559 0 0.31388658 -0.001608558 -0.044707436
276976673734293 276976677468758 0 0.3506382 0.13794094 -0.10063376
276976683852835 276976688346155 0 0.3415835 0.20718305 -0.13791798
276976693971325 276976698390635 0 0.27234137 0.18747565 -0.15442955
276976704089866 276976708504022 0 0.1604887 0.13261457 -0.1352548
276976714208356 276976718598241 0 0.034787614 0.09799348 -0.085187405
276976724326897 276976728655117 0 -0.079195574 0.058578707 -0.029261068
276976734445387 276976738903764 0 -0.15376401 5.2182144E-4 0.018675799
276976744563929 276976750242255 0 -0.18518926 -0.052208744 0.048503183
276976754682418 276976758434547 0 -0.17506924 -0.077242464 0.06501478
276976764800960 276976769078455 0 -0.13778502 -0.06445932 0.06341689
276976774919450 276976779321008 0 -0.092511296 -0.029305644 0.027197938
276976785037991 276976789471373 0 -0.06481443 -0.011196185 -0.039381027
276976795156481 276976798871687 0 -0.04777021 -0.008000415 -0.081458926
276976805275022 276976809839292 0 -0.048302826 0.007445885 -0.096372604
276976815393512 276976819754033 0 -0.063749135 5.216503E-4 -0.09690523
276976825512054 276976829835700 0 -0.089315444 -0.013326798 -0.09051364
276976835630543 276976839412212 0 -0.11647966 -0.015989978 -0.06867573
276976845749085 276976850664244 0 -0.1324586 -0.009065786 -0.04097887
276976855867575 276976860536745 0 -0.13086069 -0.013326861 -0.0079556955
276976865986116 276976870921121 0 -0.10050066 -0.018120568 0.03625275
276976876104606 276976879754299 0 -0.041911155 -0.0048047956 0.085787505
276976886223147 276976890576071 0 0.024135195 0.023424666 0.1022991
276976896341637 276976900709614 0 0.07899628 0.045262545 0.07460226
276976906460179 276976910777271 0 0.11734578 0.060708847 0.03944857
276976916578668 276976920358574 0 0.14024895 0.07402462 0.016545413
276976926697210 276976930344044 0 0.14237949 0.079883546 0.0016317312
276976936815700 276976940606284 0 0.124802664 0.06337194 -0.01008616
276976946934241 276976951919515 0 0.090714246 0.02928349 -0.026597736
276976957052731 276976960837693 0 0.04437529 0.0058476687 -0.03458721
276976967171272 276976971745767 0 -0.0072899777 -0.00853341 -0.034054562
276976977289762 276976981609413 0 -0.053096294 -0.015457645 -0.024467185
276976987408304 276976992017279 0 -0.08718471 0.0042497097 -0.016477702
276976997526793 276977001450353 0 -0.10209839 0.01383706 -0.017542958
276977007644814 276977011934052 0 -0.09677206 0.010108616 -0.028728217
276977017762522 276977022178636 0 -0.07067309 0.0053149085 -0.04097874
276977027880283 276977032091137 0 -0.03338886 -0.002141957 -0.05642505
276977037998043 276977042499732 0 0.009754326 -0.005870401 -0.07986084
276977048115752 276977052698639 0 0.048103824 0.004249581 -0.0995682
276977058233512 276977062501088 0 0.07153964 0.030881148 -0.110220835
276977068351220 276977072876141 0 0.07367018 0.055382192 -0.11607978
276977078468981 276977082391142 0 0.044375442 0.0676327 -0.11927556
276977088586741 276977092957237 0 -0.004094036 0.039403193 -0.1166124
276977098704450 276977103193123 0 -0.056291938 0.0063800015 -0.094774485
276977108822210 276977112578229 0 -0.09251088 -0.020251608 -0.06867552
276977118939918 276977123129948 0 -0.110087715 -0.037828475 -0.056424983
276977129057679 276977134658179 0 -0.09836981 -0.054872714 -0.067610234
276977139175387 276977143605888 0 -0.06268346 -0.063394845 -0.098502874
276977149293147 276977154478076 0 -0.0014308016 -0.057003286 -0.13738498
276977159410908 276977163919692 0 0.061419755 -0.03143698 -0.17679973
276977169528616 276977173352349 0 0.10828386 -0.01491274 -0.20396861
276977179646377 276977185240527 0 0.13278487 0.005327327 -0.20663178
276977189764085 276977194166153 0 0.13331749 0.040481083 -0.1863918
276977199881845 276977204495946 0 0.10828376 0.062319048 -0.16082549
276977209999606 276977214668447 0 0.069934234 0.058058057 -0.14537919
276977220117314 276977224507667 0 0.020399442 0.036752842 -0.1469771
276977230235075 276977235292616 0 -0.034994297 0.008523424 -0.1613582
276977240352783 276977244460481 0 -0.09092067 -0.025032315 -0.18053296
276977250470543 276977254871889 0 -0.13512915 -0.0676428 -0.1959793
276977260588304 276977264956265 0 -0.1574997 -0.09800274 -0.21195827
276977270706012 276977275041161 0 -0.1532387 -0.10119847 -0.23060042
276977280823772 276977285636944 0 -0.1292703 -0.09320894 -0.24924254
276977290941481 276977295306424 0 -0.09038822 -0.08415414 -0.2684173
276977301059241 276977305495123 0 -0.038722977 -0.069240384 -0.28865734
276977311176950 276977314972311 0 0.017203325 -0.03728242 -0.3046363
276977321294710 276977325537625 0 0.068335935 0.0037302892 -0.32647425
276977331412470 276977335782157 0 0.10082644 0.03195983 -0.35630164
276977341530179 276977345764346 0 0.10828325 0.034623057 -0.3871943
276977351647939 276977355592419 0 0.09230426 0.0026652091 -0.42288065
276977361765647 276977365873202 0 0.056617893 -0.04846738 -0.45111018
276977371883408 276977375896640 0 0.020398898 -0.10599155 -0.47241545
276977382001168 276977386267683 0 -0.005700094 -0.15765676 -0.49052495
276977392118877 276977396100392 0 -0.006765394 -0.199202 -0.51289546
276977402236637 276977406012164 0 0.009213523 -0.20932193 -0.55124503
276977412354345 276977416038415 0 0.032649286 -0.18109238 -0.59651875
276977422472106 276977426237322 0 0.058748204 -0.1304923 -0.63859665
276977432589814 276977436693521 0 0.0694008 -0.10492592 -0.680142
276977442707575 276977446968470 0 0.07099866 -0.11504586 -0.70570827
276977452825335 276977456718836 0 0.062476516 -0.12729633 -0.71103466
276977462943043 276977466614618 0 0.040105946 -0.14593838 -0.7190242
276977473060804 276977476940817 0 0.023061695 -0.17949413 -0.7291442
276977483178512 276977487008839 0 0.010811128 -0.21304986 -0.7509821
276977493296272 276977497057017 0 0.010811092 -0.25406244 -0.78347266
276977503413616 276977507288685 0 0.026257377 -0.29827082 -0.8244853
276977513529033 276977517129258 0 0.058215246 -0.33715287 -0.8718896
276977523644502 276977527369155 0 0.10189101 -0.36804545 -0.92035913
276977533759918 276977537555094 0 0.14503415 -0.37550223 -0.97255707
276977543875387 276977547624939 0 0.17912255 -0.35313165 -1.0194287
276977553990804 276977557880200 0 0.19776462 -0.3019989 -1.0620391
276977564106220 276977569033795 0 0.2046888 -0.23808306 -1.0998561
276977574221689 276977578383952 0 0.19297087 -0.18908088 -1.1371404
276977584337106 276977588256245 0 0.16261081 -0.18162398 -1.1717615
276977594452575 276977598261246 0 0.110412866 -0.21464708 -1.2026541
276977604567991 276977608786038 0 0.043301232 -0.2929439 -1.2228942
276977614683460 276977619090519 0 -0.017951457 -0.3946765 -1.2356772
276977624798877 276977628565051 0 -0.054703087 -0.4932133 -1.2484605
276977634914293 276977638686354 0 -0.0626926 -0.5512701 -1.2756248
276977645029762 276977648812344 0 -0.041919995 -0.542748 -1.3145069
276977655145179 276977659135418 0 0.0017557726 -0.4996047 -1.3523238
276977665260647 276977669691305 0 0.05714944 -0.4420804 -1.393869
276977675376064 276977679024743 0 0.11094521 -0.37337083 -1.4412732
276977685491533 276977689291724 0 0.15035993 -0.3163792 -1.4838839
276977695606950 276977699383808 0 0.17166516 -0.29347596 -1.5137112
276977705722366 276977709623288 0 0.16367564 -0.3190422 -1.5275598
276977715837835 276977719684070 0 0.13278298 -0.37443587 -1.5243639
276977725953252 276977729839436 0 0.083248176 -0.4415474 -1.5179724
276977736068720 276977740022562 0 0.028919702 -0.5081263 -1.5179725
276977746184137 276977749973396 0 -0.023278246 -0.56351995 -1.5334189
276977756299606 276977760119856 0 -0.0637583 -0.5885536 -1.5643115
276977766415022 276977770182304 0 -0.093585715 -0.58642304 -1.6218357
276977776530439 276977780571212 0 -0.11648891 -0.5741724 -1.7070568
276977786645908 276977790524963 0 -0.13513106 -0.57363975 -1.8071916
276977796761325 276977800824287 0 -0.1537732 -0.5826944 -1.9004022
276977806876793 276977810755954 0 -0.17720905 -0.5960101 -1.9701769
276977816992210 276977822049028 0 -0.19851434 -0.61465216 -2.0143855
276977827107679 276977830875748 0 -0.21449333 -0.6189132 -2.0266361
276977837223095 276977841012259 0 -0.22088496 -0.5869552 -2.0095918
276977847338512 276977851112156 0 -0.21875447 -0.5315615 -1.9797645
276977857453981 276977861977366 0 -0.20650396 -0.47616768 -1.9467413
276977867569397 276977871853721 0 -0.1846661 -0.44314444 -1.9158487
276977877684866 276977881756430 0 -0.14951244 -0.4303612 -1.8924129
276977887800283 276977891776379 0 -0.10370615 -0.4362201 -1.8966739
276977897915752 276977901698724 0 -0.059497748 -0.46764532 -1.9291645
276977908031168 276977912203725 0 -0.0152893495 -0.5118537 -1.9872214
276977918146585 276977922482007 0 0.021994837 -0.5555295 -2.056996
276977928262054 276977932254196 0 0.052354813 -0.58961785 -2.1187816
276977938377470 276977942582634 0 0.06939899 -0.5896177 -2.1736426
276977948492939 276977953991958 0 0.06886633 -0.56511664 -2.2119923
276977958608356 276977963103574 0 0.047028385 -0.5406155 -2.2391562
276977968723825 276977972507429 0 0.0044178087 -0.532626 -2.245548
276977978839241 276977982590346 0 -0.04405172 -0.55552906 -2.2306342
276977988954658 276977993413368 0 -0.09305388 -0.6066617 -2.1997416
276977999070127 276978004126442 0 -0.13087077 -0.66578376 -2.1683164
276978009184710 276978013500922 0 -0.15057817 -0.6828279 -2.1480763
276978019299033 276978023476236 0 -0.15856768 -0.6231731 -2.1363585
276978029413356 276978033373945 0 -0.16229615 -0.49587402 -2.1251733
276978039527679 276978044527384 0 -0.17241618 -0.3488676 -2.1219776
276978049642002 276978054008843 0 -0.19744992 -0.20985064 -2.1118577
276978059756325 276978065814990 0 -0.2464521 -0.121433705 -2.0862913
276978069870647 276978074291658 0 -0.31090057 -0.09000837 -2.0277019
276978079984970 276978084031398 0 -0.38014272 -0.09639989 -1.9280996
276978090099293 276978094367545 0 -0.4429933 -0.13901037 -1.8135839
276978100213616 276978104594994 0 -0.48613653 -0.22795981 -1.7054596
276978110327939 276978114348276 0 -0.5021155 -0.3291598 -1.6207712
276978120442262 276978124577496 0 -0.48187554 -0.40479344 -1.5547249
276978130556585 276978134840674 0 -0.4216882 -0.43302286 -1.5078533
276978140670908 276978144825050 0 -0.3274124 -0.42130488 -1.472167
276978150785231 276978155094791 0 -0.21875554 -0.39307535 -1.4466007
276978160899554 276978165174688 0 -0.11489239 -0.36324793 -1.4236975
276978171013877 276978175105626 0 -0.034462575 -0.34354466 -1.3970644
276978181128200 276978185079012 0 0.0156048 -0.3350225 -1.358715
276978191242522 276978195763597 0 0.03158374 -0.33395723 -1.3161044
276978201356845 276978206182556 0 0.019333199 -0.33608776 -1.266037
276978211471168 276978215503547 0 -0.009428928 -0.35526246 -1.209578
276978221585491 276978225349746 0 -0.04511527 -0.3627193 -1.1440644
276978231699814 276978235338757 0 -0.07707319 -0.32916346 -1.0700285
276978241814137 276978245394331 0 -0.09624794 -0.2529971 -0.992797
276978251928460 276978255791520 0 -0.10796584 -0.1560581 -0.9240875
276978262042783 276978265814021 0 -0.11489007 -0.059119098 -0.85804117
276978272157106 276978275954022 0 -0.11968377 0.023438841 -0.79732114
276978282271429 276978288032669 0 -0.12554273 0.06764729 -0.74459064
276978292385752 276978297136784 0 -0.14045644 0.07883258 -0.70837164
276978302500075 276978307124493 0 -0.15164171 0.056462064 -0.6737506
276978312614397 276978317652411 0 -0.16602278 0.01757997 -0.63060737
276978322728720 276978327157100 0 -0.1777407 -0.03941161 -0.59012747
276978332843043 276978338645278 0 -0.1793386 -0.1336874 -0.5587022
276978342957366 276978347315591 0 -0.17241439 -0.23115902 -0.5320706
276978353071637 276978357018509 0 -0.14471754 -0.30093375 -0.5081022
276978363185960 276978367463822 0 -0.092519656 -0.3307611 -0.48946005
276978373300283 276978377591115 0 -0.025408063 -0.30785793 -0.47081792
276978383414606 276978388508304 0 0.059280377 -0.2375505 -0.4484474
276978393528929 276978398030492 0 0.15302356 -0.14167677 -0.43672955
276978403643252 276978408329399 0 0.23930988 -0.039944086 -0.4377948
276978413757575 276978418389869 0 0.30216044 0.03462438 -0.45483902
276978423871897 276978428454662 0 0.33145517 0.05007072 -0.46975273
276978433986220 276978438841382 0 0.318672 0.008525463 -0.4857317
276978444100543 276978448427789 0 0.2670067 -0.07136928 -0.48360115
276978454214866 276978458704613 0 0.1935035 -0.15179665 -0.4654917
276978464329189 276978468675499 0 0.11414136 -0.21837562 -0.44152325
276978474443512 276978478354979 0 0.050225534 -0.2593882 -0.42128327
276978484557835 276978490034980 0 0.007614979 -0.26311663 -0.42021802
276978494672158 276978499097325 0 -0.01315767 -0.23488714 -0.42767486
276978504786585 276978509292586 0 -0.005168205 -0.15978605 -0.41915277
276978514901116 276978518699202 0 0.019865476 -0.0202365 -0.39731488
276978525015700 276978529632276 0 0.06034548 0.13742252 -0.35523698
276978535130231 276978540484360 0 0.09922759 0.25886258 -0.31156117
276978545244814 276978549594882 0 0.13118549 0.28975523 -0.27267903
276978555359345 276978559136758 0 0.15142548 0.22956789 -0.24924326
276978565473929 276978569738322 0 0.15302336 0.11132364 -0.23060116
276978575588512 276978579994416 0 0.14503387 -0.017040592 -0.20290431
276978585703043 276978590436813 0 0.13278332 -0.0980006 -0.17041379
276978595817627 276978599591345 0 0.120000154 -0.10971847 -0.1336622
276978605932158 276978610392440 0 0.108282246 -0.06497739 -0.087855875
276978616046741 276978622290827 0 0.10029276 -0.013312091 -0.05270219
276978626161325 276978630715099 0 0.09762959 -0.005855228 -0.033527452
276978636275856 276978640863850 0 0.10189063 -0.042074166 -0.03352746
276978646390439 276978650933434 0 0.102955885 -0.09853312 -0.04950642
276978656504970 276978660475049 0 0.101357974 -0.1555247 -0.064952746
276978666619554 276978672456769 0 0.09603164 -0.18428679 -0.072942235
276978676734137 276978680889687 0 0.096031636 -0.18908045 -0.082529604
276978686848668 276978691224063 0 0.10668426 -0.1880152 -0.10383489
276978696963252 276978701614272 0 0.11946741 -0.17682989 -0.13366228
276978707077783 276978711553909 0 0.12958741 -0.15339407 -0.1507065
276978717192366 276978722617712 0 0.13491371 -0.09001087 -0.14111914
276978727306897 276978731565057 0 0.1231958 -0.003724507 -0.11661808
276978737421481 276978741894120 0 0.09869473 0.07244185 -0.10223703
276978747536064 276978752198809 0 0.070997864 0.110791355 -0.1033023
276978757650595 276978762062299 0 0.045431525 0.103867166 -0.11342231
276978767765179 276978772608915 0 0.037442036 0.06232191 -0.13419496
276978777879710 276978782276937 0 0.042768344 0.017048229 -0.16562024
276978787994293 276978792662354 0 0.056616757 -0.01810545 -0.20769815
276978798108877 276978802417251 0 0.07366096 -0.025562273 -0.24817818
276978808223408 276978813110742 0 0.08537885 0.0031998605 -0.27001607
276978818337991 276978822767826 0 0.08218305 0.06019148 -0.2684182
276978828452522 276978832982827 0 0.051823027 0.11824836 -0.2449824
276978838567106 276978842770328 0 -3.7489785E-4 0.16618523 -0.19970873
276978848681689 276978853028402 0 -0.06961703 0.19175158 -0.14804342
276978858796220 276978862743351 0 -0.13459814 0.19281685 -0.103835
276978868910804 276978874433144 0 -0.18146974 0.16352212 -0.07187711
276978879025335 276978882807155 0 -0.20117712 0.104932666 -0.055365533
276978889139918 276978893549812 0 -0.18786134 0.025570551 -0.05003922
276978899254450 276978903672938 0 -0.14684871 -0.047399983 -0.058561333
276978909369033 276978913967366 0 -0.0930529 -0.09853262 -0.08199714
276978919483616 276978924712524 0 -0.030735001 -0.113978915 -0.11555295
276978929598147 276978934069087 0 0.018799743 -0.09107573 -0.14538035
276978939712731 276978944086171 0 0.059279747 -0.047399905 -0.16455507
276978949827262 276978954163047 0 0.07898711 -0.0058546085 -0.17041405
276978959941845 276978964490757 0 0.070997626 0.022374894 -0.16562036
276978970056429 276978974577164 0 0.03424602 0.04421282 -0.14644563
276978980170960 276978984531592 0 -0.023810856 0.078301266 -0.11981404
276978990285543 276978994849770 0 -0.089857206 0.10226972 -0.095313
276979000400075 276979004187688 0 -0.13885933 0.101737104 -0.06974667
276979010514241 276979015537533 0 -0.16389304 0.08096448 -0.045245618
276979020628304 276979026512065 0 -0.15750147 0.04581081 -0.017548777
276979030742418 276979035334514 0 -0.1159562 0.009059236 0.019202808
276979040856481 276979045336650 0 -0.04458356 -0.0074523296 0.054356497
276979050970543 276979056824620 0 0.036376454 0.01704875 0.07246597
276979061084658 276979066071079 0 0.107749104 0.066050895 0.073531225
276979071198720 276979075157799 0 0.1668712 0.11771619 0.060748056
276979081312835 276979085772696 0 0.200427 0.15819623 0.036246985
276979091426897 276979095900249 0 0.19776383 0.17151204 0.012278552
276979101541012 276979106667646 0 0.15462065 0.16085942 -0.0021025129
276979111655075 276979116082907 0 0.08378062 0.12464048 -5.0462503E-4
276979121769189 276979125772179 0 -0.0014404822 0.08362786 0.013876427
276979131883252 276979135957805 0 -0.08186789 0.051137336 0.030920634
276979141997366 276979146098639 0 -0.14205529 0.03409314 0.044769056
276979152111429 276979156944630 0 -0.17507848 0.020777367 0.04583431
276979162225543 276979166222235 0 -0.17294796 -0.003191043 0.035181668
276979172339606 276979176312445 0 -0.13832873 -0.022362683 0.019734208
276979182453720 276979186750102 0 -0.081869796 -0.04313527 2.6813708E-5
276979192567783 276979197079634 0 -0.012627689 -0.06177733 -0.020745844
276979202681897 276979207098385 0 0.05128809 -0.07029939 -0.03565955
276979212795960 276979216759324 0 0.09922492 -0.06657092 -0.04737747
276979222910075 276979227256408 0 0.11893226 -0.041004546 -0.04737749
276979233024137 276979236865680 0 0.11786696 0.0016060472 -0.038855396
276979243138252 276979247756618 0 0.091235355 0.03889032 -0.031398572
276979253252314 276979257093755 0 0.04915742 0.057532486 -0.032996483
276979263366429 276979267408652 0 0.0012205271 0.068185166 -0.028202817
276979273480491 276979277843340 0 -0.03819425 0.07723996 -0.013821779
276979283594606 276979287541206 0 -0.062162712 0.090023175 0.005352946
276979293708668 276979297741311 0 -0.069086954 0.10067585 0.0117445085
276979303822783 276979307664645 0 -0.06322803 0.09268643 0.006950804
276979313936845 276979318330896 0 -0.033400685 0.06392437 -0.010626063
276979324050960 276979328083137 0 6.877165E-4 0.003204396 -0.032463983
276979334165022 276979338129336 0 0.034243487 -0.056982942 -0.054834537
276979344279137 276979348699180 0 0.058211885 -0.07935342 -0.067617714
276979354393200 276979358750900 0 0.06833186 -0.04686284 -0.07134616
276979364507314 276979368810172 0 0.055548668 0.014922496 -0.07241144
276979374621377 276979379454913 0 0.024655996 0.06871835 -0.066552505
276979384735491 276979388621320 0 -0.013693519 0.09907842 -0.06122621
276979394849554 276979398869081 0 -0.04724935 0.086827934 -0.053236753
276979404963668 276979408889811 0 -0.06802203 0.05167429 -0.047377817
276979415077731 276979419302208 0 -0.07068521 0.0064006397 -0.050573632
276979425191845 276979429269241 0 -0.049912598 -0.02449195 -0.055367336
276979435305908 276979440886794 0 -0.01369367 -0.03354664 -0.073476836
276979445420022 276979451156899 0 0.03158 -0.026089747 -0.10170633
276979455534085 276979459373723 0 0.06779893 -0.01224127 -0.14005584
276979465648200 276979469842057 0 0.08377785 -0.01224122 -0.1741443
276979475762262 276979479632735 0 0.08058204 -0.017567487 -0.19118853
276979485876377 276979490890549 0 0.05235252 -0.022893755 -0.19864538
276979495990439 276979499969873 0 0.011872478 -0.03674213 -0.20290646
276979506104970 276979510125290 0 -0.030205462 -0.054851558 -0.20663491
276979516220075 276979520301802 0 -0.06642445 -0.06284098 -0.21036334
276979526335179 276979530377376 0 -0.07974028 -0.055916723 -0.20983073
276979536450283 276979541673835 0 -0.075479254 -0.048459828 -0.20450443
276979546565439 276979550906284 0 -0.043521374 -0.04792714 -0.2002434
276979556680543 276979561020452 0 -0.0019761277 -0.04899236 -0.21036342
276979566795647 276979570875557 0 0.035308067 -0.051122833 -0.24338661
276979576910804 276979580955037 0 0.06407015 -0.062840685 -0.28439927
276979587025908 276979591477642 0 0.07578802 -0.07828695 -0.329673
276979597141012 276979601051654 0 0.0709943 -0.103853226 -0.36962038
276979607256116 276979611205925 0 0.051819533 -0.12728898 -0.39784992
276979617371272 276979621320770 0 0.023590019 -0.14806156 -0.41436148
276979627486377 276979631442542 0 -0.0030415999 -0.1730952 -0.43247098
276979637601481 276979641434574 0 -0.027010059 -0.20558569 -0.45484155
276979647716637 276979651667075 0 -0.04511957 -0.2284888 -0.4836037
276979657831741 276979662095410 0 -0.048848018 -0.22742349 -0.5070395
276979667946845 276979672007911 0 -0.03713015 -0.19866133 -0.51769215
276979678061950 276979682478016 0 -0.0057049072 -0.17309496 -0.5219532
276979688177106 276979692702236 0 0.044895083 -0.17842123 -0.52887744
276979698292210 276979702328330 0 0.10721296 -0.2023896 -0.5485849
276979708407314 276979712513800 0 0.17379192 -0.24819589 -0.5906628
276979718522470 276979722615832 0 0.23877296 -0.31797057 -0.6492523
276979728637575 276979732907552 0 0.30002558 -0.38508213 -0.72648394
276979738752679 276979743800522 0 0.33890766 -0.4287579 -0.8207598
276979748867783 276979753514065 0 0.338375 -0.4394105 -0.92728615
276979758982939 276979762946826 0 0.30428654 -0.43142098 -1.0231597
276979769098043 276979775402452 0 0.24143596 -0.39839774 -1.1025219
276979779213147 276979835308239 0 0.16580223 -0.3520587 -1.1621768
276979789328304 276979835357875 0 0.089103214 -0.29453444 -1.2143748
276979799443408 276979835367562 0 0.015067374 -0.22848806 -1.2559199
276979809558512 276979835375323 0 -0.05044637 -0.17575747 -1.2740295
276979819673616 276979835382198 0 -0.09678536 -0.14273424 -1.2798884
276979829788772 276979835388604 0 -0.12075382 -0.1326142 -1.2708337
276979839903877 276979844057355 0 -0.12714542 -0.1304836 -1.2553875
276979850018981 276979854107877 0 -0.12022125 -0.15924567 -1.2585833
276979860134137 276979864350326 0 -0.11276443 -0.21463932 -1.2889433
276979870249241 276979874481837 0 -0.103177086 -0.27056563 -1.3347497
276979880364345 276979884616057 0 -0.095720276 -0.3153066 -1.3837517
276979890479450 276979895549131 0 -0.08932872 -0.35631922 -1.4322213
276979900594606 276979904904965 0 -0.08346981 -0.4074518 -1.4881477
276979910709710 276979915035174 0 -0.08826352 -0.45059493 -1.5472698
276979920824814 276979926599342 0 -0.09518776 -0.47829175 -1.6053267
276979930939970 276979935550124 0 -0.100514114 -0.48841172 -1.6575246
276979941055075 276979945438667 0 -0.09358993 -0.47829163 -1.7038636
276979951170179 276979955027783 0 -0.07707837 -0.46071473 -1.7374194
276979961285283 276979965234659 0 -0.05630576 -0.44260523 -1.7619205
276979971400439 276979975700024 0 -0.03500052 -0.43195254 -1.7810953
276979981515543 276979985469348 0 -0.015825806 -0.43301773 -1.7997375
276979991630647 276979995509245 0 -0.0046405685 -0.438344 -1.8284996
276980001745752 276980005611954 0 1.5308708E-4 -0.46018186 -1.8721753
276980011861168 276980015996695 0 -0.007836418 -0.4921397 -1.9249059
276980021976533 276980026425029 0 -0.0238154 -0.5224997 -1.9808321
276980032091950 276980035736541 0 -0.045653332 -0.5597838 -2.0356932
276980042207366 276980046883104 0 -0.06749126 -0.62263435 -2.0825648
276980052322731 276980056063574 0 -0.081339724 -0.6833543 -2.110262
276980062438147 276980066502325 0 -0.07601343 -0.7201058 -2.1161208
276980072553564 276980076591388 0 -0.0531103 -0.7185079 -2.1161208
276980082668929 276980087189671 0 -0.016891368 -0.6918763 -2.1251755
276980092784345 276980097251286 0 0.02518651 -0.66045094 -2.1427524
276980102899762 276980107196027 0 0.060872808 -0.6455372 -2.1667209
276980113015127 276980116739465 0 0.085906476 -0.6492656 -2.195483
276980123130543 276980129286394 0 0.087504335 -0.673234 -2.2269082
276980133245908 276980136967124 0 0.07738431 -0.70678973 -2.2641926
276980143361325 276980148127646 0 0.04862216 -0.7430086 -2.3094664
276980153476741 276980157131344 0 6.852718E-4 -0.78774965 -2.3600664
276980163592106 276980168512856 0 -0.059499145 -0.8191799 -2.3952181
276980173707522 276980178172128 0 -0.12714036 -0.8032061 -2.4106627
276980183822939 276980188466035 0 -0.19158876 -0.733964 -2.4069343
276980193938304 276980198738744 0 -0.24005823 -0.62104607 -2.3792372
276980204053720 276980209368485 0 -0.2672224 -0.4537998 -2.3227782
276980214169137 276980218559319 0 -0.28320134 -0.28069454 -2.2503405
276980224284502 276980228652393 0 -0.29864764 -0.15978718 -2.183229
276980234399814 276980238982603 0 -0.31835496 -0.1342209 -2.1203783
276980244514762 276980249101926 0 -0.34338865 -0.19334309 -2.0601907
276980254629710 276980259360209 0 -0.3700202 -0.33981687 -2.021841
276980264744710 276980268743543 0 -0.4025107 -0.48788857 -1.9914813
276980274859658 276980278765471 0 -0.4296749 -0.5906865 -1.9627192
276980284974658 276980289745837 0 -0.4387296 -0.6338298 -1.9227717
276980295089606 276980299653702 0 -0.43020746 -0.6066656 -1.8647149
276980305204554 276980309679172 0 -0.40890217 -0.5070635 -1.79494
276980315319554 276980319187194 0 -0.37960738 -0.38402563 -1.7336874
276980325434502 276980329945476 0 -0.3417905 -0.29294562 -1.6788263
276980335549450 276980339853602 0 -0.3055715 -0.26578146 -1.6410094
276980345664450 276980350114176 0 -0.26881987 -0.29827207 -1.6037252
276980355779397 276980359931000 0 -0.22620931 -0.3632532 -1.5483315
276980365894397 276980370454126 0 -0.17827243 -0.42184272 -1.4625777
276980376009345 276980380526158 0 -0.12660712 -0.42929962 -1.3533882
276980386124293 276980390833659 0 -0.07973549 -0.37656915 -1.2521882
276980396239293 276980400310796 0 -0.051505968 -0.28868496 -1.1781523
276980406354241 276980411271786 0 -0.05150594 -0.18056075 -1.1366069
276980416469189 276980420905746 0 -0.08559434 -0.08468709 -1.110508
276980426584189 276980431154236 0 -0.15323853 -0.034619756 -1.1019858
276980436699137 276980440400383 0 -0.2352638 -0.06657772 -1.1003879
276980446814137 276980451553301 0 -0.31995222 -0.16990833 -1.0998553
276980456929085 276980460688927 0 -0.37800908 -0.29827264 -1.0865395
276980467044033 276980471800647 0 -0.3945206 -0.41651693 -1.054049
276980477159033 276980481077314 0 -0.36043215 -0.49215072 -1.0151668
276980487273981 276980493446170 0 -0.28426576 -0.5113255 -0.9698931
276980497388929 276980502066483 0 -0.18146782 -0.47191077 -0.925152
276980507504397 276980512003098 0 -0.07653932 -0.36112344 -0.87561727
276980517620283 276980521881433 0 0.014540739 -0.2135845 -0.828213
276980527736168 276980532436642 0 0.081119746 -0.089481354 -0.7994509
276980537852054 276980543919143 0 0.110947154 -0.0356856 -0.79305923
276980547967939 276980552790342 0 0.09709875 -0.042609863 -0.7941245
276980558083825 276980562168885 0 0.057151403 -0.07936151 -0.78933084
276980568199710 276980572924667 0 0.0044208905 -0.111852095 -0.770156
276980578315595 276980583083731 0 -0.046711728 -0.13848373 -0.7472528
276980588431481 276980593776127 0 -0.077071704 -0.17470273 -0.72328436
276980598547366 276980603269670 0 -0.07973483 -0.20239966 -0.6977181
276980608663200 276980613753525 0 -0.04937479 -0.20186707 -0.6721517
276980618779085 276980623263370 0 -9.052716E-4 -0.16511554 -0.65404224
276980628894970 276980633997434 0 0.055021096 -0.08095977 -0.64285696
276980639010856 276980644111237 0 0.090174824 0.022903373 -0.6492485
276980649126741 276980654038113 0 0.10189275 0.110787556 -0.6551074
276980659242627 276980663693739 0 0.08591384 0.17310542 -0.65031374
276980669358512 276980673822385 0 0.04703174 0.19973697 -0.62794316
276980679474397 276980685951605 0 -0.004633509 0.1794969 -0.5853326
276980689590283 276980694009367 0 -0.054700866 0.10865683 -0.5299389
276980699706168 276980704432284 0 -0.08878927 0.019707272 -0.4724146
276980709822002 276980714494577 0 -0.09624608 -0.054328598 -0.42447776
276980719937887 276980724310359 0 -0.077603936 -0.08096024 -0.38825876
276980730053772 276980734757756 0 -0.031264942 -0.054328702 -0.35683346
276980740169658 276980746067549 0 0.024661424 -0.0074571585 -0.33339766
276980750285543 276980755090935 0 0.076326735 0.023435432 -0.3147555
276980760401429 276980765976040 0 0.1221331 0.025033275 -0.29558074
276980770517314 276980775015052 0 0.14397103 0.0138479555 -0.27374285
276980780633200 276980785683959 0 0.13544896 -0.0037289453 -0.2497744
276980790749085 276980795204741 0 0.106686875 -0.012783737 -0.22314277
276980800864970 276980805598024 0 0.06727216 -0.011185894 -0.19757643
276980810980804 276980815584327 0 0.026259536 -0.01864279 -0.18159747
276980821096689 276980825623442 0 0.0022911378 -0.029295478 -0.17201006
276980831212575 276980835350266 0 -0.005698308 -0.043676585 -0.157629
276980841328460 276980845809278 0 0.004954358 -0.04420927 -0.14484581
276980851444345 276980855968497 0 0.02572703 -0.03355669 -0.13579106
276980861560231 276980865747821 0 0.054489173 -0.0063925227 -0.13951945
276980871676116 276980875618031 0 0.08271869 0.036217965 -0.15869418
276980881792002 276980885714594 0 0.1024261 0.076165296 -0.19011945
276980891907887 276980895899699 0 0.10828507 0.10545999 -0.2199468
276980902023772 276980906272044 0 0.09603457 0.12356942 -0.2439152
276980912139606 276980916306889 0 0.069403015 0.1256999 -0.2492415
276980922255491 276980928492984 0 0.026259877 0.12463458 -0.24711096
276980932371377 276980936748193 0 -0.019013792 0.11717768 -0.23592567
276980942487262 276980946409965 0 -0.062689565 0.10013341 -0.22047934
276980952603147 276980956635851 0 -0.092516914 0.06338177 -0.2034351
276980962719033 276980966806060 0 -0.109028466 0.0058574863 -0.18106455
276980972834918 276980978169812 0 -0.10583265 -0.051134165 -0.14164978
276980982950804 276980986857781 0 -0.093582086 -0.06445001 -0.10276764
276980993066689 276980998784397 0 -0.083462045 -0.034622684 -0.074538134
276981003182366 276981007313356 0 -0.0765378 0.01278149 -0.052167587
276981013297366 276981017215909 0 -0.07440725 0.05539198 -0.034590714
276981023412366 276981028560598 0 -0.07440722 0.060718242 -0.020209638
276981033527314 276981038523151 0 -0.07653771 0.04101082 -0.00529593
276981043642314 276981047789662 0 -0.07813558 0.01864023 -0.0031653838
276981053757314 276981057757215 0 -0.07973344 -0.0037303567 -0.0074264184
276981063872314 276981067944821 0 -0.07653762 -0.01598094 -0.013817981
276981073987262 276981078329926 0 -0.063754424 -0.022905204 -0.018611647
276981084102262 276981088479302 0 -0.036057543 -0.040482104 -0.015948469
276981094217262 276981098199563 0 0.007618291 -0.03515584 0.008019978
276981104332210 276981108407689 0 0.058750972 0.02023781 0.043706324
276981114447210 276981118600711 0 0.09923102 0.102795675 0.06447898
276981124562210 276981129019722 0 0.12053632 0.16298302 0.06554426
276981134677210 276981139116807 0 0.1146774 0.19494087 0.065544285
276981144792158 276981148855193 0 0.07845847 0.21038714 0.0687401
276981154907158 276981158770298 0 0.021999534 0.17097233 0.08365381
276981165022158 276981168968893 0 -0.03978572 0.09587121 0.12093805
276981175137106 276981179660196 0 -0.09304887 0.006389019 0.15715703
276981185252106 276981189303270 0 -0.12553936 -0.07297316 0.18751705
276981195367106 276981199467907 0 -0.13033304 -0.109724805 0.20988761
276981205482106 276981209506241 0 -0.101570874 -0.089484856 0.23066026
276981215597054 276981219483013 0 -0.052568726 -0.03302594 0.23971504
276981225712054 276981230504889 0 0.0044229026 0.04580351 0.22959504
276981235827054 276981239533119 0 0.049164 0.12410032 0.20562664
276981245942002 276981250006922 0 0.07738759 0.18536294 0.17100191
276981256057002 276981259844944 0 0.07845283 0.20400508 0.12839136
276981266172002 276981271046507 0 0.06140859 0.17098196 0.08471554
276981276286950 276981280069373 0 0.030515924 0.10173987 0.0575513
276981286401950 276981290360572 0 0.003351679 0.029301994 0.051159702
276981296516950 276981300582865 0 -0.019551512 -0.016504295 0.05542074
276981306631950 276981312217553 0 -0.035530485 -0.040472686 0.059149146
276981316746897 276981320519221 0 -0.04085683 -0.03727685 0.058616504
276981326861897 276981330771305 0 -0.034997907 -0.020232594 0.060747012
276981336976897 276981340941410 0 -0.018486347 0.015986407 0.06660594
276981347091845 276981351050890 0 0.0049494267 0.05220541 0.0777912
276981357206845 276981362210996 0 0.028917832 0.0900223 0.092172235
276981367321845 276981371650580 0 0.052353606 0.11345814 0.098563805
276981377436845 276981381867300 0 0.06939779 0.112392925 0.085780635
276981387551793 276981391383082 0 0.07738725 0.095348746 0.0570185
276981397666793 276981401983343 0 0.069930375 0.06445614 0.027191106
276981407781793 276981412323240 0 0.0438314 0.036226705 0.0021573976
276981417896741 276981422031262 0 0.007612414 0.015986739 -0.009027884
276981428011741 276981432351836 0 -0.02541078 -0.00531849 -0.0063647414
276981438126741 276981442433712 0 -0.052575026 -0.036743723 0.006951038
276981448241741 276981452570328 0 -0.061097156 -0.056451052 0.025060501
276981458356689 276981462666058 0 -0.05896665 -0.04526575 0.042104706
276981468471689 276981472696580 0 -0.049379308 -0.005318323 0.04849627
276981478586689 276981483064549 0 -0.03340038 0.039422788 0.04370257
276981488701637 276981492693769 0 -0.0104972385 0.07670705 0.029854126
276981498816637 276981502893718 0 0.022525907 0.099610254 0.018136213
276981508931481 276981513940073 0 0.06460379 0.093218714 0.011211985
276981519046272 276981523018512 0 0.108812205 0.05966296 0.0037551252
276981529161064 276981533855700 0 0.15089008 0.015987197 -0.007430157
276981539275856 276981543626326 0 0.17858692 -0.021296985 -0.028735442
276981549390647 276981554195650 0 0.18657637 -0.024492735 -0.05589968
276981559505439 276981563973880 0 0.16953212 -0.001589528 -0.084129184
276981569620231 276981574003152 0 0.13704157 0.025042102 -0.1059671
276981579735075 276981583884716 0 0.094431 0.045814782 -0.118750274
276981589849866 276981594025654 0 0.04649411 0.055934824 -0.11981556
276981599964658 276981604135134 0 0.0054814448 0.03782539 -0.1272724
276981610079450 276981614951802 0 -0.017421745 -0.0015893206 -0.14271873
276981620194241 276981624343470 0 -0.023280721 -0.039406136 -0.17414403
276981630309033 276981634787221 0 -0.010497581 -0.06816821 -0.21888512
276981640423825 276981646487430 0 0.013470824 -0.07562501 -0.26948518
276981650538616 276981654786233 0 0.042765543 -0.06177654 -0.3136936
276981660653408 276981665135088 0 0.06992975 -0.043667026 -0.34937996
276981670768200 276981675003475 0 0.08963709 -0.02236171 -0.3669568
276981680883043 276981685605872 0 0.09762654 -0.010643771 -0.37707683
276981690997835 276981696647279 0 0.09549599 -0.018100573 -0.38772947
276981701112627 276981705462332 0 0.089104384 -0.043134224 -0.40211058
276981711227418 276981715419573 0 0.08590858 -0.08467946 -0.4223506
276981721342210 276981725233376 0 0.09283276 -0.13208365 -0.44472113
276981731457002 276981735595772 0 0.10881169 -0.18694468 -0.47827694
276981741571793 276981746490617 0 0.14822641 -0.25565413 -0.5166264
276981751686585 276981756014420 0 0.19509798 -0.31690675 -0.56775916
276981761801377 276981765726921 0 0.2409043 -0.3621804 -0.6279465
276981771916168 276981775740568 0 0.28298217 -0.3877467 -0.6886666
276981782031012 276981786736975 0 0.30268952 -0.3904098 -0.75098443
276981792145804 276981796758331 0 0.30002636 -0.37176764 -0.8127698
276981802260595 276981806433696 0 0.27499264 -0.3382118 -0.8713593
276981812375387 276981817360676 0 0.22812101 -0.30359071 -0.9219593
276981822490179 276981826468281 0 0.16580306 -0.30838436 -0.9848099
276981832604970 276981836394064 0 0.10614828 -0.34620115 -1.0519215
276981842719762 276981847718700 0 0.053950347 -0.40532324 -1.1126415
276981852834554 276981856703389 0 0.025720838 -0.4484664 -1.1648395
276981862949345 276981867293390 0 0.020927127 -0.43887895 -1.2005258
276981873064137 276981876809953 0 0.04489553 -0.38934416 -1.2308857
276981883178981 276981887527246 0 0.07898394 -0.32489568 -1.2708333
276981893293772 276981898056987 0 0.09815866 -0.25512087 -1.3033237
276981903408564 276981907910217 0 0.0992239 -0.1858787 -1.3240964
276981913523356 276981917653551 0 0.07578808 -0.13527864 -1.3422059
276981923638147 276981928389125 0 0.03317751 -0.14380072 -1.3587176
276981933752939 276981938107095 0 -0.013161477 -0.20185754 -1.3805554
276981943867731 276981948225794 0 -0.06056573 -0.2881438 -1.4162419
276981953982522 276981957762513 0 -0.09571945 -0.38827857 -1.4620482
276981964097314 276981968825119 0 -0.12022053 -0.48468485 -1.5121155
276981974212106 276981978603609 0 -0.12554687 -0.5778954 -1.5723029
276981984326950 276981988733193 0 -0.11489427 -0.669508 -1.6559261
276981994441741 276981998651632 0 -0.08559954 -0.7153143 -1.7432778
276982004556533 276982008927987 0 -0.050978504 -0.6982701 -1.8231726
276982014671377 276982019536113 0 -0.022749044 -0.6460721 -1.8929474
276982024786272 276982031046219 0 -0.006770117 -0.59280884 -1.9419495
276982034901116 276982038772990 0 -0.0014438243 -0.52995825 -1.9632548
276982045015960 276982049320127 0 -0.013161747 -0.47136873 -1.9542
276982055130856 276982058983357 0 -0.03926073 -0.4303561 -1.939819
276982065245700 276982069811483 0 -0.07388182 -0.41384444 -1.9233074
276982075360543 276982080872786 0 -0.111698695 -0.42076862 -1.9099916
276982085475387 276982089891172 0 -0.14099348 -0.45858544 -1.9051979
276982095590283 276982100103309 0 -0.1580377 -0.5043917 -1.915318
276982105705127 276982110346226 0 -0.16070089 -0.534219 -1.9403517
276982115819970 276982119846488 0 -0.14472197 -0.5390127 -1.9765706
276982125934866 276982131504458 0 -0.12128618 -0.52356637 -2.0229096
276982136049710 276982140607479 0 -0.09412199 -0.49586946 -2.0793686
276982146164554 276982151657064 0 -0.07654518 -0.47030306 -2.1315665
276982156279450 276982160188679 0 -0.06962098 -0.46018302 -2.1619267
276982166394293 276982170915295 0 -0.07228417 -0.4569872 -2.16459
276982176509137 276982181124046 0 -0.081338935 -0.46817243 -2.149676
276982186623981 276982191194568 0 -0.09145896 -0.49160814 -2.1289034
276982196738877 276982202020298 0 -0.09785056 -0.53421867 -2.1129246
276982206853720 276982211145455 0 -0.08879585 -0.58428603 -2.0996087
276982216968564 276982221898113 0 -0.068023235 -0.62955964 -2.1075983
276982227083460 276982231855978 0 -0.050446413 -0.6535281 -2.139556
276982237198304 276982241199521 0 -0.048847158 -0.63329035 -2.1736436
276982247313147 276982251875824 0 -0.06003104 -0.5901495 -2.2029376
276982257427991 276982261198325 0 -0.08293421 -0.55446315 -2.219982
276982267542887 276982272080565 0 -0.121283695 -0.5225053 -2.216786
276982277657731 276982282009212 0 -0.17294899 -0.49480844 -2.198144
276982287772575 276982292262911 0 -0.23047319 -0.46125266 -2.167251
276982297887470 276982302598641 0 -0.29172587 -0.43462107 -2.127304
276982308002314 276982312354111 0 -0.34552163 -0.41331577 -2.0830956
276982318117158 276982322442445 0 -0.38653427 -0.40532637 -2.0372891
276982328232054 276982332794686 0 -0.40677428 -0.426099 -1.9946786
276982338346897 276982343236354 0 -0.40570903 -0.48042744 -1.9488723
276982348461741 276982353074896 0 -0.38387114 -0.5352885 -1.9020007
276982358576585 276982362763856 0 -0.355109 -0.5507349 -1.8732386
276982368691481 276982373293232 0 -0.32847744 -0.5059938 -1.8625859
276982378806325 276982383364639 0 -0.31516165 -0.40958744 -1.866847
276982388921168 276982393467192 0 -0.32155317 -0.28761476 -1.8673797
276982399036064 276982403290839 0 -0.34285843 -0.15605472 -1.8284975
276982409150908 276982415326413 0 -0.37641424 -0.062311534 -1.7592554
276982419265752 276982424159226 0 -0.4089048 -0.05911575 -1.6639143
276982429380595 276982433882404 0 -0.42967743 -0.15232632 -1.549931
276982439495491 276982444552666 0 -0.42328584 -0.294539 -1.4146426
276982449610335 276982454202823 0 -0.3790774 -0.42716432 -1.2782888
276982459725179 276982465145324 0 -0.31249845 -0.49587384 -1.1717625
276982469840075 276982474497148 0 -0.2299405 -0.5006675 -1.1126404
276982479954918 276982484521941 0 -0.15217626 -0.45965487 -1.1009225
276982490069762 276982494537931 0 -0.08719518 -0.3845538 -1.1094446
276982500184658 276982504128609 0 -0.03339937 -0.30306113 -1.1073141
276982510300075 276982515032985 0 0.00814591 -0.22263375 -1.0860088
276982520415647 276982525479497 0 0.034244873 -0.15179375 -1.0513878
276982530531168 276982535289706 0 0.03903856 -0.108650565 -1.0157015
276982540646741 276982545169291 0 0.0262554 -0.109715834 -0.9943961
276982550762314 276982555411896 0 0.002819607 -0.14913058 -0.97841716
276982560877835 276982565516063 0 -0.023811977 -0.19760008 -0.9565792
276982570993408 276982575761325 0 -0.045117244 -0.23808011 -0.92302346
276982581108981 276982585779086 0 -0.057367772 -0.24393907 -0.88254344
276982591224502 276982595413306 0 -0.063226715 -0.20612222 -0.8372697
276982601340075 276982605857630 0 -0.061096184 -0.13208641 -0.7935939
276982611455647 276982616869402 0 -0.06056355 -0.045800064 -0.7579076
276982621571168 276982626459403 0 -0.05790039 0.021844162 -0.7206234
276982631686741 276982635721539 0 -0.057367757 0.05220417 -0.6769476
276982641802314 276982645746853 0 -0.05363933 0.031964153 -0.64179385
276982651917835 276982655953156 0 -0.053106695 -0.02822324 -0.618358
276982662033408 276982666684407 0 -0.052041426 -0.09799801 -0.60610753
276982672148929 276982676428106 0 -0.04405195 -0.15552226 -0.6034444
276982682264502 276982686246023 0 -0.017420355 -0.20239384 -0.603977
276982692380075 276982696237118 0 0.018798608 -0.21784016 -0.60237914
276982702495595 276982706613577 0 0.06939863 -0.19813281 -0.59492224
276982712611168 276982717373266 0 0.12479234 -0.13741279 -0.57681274
276982722726741 276982727000455 0 0.17326184 -0.04420223 -0.5581706
276982732842262 276982736769101 0 0.19509974 0.060193583 -0.54805064
276982742957835 276982746829884 0 0.18497974 0.15500204 -0.54378957
276982753073408 276982756990770 0 0.14663026 0.22371152 -0.5342022
276982763188929 276982767146604 0 0.0869755 0.23862521 -0.5091685
276982773304502 276982777422074 0 0.024124952 0.20453677 -0.46549273
276982783420075 276982787458690 0 -0.039790854 0.13050094 -0.40743583
276982793535595 276982799275410 0 -0.09571719 0.043149337 -0.3445853
276982803651168 276982808376244 0 -0.13513193 -0.016505428 -0.29292
276982813766741 276982817693016 0 -0.14898035 -0.038875967 -0.26256
276982823882262 276982828203329 0 -0.1330014 -0.042604398 -0.24711367
276982833997835 276982838134268 0 -0.09092349 -0.038343348 -0.23113471
276982844113356 276982849273071 0 -0.029138198 -0.054854937 -0.2188842
276982854228929 276982858205676 0 0.048626043 -0.09586759 -0.2087642
276982864344502 276982868422031 0 0.1215966 -0.117705494 -0.20610103
276982874460022 276982878698178 0 0.1753924 -0.092139184 -0.21089472
276982884575595 276982888619325 0 0.20468715 -0.001591784 -0.21515577
276982894691168 276982899322659 0 0.2084156 0.114521936 -0.21195996
276982904806689 276982909632712 0 0.19243664 0.19015563 -0.19811153
276982914922262 276982918967140 0 0.16314189 0.20400405 -0.16295785
276982925037835 276982929104433 0 0.13065135 0.17311141 -0.12141256
276982935153356 276982939203809 0 0.09869345 0.10813032 -0.09318308
276982945268929 276982949433341 0 0.084312394 0.039953455 -0.098509386
276982955384502 276982959173498 0 0.08111662 -0.004787617 -0.13739151
276982965500022 276982969540270 0 0.09816083 -0.02183184 -0.20343783
276982975615595 276982979640115 0 0.12106401 -0.014907632 -0.2700168
276982985731168 276982989814491 0 0.14236929 -0.0074507934 -0.32327998
276982995846689 276982999847148 0 0.14236929 0.0047997315 -0.35949895
276983005962002 276983010148243 0 0.11733559 0.02397447 -0.37121683
276983016077002 276983020117046 0 0.06726821 0.045279734 -0.35843366
276983026192054 276983030196266 0 -3.760215E-4 0.062323943 -0.33393264
276983036307054 276983040130434 0 -0.071748674 0.07404184 -0.28706104
276983046422054 276983050836268 0 -0.13140343 0.08469447 -0.20343782
276983056537054 276983060332311 0 -0.16282871 0.10014078 -0.09371568
276983066652054 276983070675958 0 -0.16229607 0.110260785 0.01813699
276983076767054 276983080614136 0 -0.13140342 0.11984815 0.09643386
276983086882054 276983091552730 0 -0.07600971 0.12464182 0.12785913
276983096997054 276983101115856 0 -0.01955074 0.12570709 0.12626123
276983107112054 276983111200649 0 0.04063665 0.10333654 0.10176018
276983117227054 276983121649765 0 0.09496509 0.047410205 0.055421226
276983127342054 276983131223151 0 0.14077143 -0.010114033 0.0016254177
276983137457106 276983141331694 0 0.16420722 -0.05592037 -0.04844197
276983147572106 276983151548830 0 0.16314197 -0.09160671 -0.08572619
276983157687106 276983162023935 0 0.12905353 -0.09959619 -0.09850934
276983167802106 276983171786332 0 0.084312476 -0.07509513 -0.09850934
276983177917106 276983183076958 0 0.027853513 -0.043669865 -0.08519355
276983188032106 276983192177793 0 -0.02540966 -0.018103544 -0.064953536
276983198147106 276983204275294 0 -0.06695493 -0.013309864 -0.025006156
276983208262106 276983212357534 0 -0.09198862 -0.021299347 0.031985447
276983218377106 276983222352223 0 -0.09624967 -0.030354094 0.086846516
276983228492106 276983233599463 0 -0.07600966 -0.033017255 0.12945706
276983238607106 276983242612433 0 -0.039790645 -0.019701565 0.14224026
276983248722106 276983252660715 0 -3.7583197E-4 -0.0010595564 0.13212028
276983258837158 276983262532800 0 0.040104188 0.017049916 0.12572873
276983268952158 276983273019103 0 0.07152946 0.04421413 0.13638136
276983279067158 276983283307072 0 0.08963895 0.06019307 0.1555561
276983289182158 276983293398480 0 0.089638956 0.08043307 0.17632875
276983299297158 276983304112700 0 0.073127374 0.10440149 0.19710138
276983309412158 276983313550096 0 0.051289476 0.1331636 0.22479825
276983319527158 276983329703119 0 0.027321052 0.15713203 0.2391793
276983329642158 276983334341088 0 0.0038852585 0.14328359 0.23491824
276983339757158 276983344489162 0 -0.008365268 0.099075146 0.22479825
276983349872158 276983354344996 0 -0.0067673675 0.046877224 0.2141456
276983359987158 276983364207028 0 0.013472645 -0.012244908 0.20455825
276983370102210 276983374561248 0 0.048093714 -0.050061774 0.18431824
276983380217210 276983384506874 0 0.07898636 -0.055388097 0.15875192
276983390332210 276983394681354 0 0.103487425 -0.031419676 0.13052243
276983400447210 276983405457970 0 0.10987902 0.02450665 0.12146771
276983410562210 276983414765575 0 0.09709585 0.08522667 0.12572876
276983420677210 276983426835212 0 0.072062165 0.117184564 0.13584878
276983430792210 276983435157817 0 0.034245312 0.11665192 0.14064246
276983440907210 276983445387401 0 -0.008365221 0.0996077 0.13744667
276983451022210 276983455411621 0 -0.04564944 0.069247685 0.12732667
276983461137210 276983467238289 0 -0.07228102 0.018647658 0.11188035
276983471252210 276983475338862 0 -0.07813997 -0.031419735 0.09803192
276983481367210 276983485884020 0 -0.060563117 -0.057518702 0.09536877
276983491482262 276983495494750 0 -0.031801 -0.05219239 0.08950982
276983501597262 276983506467251 0 0.0049506 -0.03408292 0.077259295
276983511711950 276983515727564 0 0.035843246 -0.007451338 0.060215082
276983521826637 276983525919545 0 0.053420097 0.029832877 0.048497185
276983531941377 276983535729598 0 0.062474847 0.05966025 0.050627716
276983542056116 276983545787307 0 0.05395274 0.073508665 0.054356143
276983552170804 276983555984079 0 0.037441164 0.07031287 0.05595404
276983562285543 276983567595903 0 0.009744314 0.051138118 0.05222562
276983572400231 276983576680487 0 -0.023811482 0.02983284 0.04956246
276983582514970 276983587123717 0 -0.04618201 -5.271798E-4 0.04423615
276983592629710 276983596278718 0 -0.04564938 -0.042072464 0.04104036
276983602744397 276983607463563 0 -0.023278836 -0.07243248 0.035181414
276983612859137 276983617741689 0 0.020929605 -0.064443015 0.017071938
276983622973825 276983628187003 0 0.06620331 -0.014375636 -0.011690175
276983633088564 276983636894816 0 0.100291744 0.068182275 -0.03778913
276983643203304 276983647623359 0 0.110411756 0.13955492 -0.055365976
276983653317991 276983657065964 0 0.099759124 0.16991493 -0.056431234
276983663432731 276983667864871 0 0.06300753 0.15659913 -0.035658594
276983673547418 276983677217112 0 0.012940154 0.110792786 -0.010624897
276983683662158 276983688368259 0 -0.0467146 0.046344336 0.0026909001
276983693776897 276983698019718 0 -0.09891251 -0.027158853 -0.002102783
276983703891585 276983708572063 0 -0.12128304 -0.08734625 -0.023408052
276983714006325 276983718334043 0 -0.11648935 -0.11877154 -0.053235427
276983724121012 276983728735554 0 -0.07813986 -0.11451049 -0.09584597
276983734235752 276983738804670 0 -0.014756669 -0.09586838 -0.13898912
276983744350439 276983748712744 0 0.06140968 -0.083085224 -0.18373019
276983754465179 276983758635818 0 0.13331497 -0.06550839 -0.22527549
276983764579918 276983768911287 0 0.18338236 -0.0303547 -0.26682073
276983774694606 276983779110768 0 0.20149183 0.005331622 -0.29611552
276983784809345 276983789351498 0 0.18817605 0.017582145 -0.31156182
276983794924033 276983798989103 0 0.15142447 -0.014375769 -0.30836603
276983805038772 276983809452333 0 0.106150776 -0.06817158 -0.29824603
276983815153512 276983819439365 0 0.07259497 -0.12889162 -0.29238707
276983825268200 276983829777752 0 0.06034445 -0.16084953 -0.29451758
276983835382939 276983839490461 0 0.0678013 -0.15818638 -0.31901863
276983845497627 276983849914681 0 0.09603079 -0.12942426 -0.3637597
276983855612366 276983859409005 0 0.1279887 -0.09640111 -0.4308713
276983865727106 276983870326662 0 0.15515292 -0.08841164 -0.51822287
276983875841793 276983879869424 0 0.17219713 -0.103857964 -0.60450923
276983885956533 276983890625414 0 0.17006662 -0.11238009 -0.6806756
276983896071220 276983901916613 0 0.15781608 -0.13048957 -0.7483198
276983906185960 276983910963385 0 0.13438031 -0.1762959 -0.8143661
276983916300700 276983920754584 0 0.097096086 -0.24287489 -0.8788146
276983926415387 276983930981252 0 0.051822387 -0.32063913 -0.9485893
276983936530127 276983941147190 0 0.010809747 -0.39840338 -1.0194294
276983946644814 276983951814118 0 -0.0168871 -0.4591234 -1.0812147
276983956759554 276983960779848 0 -0.025941834 -0.4846897 -1.1307495
276983966874293 276983971821985 0 -0.020082884 -0.45965606 -1.1722946
276983976988981 276983981355579 0 -0.0046365564 -0.3962729 -1.2143726
276983987103720 276983992247091 0 0.012940296 -0.3195739 -1.2479284
276983997218408 276984002163394 0 0.017733987 -0.24873391 -1.2724295
276984007333460 276984012074020 0 -3.754883E-4 -0.21784127 -1.3033221
276984017448772 276984022337042 0 -0.037127078 -0.2434076 -1.3400737
276984027564085 276984032177772 0 -0.08133551 -0.32276976 -1.3784232
276984037679397 276984042027200 0 -0.12394605 -0.44847083 -1.4178379
276984047794710 276984053108816 0 -0.15377341 -0.57310665 -1.4615138
276984057910022 276984062032098 0 -0.16442604 -0.6545993 -1.5121138
276984068025335 276984072770068 0 -0.15590394 -0.67270887 -1.573899
276984078140647 276984082218506 0 -0.1319355 -0.63648987 -1.6399454
276984088255960 276984092941893 0 -0.10264075 -0.5619215 -1.7006654
276984098371272 276984103283404 0 -0.07760706 -0.4889509 -1.7640486
276984108486585 276984113020176 0 -0.06322599 -0.43728563 -1.8258338
276984118601897 276984122847729 0 -0.06109546 -0.406393 -1.879097
276984128717210 276984133177365 0 -0.07281335 -0.39893615 -1.915316
276984138832522 276984143520023 0 -0.09518388 -0.41171932 -1.9467413
276984148947835 276984153506430 0 -0.12288073 -0.43835092 -1.9792318
276984159063147 276984162710754 0 -0.14844704 -0.46444988 -2.0191793
276984169178460 276984173926224 0 -0.1612302 -0.5043973 -2.061257
276984179293772 276984183628308 0 -0.16229546 -0.55073625 -2.116118
276984189409085 276984194982840 0 -0.14365335 -0.6055973 -2.170979
276984199524397 276984204009143 0 -0.11116281 -0.65673 -2.2167854
276984209639710 276984213581071 0 -0.06855226 -0.69880784 -2.2556677
276984219755022 276984224346125 0 -0.030735403 -0.73129845 -2.2924194
276984229870387 276984233774511 0 0.002287771 -0.7547343 -2.3318338
276984239985700 276984244531231 0 0.020929545 -0.76751685 -2.363792
276984250101012 276984254352794 0 0.028918682 -0.76272255 -2.3936195
276984260216325 276984264837899 0 0.02572289 -0.76378787 -2.4261103
276984270331637 276984274984098 0 0.015602883 -0.7802994 -2.45647
276984280446950 276984285974047 0 0.00335235 -0.8143878 -2.4910913
276984290562262 276984295613684 0 -0.006235024 -0.8585963 -2.528908
276984300677575 276984305424518 0 -0.012093976 -0.908131 -2.5704532
276984310792887 276984315937540 0 -0.010496082 -0.9363605 -2.6215858
276984320908200 276984325396030 0 -0.015822403 -0.92783844 -2.6823058
276984331023512 276984336373219 0 -0.025409777 -0.8655205 -2.734504
276984341138825 276984345861032 0 -0.046182416 -0.766451 -2.776582
276984351254137 276984355314263 0 -0.07920559 -0.6418152 -2.7835062
276984361369450 276984366072389 0 -0.13246876 -0.4798951 -2.7536788
276984371484762 276984375649108 0 -0.20597196 -0.34673715 -2.7014809
276984381600075 276984386273432 0 -0.29332358 -0.30625713 -2.6365
276984391715387 276984395898537 0 -0.3875994 -0.34833503 -2.5560725
276984401830700 276984406081247 0 -0.47495103 -0.4298277 -2.4516766
276984411946012 276984416391612 0 -0.54152995 -0.4836235 -2.3334324
276984422061325 276984426189061 0 -0.5724226 -0.4607203 -2.2077312
276984432176637 276984436657500 0 -0.57082474 -0.37123817 -2.0900197
276984442291950 276984446879532 0 -0.5468563 -0.23328653 -1.9813628
276984452407262 276984456385835 0 -0.5069089 -0.09160648 -1.8860216
276984462522627 276984466514951 0 -0.46163523 5.388139E-4 -1.8034637
276984472637939 276984476699223 0 -0.42222047 0.01918093 -1.7358195
276984482753252 276984486727817 0 -0.3875994 -0.04260435 -1.6750994
276984492868564 276984497228079 0 -0.35936993 -0.16883808 -1.619173
276984502983825 276984507129226 0 -0.3300752 -0.3472697 -1.5754973
276984513098981 276984517022716 0 -0.3034436 -0.5352887 -1.5206362
276984523214137 276984527238290 0 -0.2730836 -0.6743057 -1.4497962
276984533329345 276984538506989 0 -0.23739727 -0.7078614 -1.3608468
276984543444502 276984547541938 0 -0.20543936 -0.6460761 -1.2660382
276984553559658 276984557598970 0 -0.1793404 -0.51717925 -1.169632
276984563674814 276984567611575 0 -0.15803513 -0.35845494 -1.079617
276984573790022 276984577841472 0 -0.14951304 -0.18481699 -1.0034508
276984583905179 276984587676161 0 -0.1575025 -0.050061155 -0.95178556
276984594020335 276984598299235 0 -0.18306884 -0.004787453 -0.92249084
276984604135543 276984608211840 0 -0.21023306 -0.035680093 -0.90491396
276984614250700 276984618188455 0 -0.23420149 -0.10918327 -0.8873371
276984624365856 276984628531373 0 -0.25071308 -0.19227383 -0.8607055
276984634481012 276984638757155 0 -0.2491152 -0.26577702 -0.82555187
276984644596220 276984648916583 0 -0.22994044 -0.30785492 -0.77974546
276984654711377 276984659468095 0 -0.19318885 -0.28761488 -0.751516
276984664826533 276984670171638 0 -0.15111095 -0.2236991 -0.75524443
276984674941689 276984678829034 0 -0.11009831 -0.15392432 -0.7845392
276984685056897 276984688967108 0 -0.06908566 -0.111313775 -0.8234213
276984695172054 276984699394922 0 -0.032334074 -0.11237903 -0.8639013
276984705287210 276984709364923 0 6.8909535E-4 -0.13847798 -0.9006529
276984715402366 276984720428101 0 0.03051647 -0.16937062 -0.9203603
276984725517575 276984729697112 0 0.056615427 -0.19813272 -0.91130555
276984735632731 276984739664822 0 0.07525753 -0.19493693 -0.86762977
276984745747887 276984749844458 0 0.08963859 -0.15978324 -0.7914634
276984755863043 276984759917636 0 0.0965628 -0.09267163 -0.6945244
276984765978252 276984770698523 0 0.09549754 0.0047999863 -0.5965202
276984776093408 276984780096128 0 0.08058384 0.11558739 -0.5017117
276984786208564 276984791470921 0 0.05608278 0.20453689 -0.42341483
276984796323772 276984800355661 0 0.025190135 0.23223376 -0.36376008
276984806438929 276984810517693 0 -0.0073004044 0.21412429 -0.3206169
276984816554085 276984820697382 0 -0.033399362 0.1608611 -0.2796043
276984826669241 276984830734518 0 -0.047780424 0.07883582 -0.24018952
276984836784450 276984841019571 0 -0.045649897 -0.011711573 -0.20397058
276984846899606 276984850891031 0 -0.026475158 -0.07829054 -0.18160003
276984857014762 276984860927542 0 0.011874327 -0.12196634 -0.1709474
276984867129918 276984871922856 0 0.06353961 -0.14060846 -0.17520845
276984877245127 276984881512596 0 0.11200909 -0.15392423 -0.1959811
276984887360283 276984891363222 0 0.15888068 -0.18854529 -0.22208005
276984897475439 276984901354577 0 0.20415439 -0.21943794 -0.23859164
276984907590595 276984911669005 0 0.24889544 -0.22796005 -0.23592848
276984917705804 276984922443173 0 0.28617966 -0.18428424 -0.23166744
276984927820960 276984932107758 0 0.3048218 -0.092671566 -0.22793902
276984937936116 276984942034113 0 0.30322388 0.015985318 -0.23006955
276984948051272 276984952195207 0 0.27446178 0.11398956 -0.23006955
276984958166481 276984962936459 0 0.22599228 0.17843801 -0.23273271
276984968281637 276984972302137 0 0.15675014 0.1949496 -0.23539586
276984978396793 276984982328179 0 0.09389959 0.17950328 -0.23486322
276984988511950 276984992607868 0 0.04276694 0.14754538 -0.23752639
276984998627158 276985005791775 0 0.014537454 0.10759801 -0.2428527
276985008742366 276985013766151 0 0.011874294 0.063922204 -0.24232008
276985018857627 276985023215527 0 0.033712193 0.036225356 -0.22953692
276985028972939 276985033446153 0 0.07685537 0.03089904 -0.20503587
276985039088200 276985043969748 0 0.1343796 0.04794326 -0.17946954
276985049203460 276985054568134 0 0.18444696 0.102271706 -0.15603375
276985059318772 276985063772875 0 0.21480697 0.16672015 -0.13313058
276985069434033 276985073905011 0 0.22599225 0.20666754 -0.107564256
276985079549293 276985083760273 0 0.22759014 0.19654754 -0.08679162
276985089664606 276985094091263 0 0.22013329 0.14275172 -0.076671615
276985099779866 276985104994546 0 0.2052196 0.08309698 -0.08572636
276985109895127 276985114418036 0 0.18231644 0.035160128 -0.10436848
276985120010439 276985124483714 0 0.15621746 0.010659069 -0.11395584
276985130125700 276985134531059 0 0.13118377 -0.01703778 -0.11768427
276985140240960 276985144969758 0 0.11680272 -0.05485463 -0.110760055
276985150356272 276985155155644 0 0.11467219 -0.06710516 -0.10543375
276985160471533 276985164609708 0 0.12852062 -0.047397777 -0.10383585
276985170586793 276985175261688 0 0.1567501 -0.011711445 -0.108096905
276985180702106 276985184962626 0 0.17858799 0.027170679 -0.105966374
276985190817366 276985195411117 0 0.1972301 0.05646543 -0.10117269
276985200932679 276985205715181 0 0.208948 0.09907597 -0.09584637
276985211047939 276985215810755 0 0.21001327 0.1566002 -0.094781116
276985221163200 276985225308308 0 0.20308906 0.19921075 -0.1011727
276985231278512 276985235029767 0 0.1972301 0.20134129 -0.117151655
276985241393772 276985245164507 0 0.20095687 0.15766826 -0.132599
276985251509033 276985256102061 0 0.21427098 0.09641845 -0.14431794
276985261624345 276985265632218 0 0.2552836 0.02131743 -0.1464485
276985271739606 276985275646750 0 0.33997202 -0.025021471 -0.14058957
276985281854866 276985285912428 0 0.49123943 -0.062838264 -0.10383798
276985291970179 276985296711127 0 0.71068364 -0.03354346 -0.038324304
276985302085439 276985306554566 0 0.9668795 0.10334296 0.01813464
276985312200700 276985315905400 0 1.2230754 0.27005675 0.037309363
276985322316012 276985326826651 0 1.4537048 0.36113685 0.013873542
276985332431272 276985336884881 0 1.640126 0.3760506 -0.019149648
276985342546533 276985346762382 0 1.7567723 0.36060435 -0.050574943
276985352661845 276985356362644 0 1.7924585 0.2966886 -0.06389076
276985362777106 276985367092280 0 1.6955194 0.037296988 -0.040454984
276985372892418 276985377815250 0 1.4782057 -0.21889883 0.04263555
276985383007679 276985388697907 0 1.2406518 -0.2380735 0.1630103
276985393122939 276985396855512 0 1.0281317 -0.22795345 0.23598084
276985403238252 276985408143170 0 0.887517 -0.25618288 0.14969447
276985413353512 276985417571400 0 0.8864517 -0.08574065 0.091104954
276985423468772 276985428157026 0 0.9509001 0.2311753 0.043168068
276985433584085 276985439293850 0 0.99084747 0.50015444 -0.03459619
276985443699345 276985448253955 0 0.97540104 0.6114745 -0.17574364
276985453814606 276985457732549 0 0.9013653 0.57738614 -0.31795633
276985463929918 276985468360415 0 0.7911104 0.5528852 -0.4090364
276985474045179 276985478412447 0 0.684584 0.61253995 -0.45164695
276985484160439 276985489149115 0 0.6084177 0.70681584 -0.40903643
276985494275752 276985498818439 0 0.56474185 0.6833801 -0.28386799
276985504390908 276985509105628 0 0.50561965 0.54436326 -0.15656902
276985514505647 276985518436253 0 0.39216906 0.2759169 -0.058564793
276985524620439 276985529188234 0 0.19403002 -0.0053125974 -0.0021058517
276985534735231 276985539464485 0 -0.05364379 -0.1672326 -0.015954299
276985544850022 276985549257767 0 -0.3487218 -0.29772732 -0.038324855
276985554964814 276985558976778 0 -0.666703 -0.39839464 -0.074543834
276985565079554 276985569449071 0 -0.95805264 -0.41117775 -0.13206808
276985575194345 276985579735843 0 -1.1966717 -0.35631663 -0.20290813
276985585309137 276985590345896 0 -1.3410149 -0.2764218 -0.24338818
276985595423929 276985599441105 0 -1.3788319 -0.1970596 -0.2417903
276985605538720 276985610190481 0 -1.3191772 -0.15551427 -0.20184293
276985615653512 276985620137409 0 -1.1663119 -0.18161318 -0.1219482
276985625768252 276985630250483 0 -0.9378128 -0.22901735 -0.025541872
276985635883043 276985639781891 0 -0.65551805 -0.28281307 0.06447288
276985645997835 276985650482412 0 -0.34659165 -0.36750147 0.13105182
276985656112627 276985660089705 0 0.006010536 -0.3153035 0.13424759
276985666227418 276985670567310 0 0.63185287 0.23916623 -0.018617742
276985676342470 276985680370592 0 0.94930136 0.15128204 -0.07241358
276985686458252 276985690895541 0 1.0616866 0.18110947 -0.06975044
276985696573981 276985701079970 0 0.95356226 0.18110953 0.0026874598
276985706689710 276985711379658 0 0.62439585 0.0032105912 0.14649801
276985716805491 276985720704503 0 0.22066092 -0.03087778 0.27379698
276985726921220 276985731782368 0 -0.15431187 0.023983348 0.32546225
276985737037002 276985741617057 0 -0.46909726 -0.035671346 0.3046896
276985747152731 276985751852423 0 -0.7380763 -0.20291767 0.24130636
276985757268512 276985761375132 0 -0.96391225 -0.30518287 0.16460738
276985767384241 276985773004716 0 -1.1290281 -0.26310492 0.077255756
276985777500022 276985782545811 0 -1.2057271 -0.174688 -0.01329167
276985787615752 276985791850552 0 -1.1609862 -0.06549843 -0.069218025
276985797731481 276985801973678 0 -1.0113167 0.03570167 -0.07134858
276985807847262 276985814080189 0 -0.7812197 0.098019645 -0.05004333
276985817962991 276985823577586 0 -0.49200076 0.09269339 -0.0031717536
276985828078772 276985832876129 0 -0.18627012 0.06872502 0.058080878
276985838194502 276985842816546 0 0.086969934 0.035169277 0.12519246
276985848310283 276985853031287 0 0.29096788 -0.032474898 0.18484719
276985858426012 276985862512902 0 0.39376575 -0.12621802 0.21520719
276985868541793 276985873108789 0 0.4033531 -0.19119903 0.2109461
276985878657522 276985882931342 0 0.33091515 -0.21250425 0.16620502
276985888773252 276985893315457 0 0.19775717 -0.19439471 0.10175655
276985898889033 276985903910875 0 0.036369704 -0.11343463 0.03890598
276985909004762 276985913514887 0 -0.12341986 -5.166326E-4 -0.020748802
276985919120543 276985923638794 0 -0.2459252 0.1113361 -0.058033045
276985929236272 276985934499212 0 -0.31463474 0.17312145 -0.06122886
276985939352054 276985943938015 0 -0.32049373 0.1731215 -0.035662554
276985949467783 276985953944838 0 -0.26190427 0.116129965 0.0042848038
276985959583564 276985963755152 0 -0.16176952 0.01865841 0.038373217
276985969699293 276985974076403 0 -0.060569525 -0.091596305 0.06607004
276985979815022 276985984402342 0 0.016129412 -0.15071836 0.08844055
276985989930804 276985994408020 0 0.052348338 -0.18267623 0.1012237
276986000046533 276986003699687 0 0.03104303 -0.2018509 0.08204894
276986010161272 276986014791511 0 -0.042992823 -0.19439399 0.031448893
276986020275804 276986025200939 0 -0.142595 -0.13580444 -0.029271152
276986030390335 276986035297242 0 -0.23527296 -0.006374862 -0.060163815
