name=LIS2MDL Magnetometer vendor=STMicro current_time_ms=1561441268509
measured_at recorded_at accuracy value_x value_y value_z
276975879853408 0 0 -66.5788 -75.91173 -123.337875
276975889909033 0 0 -66.73134 -76.081795 -123.62172
276975899966741 0 0 -66.87709 -76.24773 -123.88231
276975910022991 0 0 -67.033104 -76.410736 -124.13369
276975920080335 0 0 -67.18907 -76.57835 -124.367386
276975930138668 0 0 -67.338264 -76.730225 -124.596375
276975940197991 0 0 -67.48376 -76.88721 -124.82174
276975950254241 0 0 -67.621346 -77.03213 -125.02762
276975960309033 0 0 -67.757576 -77.15772 -125.2243
276975970364970 0 0 -67.89049 -77.2768 -125.41996
276975980421637 0 0 -68.013885 -77.38521 -125.61611
276975990476689 0 0 -68.135376 -77.495514 -125.80849
276976000530543 0 0 -68.251785 -77.6125 -126.02345
276976010586377 0 0 -68.36089 -77.71956 -126.256714
276976020642314 0 0 -68.46983 -77.81196 -126.474205
276976030699241 0 0 -68.577896 -77.89837 -126.683464
276976040755856 0 0 -68.68377 -77.983246 -126.894745
276976050813147 0 0 -68.78871 -78.07432 -127.09283
276976060872210 0 0 -68.8971 -78.17612 -127.28955
276976070929970 0 0 -69.00837 -78.27194 -127.48041
276976080987106 0 0 -69.11068 -78.34498 -127.6613
276976091042054 0 0 -69.20832 -78.42429 -127.83067
276976101095752 0 0 -69.29808 -78.52642 -128.00374
276976111150595 0 0 -69.38981 -78.627045 -128.18471
276976121208929 0 0 -69.48679 -78.709984 -128.37097
276976131264450 0 0 -69.57189 -78.77457 -128.5549
276976141321429 0 0 -69.65851 -78.83315 -128.71199
276976151378981 0 0 -69.75648 -78.90336 -128.86627
276976161434189 0 0 -69.854195 -78.985176 -129.03986
276976171488564 0 0 -69.94309 -79.05726 -129.22058
276976181541689 0 0 -70.030205 -79.127464 -129.38516
276976191595595 0 0 -70.12125 -79.19594 -129.52916
276976201650700 0 0 -70.198555 -79.25867 -129.67657
276976211706168 0 0 -70.26547 -79.32351 -129.81155
276976221763043 0 0 -70.3299 -79.37801 -129.91847
276976231821012 0 0 -70.38796 -79.43545 -130.02826
276976241877731 0 0 -70.45026 -79.51672 -130.14581
276976251935491 0 0 -70.510155 -79.58743 -130.23877
276976261991689 0 0 -70.56646 -79.64102 -130.35089
276976272048356 0 0 -70.62551 -79.68193 -130.47409
276976282104554 0 0 -70.68279 -79.717804 -130.59149
276976292162262 0 0 -70.74328 -79.75761 -130.71811
276976302219085 0 0 -70.80574 -79.79232 -130.83148
276976312275960 0 0 -70.86752 -79.83085 -130.95526
276976322333616 0 0 -70.92665 -79.8847 -131.07224
276976332389502 0 0 -70.98268 -79.9377 -131.19676
276976342445856 0 0 -71.041336 -79.99059 -131.34264
276976352502783 0 0 -71.096954 -80.041534 -131.46117
276976362560179 0 0 -71.149086 -80.07545 -131.58902
276976372617158 0 0 -71.207115 -80.10535 -131.72745
276976382671064 0 0 -71.25948 -80.14244 -131.85889
276976392727418 0 0 -71.30584 -80.17088 -132.00093
276976402783877 0 0 -71.35492 -80.21113 -132.14015
276976412841168 0 0 -71.406075 -80.25905 -132.28267
276976422897314 0 0 -71.45753 -80.301125 -132.39658
276976432952627 0 0 -71.50853 -80.34635 -132.50525
276976443010335 0 0 -71.564865 -80.38355 -132.6341
276976453068200 0 0 -71.62008 -80.4198 -132.7541
276976463124606 0 0 -71.67285 -80.45988 -132.88805
276976473179241 0 0 -71.72692 -80.51534 -133.01382
276976483234241 0 0 -71.77051 -80.56814 -133.10245
276976493291793 0 0 -71.80887 -80.61545 -133.18399
276976503347262 0 0 -71.84835 -80.66144 -133.25082
276976513401793 0 0 -71.887634 -80.71019 -133.30403
276976523457158 0 0 -71.924934 -80.75048 -133.37762
276976533511637 0 0 -71.95593 -80.777626 -133.45338
276976543567262 0 0 -71.99008 -80.80446 -133.52962
276976553621533 0 0 -72.0292 -80.83125 -133.61198
276976563675387 0 0 -72.06186 -80.857315 -133.69438
276976573730387 0 0 -72.09375 -80.8951 -133.77629
276976583786897 0 0 -72.12407 -80.964165 -133.84111
276976593844189 0 0 -72.158844 -81.02824 -133.91211
276976603898877 0 0 -72.19504 -81.06667 -133.9819
276976613953877 0 0 -72.22237 -81.10009 -134.05547
276976624009033 0 0 -72.25291 -81.13327 -134.13579
276976634062522 0 0 -72.28097 -81.16489 -134.19008
276976644119293 0 0 -72.31227 -81.19548 -134.22656
276976654179345 0 0 -72.35108 -81.23035 -134.2759
276976664238460 0 0 -72.38578 -81.28126 -134.34232
276976674294970 0 0 -72.41718 -81.3388 -134.39642
276976684350908 0 0 -72.43851 -81.39497 -134.45537
276976694407366 0 0 -72.4632 -81.44962 -134.4964
276976704466272 0 0 -72.49247 -81.49959 -134.5441
276976714522991 0 0 -72.51416 -81.5529 -134.60887
276976724583095 0 0 -72.537315 -81.60502 -134.66556
276976734640752 0 0 -72.55576 -81.63939 -134.71461
276976744700283 0 0 -72.575714 -81.67365 -134.77774
276976754759345 0 0 -72.60315 -81.7365 -134.85236
276976764816637 0 0 -72.63441 -81.802 -134.91516
276976774873668 0 0 -72.663864 -81.85766 -134.96695
276976784929866 0 0 -72.6834 -81.89983 -135.02557
276976794985335 0 0 -72.699936 -81.94965 -135.09703
276976805039554 0 0 -72.711784 -81.99382 -135.15549
276976815092470 0 0 -72.724236 -82.0165 -135.2044
276976825146325 0 0 -72.75389 -82.05564 -135.24864
276976835201064 0 0 -72.773384 -82.10603 -135.29907
276976845255856 0 0 -72.78706 -82.13084 -135.35098
276976855313825 0 0 -72.80684 -82.147606 -135.41171
276976865372002 0 0 -72.82419 -82.17664 -135.48543
276976875430752 0 0 -72.84615 -82.21312 -135.54756
276976885489710 0 0 -72.87337 -82.24843 -135.58803
276976895547262 0 0 -72.90321 -82.27925 -135.6326
276976905603929 0 0 -72.92007 -82.28872 -135.68121
276976915658356 0 0 -72.93396 -82.306595 -135.74596
276976925714241 0 0 -72.95004 -82.32849 -135.81529
276976935773512 0 0 -72.961334 -82.357666 -135.87598
276976945828095 0 0 -72.97735 -82.39446 -135.93156
276976955882939 0 0 -73.00177 -82.43898 -135.98418
276976965938564 0 0 -73.02452 -82.4745 -136.03847
276976975993720 0 0 -73.04766 -82.4885 -136.07706
276976986050022 0 0 -73.063965 -82.51008 -136.1144
276976996105960 0 0 -73.07533 -82.55148 -136.15422
276977006161845 0 0 -73.09154 -82.58835 -136.1976
276977016218147 0 0 -73.10127 -82.60845 -136.25606
276977026272991 0 0 -73.11285 -82.61513 -136.28664
276977036329085 0 0 -73.12987 -82.621346 -136.29932
276977046386325 0 0 -73.14568 -82.64898 -136.34819
276977056442783 0 0 -73.163055 -82.67643 -136.40488
276977066499137 0 0 -73.181366 -82.69949 -136.46591
276977076555231 0 0 -73.191765 -82.72173 -136.52484
276977086609918 0 0 -73.19572 -82.73861 -136.56534
276977096663460 0 0 -73.19899 -82.75146 -136.61731
276977106717731 0 0 -73.202194 -82.76415 -136.67136
276977116773460 0 0 -73.20958 -82.79286 -136.7183
276977126828147 0 0 -73.21695 -82.80854 -136.75691
276977136882522 0 0 -73.22184 -82.806755 -136.77211
276977146935908 0 0 -73.23452 -82.83396 -136.79039
276977156991116 0 0 -73.246346 -82.85693 -136.82059
276977167047835 0 0 -73.24485 -82.866554 -136.84671
276977177102522 0 0 -73.23763 -82.887 -136.84395
276977187158564 0 0 -73.227974 -82.91481 -136.83339
276977197216741 0 0 -73.21802 -82.92622 -136.8373
276977207273252 0 0 -73.2059 -82.9213 -136.8497
276977217330387 0 0 -73.190605 -82.944756 -136.85924
276977227386741 0 0 -73.18174 -82.98448 -136.8745
276977237443616 0 0 -73.1752 -82.99835 -136.86784
276977247503460 0 0 -73.16631 -83.00788 -136.8648
276977257561637 0 0 -73.16501 -83.030655 -136.88884
276977267618200 0 0 -73.16809 -83.0574 -136.91771
276977277673772 0 0 -73.162384 -83.07494 -136.9416
276977287730908 0 0 -73.15869 -83.09178 -136.95197
276977297786325 0 0 -73.16131 -83.11309 -136.97624
276977307841950 0 0 -73.15514 -83.12572 -137.00812
276977317896116 0 0 -73.147804 -83.14213 -137.04012
276977327955960 0 0 -73.135544 -83.16172 -137.06088
276977338012783 0 0 -73.11858 -83.17237 -137.07571
276977348067887 0 0 -73.102554 -83.18701 -137.09355
276977358123147 0 0 -73.086136 -83.209404 -137.10887
276977368179397 0 0 -73.06684 -83.23585 -137.14082
276977378236897 0 0 -73.05042 -83.26572 -137.16553
276977388293147 0 0 -73.03305 -83.29861 -137.17801
276977398349658 0 0 -73.00918 -83.32265 -137.19777
276977408405491 0 0 -72.98779 -83.33412 -137.21852
276977418458929 0 0 -72.97368 -83.35376 -137.23756
276977428513043 0 0 -72.951706 -83.36875 -137.2614
276977438569658 0 0 -72.91755 -83.3869 -137.28265
276977448626950 0 0 -72.88832 -83.42127 -137.30684
276977458681845 0 0 -72.85969 -83.45484 -137.32741
276977468738564 0 0 -72.82289 -83.47928 -137.34941
276977478796845 0 0 -72.78681 -83.503746 -137.38658
276977488855127 0 0 -72.74568 -83.539474 -137.41649
276977498910595 0 0 -72.69974 -83.573975 -137.43811
276977508966116 0 0 -72.65731 -83.59991 -137.46402
276977519022522 0 0 -72.61809 -83.641846 -137.49332
276977529076793 0 0 -72.5727 -83.686676 -137.52135
276977539129658 0 0 -72.519646 -83.70938 -137.5339
276977549185127 0 0 -72.463745 -83.74376 -137.5485
276977559241533 0 0 -72.41071 -83.79018 -137.57587
276977569298095 0 0 -72.35251 -83.831055 -137.59482
276977579355283 0 0 -72.28734 -83.86645 -137.60608
276977589410804 0 0 -72.21595 -83.90056 -137.61
276977599464658 0 0 -72.150246 -83.950554 -137.61719
276977609515387 0 0 -72.08269 -84.003716 -137.63179
276977619569814 0 0 -72.00266 -84.051285 -137.64984
276977629620960 0 0 -71.92427 -84.097984 -137.67064
276977639676845 0 0 -71.8393 -84.13869 -137.67123
276977649731637 0 0 -71.74791 -84.17421 -137.67387
276977659789189 0 0 -71.65456 -84.2089 -137.67758
276977669845179 0 0 -71.55872 -84.23887 -137.68839
276977679902575 0 0 -71.45973 -84.27205 -137.69772
276977689958512 0 0 -71.364525 -84.31645 -137.69499
276977700016220 0 0 -71.26166 -84.371704 -137.69003
276977710073356 0 0 -71.14764 -84.42581 -137.7016
276977720129293 0 0 -71.026 -84.46257 -137.72687
276977730187054 0 0 -70.898674 -84.49341 -137.72871
276977740243616 0 0 -70.76945 -84.53123 -137.72012
276977750301897 0 0 -70.63464 -84.564354 -137.72624
276977760360595 0 0 -70.49935 -84.6009 -137.73668
276977770417470 0 0 -70.36115 -84.63631 -137.74236
276977780475595 0 0 -70.22194 -84.67078 -137.74591
276977790533616 0 0 -70.08175 -84.70443 -137.75052
276977800590908 0 0 -69.94179 -84.74559 -137.75967
276977810651741 0 0 -69.79692 -84.797935 -137.77206
276977820709710 0 0 -69.646866 -84.84486 -137.78625
276977830766064 0 0 -69.4923 -84.890366 -137.79616
276977840823825 0 0 -69.332695 -84.9303 -137.79855
276977850882575 0 0 -69.16625 -84.96512 -137.80663
276977860939554 0 0 -68.994446 -84.99108 -137.82576
276977870997887 0 0 -68.81109 -85.00356 -137.8416
276977881054397 0 0 -68.62402 -85.003395 -137.86133
276977891113929 0 0 -68.43182 -85.0065 -137.86807
276977901170075 0 0 -68.22893 -85.025085 -137.87117
276977911225856 0 0 -68.024574 -85.03106 -137.88097
276977921282418 0 0 -67.82619 -85.03729 -137.89937
276977931338825 0 0 -67.622345 -85.0435 -137.9327
276977941396585 0 0 -67.411385 -85.03644 -137.95197
276977951455387 0 0 -67.19579 -85.0331 -137.96762
276977961511168 0 0 -66.976456 -85.02578 -137.99437
276977971567314 0 0 -66.75599 -85.00575 -138.00862
276977981623356 0 0 -66.53052 -84.98582 -138.0254
276977991681116 0 0 -66.297615 -84.962105 -138.05438
276978001737470 0 0 -66.06755 -84.9385 -138.07397
276978011791897 0 0 -65.83533 -84.90677 -138.08823
276978021847627 0 0 -65.59535 -84.85515 -138.11337
276978031904866 0 0 -65.353195 -84.80852 -138.14359
276978041959293 0 0 -65.108444 -84.76217 -138.16295
276978052014502 0 0 -64.86246 -84.70042 -138.18849
276978062068043 0 0 -64.61391 -84.63966 -138.21576
276978072122366 0 0 -64.3641 -84.57532 -138.22836
276978082178408 0 0 -64.10311 -84.491295 -138.24367
276978092235595 0 0 -63.828594 -84.39576 -138.25377
276978102291689 0 0 -63.545933 -84.285675 -138.2756
276978112345804 0 0 -63.27524 -84.18274 -138.31422
276978122400439 0 0 -63.012344 -84.098076 -138.34663
276978132455231 0 0 -62.74293 -83.99849 -138.38353
276978142511845 0 0 -62.472755 -83.884445 -138.42314
276978152568772 0 0 -62.21365 -83.7734 -138.47588
276978162626220 0 0 -61.96033 -83.668686 -138.52774
276978172682575 0 0 -61.71154 -83.562195 -138.58461
276978182738095 0 0 -61.466 -83.44575 -138.64598
276978192794450 0 0 -61.206173 -83.30178 -138.69049
276978202851377 0 0 -60.95098 -83.15618 -138.72144
276978212907366 0 0 -60.703403 -83.01831 -138.77011
276978222963825 0 0 -60.460186 -82.87962 -138.83322
276978233020387 0 0 -60.220562 -82.74766 -138.8927
276978243078668 0 0 -59.978752 -82.622185 -138.95345
276978253135804 0 0 -59.743713 -82.49962 -139.02176
276978263190387 0 0 -59.516068 -82.37126 -139.08092
276978273247210 0 0 -59.286686 -82.24137 -139.14664
276978283305127 0 0 -59.053173 -82.10531 -139.20352
276978293361793 0 0 -58.821926 -81.96731 -139.24402
276978303421897 0 0 -58.595245 -81.83235 -139.29308
276978313480595 0 0 -58.373276 -81.687874 -139.33998
276978323540283 0 0 -58.15576 -81.54598 -139.37659
276978333595960 0 0 -57.940792 -81.40777 -139.43797
276978343652783 0 0 -57.72883 -81.27625 -139.49576
276978353711429 0 0 -57.517452 -81.13446 -139.53676
276978363766741 0 0 -57.31474 -81.00042 -139.59471
276978373819293 0 0 -57.118633 -80.873276 -139.65112
276978383872679 0 0 -56.9235 -80.72848 -139.71478
276978393926793 0 0 -56.72791 -80.58245 -139.7812
276978403981689 0 0 -56.53495 -80.44308 -139.83769
276978414038772 0 0 -56.348446 -80.297874 -139.87593
276978424094293 0 0 -56.165607 -80.167656 -139.90831
276978434146950 0 0 -55.99463 -80.044556 -139.9411
276978444203564 0 0 -55.82195 -79.927795 -139.97513
276978454258043 0 0 -55.640133 -79.81759 -140.0282
276978464313772 0 0 -55.461353 -79.705795 -140.08937
276978474369137 0 0 -55.283127 -79.58746 -140.13388
276978484424606 0 0 -55.116615 -79.476074 -140.18169
276978494480595 0 0 -54.954147 -79.35898 -140.23381
276978504537522 0 0 -54.793175 -79.231705 -140.27806
276978514594397 0 0 -54.637814 -79.122894 -140.30661
276978524652939 0 0 -54.47989 -79.01596 -140.33315
276978534709606 0 0 -54.322083 -78.90355 -140.37804
276978544765335 0 0 -54.16937 -78.79306 -140.40898
276978554817679 0 0 -54.01977 -78.68493 -140.44241
276978564870439 0 0 -53.87753 -78.58351 -140.4836
276978574927783 0 0 -53.72924 -78.487564 -140.51762
276978584984762 0 0 -53.575794 -78.3893 -140.55614
276978595039762 0 0 -53.431137 -78.29301 -140.58594
276978605092158 0 0 -53.292023 -78.1906 -140.61362
276978615144450 0 0 -53.153824 -78.08998 -140.63506
276978625198877 0 0 -53.01886 -78.007195 -140.64182
276978635256012 0 0 -52.890213 -77.93895 -140.6641
276978645315179 0 0 -52.763527 -77.86827 -140.69508
276978655371012 0 0 -52.638832 -77.79524 -140.7346
276978665425231 0 0 -52.519142 -77.72786 -140.77296
276978675481012 0 0 -52.403744 -77.66137 -140.79439
276978685534918 0 0 -52.291405 -77.587975 -140.81131
276978695587731 0 0 -52.18063 -77.52411 -140.82573
276978705641481 0 0 -52.063347 -77.45296 -140.83858
276978715696533 0 0 -51.948524 -77.37108 -140.85313
276978725755179 0 0 -51.843994 -77.30733 -140.86339
276978735814502 0 0 -51.740387 -77.23654 -140.86992
276978745871272 0 0 -51.63323 -77.1669 -140.8749
276978755927054 0 0 -51.527523 -77.10692 -140.88383
276978765985491 0 0 -51.423325 -77.04413 -140.89552
276978776042991 0 0 -51.321228 -76.98271 -140.9101
276978786099397 0 0 -51.226147 -76.93087 -140.92365
276978796153825 0 0 -51.128056 -76.87144 -140.92828
276978806209502 0 0 -51.027683 -76.79671 -140.9326
276978816265960 0 0 -50.932976 -76.735855 -140.93687
276978826322210 0 0 -50.838173 -76.6881 -140.93341
276978836380491 0 0 -50.746094 -76.6209 -140.9279
276978846437887 0 0 -50.65456 -76.55952 -140.93575
276978856494397 0 0 -50.554726 -76.5072 -140.9472
276978866552366 0 0 -50.455112 -76.44372 -140.96097
276978876609918 0 0 -50.35575 -76.36889 -140.9645
276978886667835 0 0 -50.260277 -76.295525 -140.96426
276978896725647 0 0 -50.17286 -76.240074 -140.96059
276978906782418 0 0 -50.08272 -76.19387 -140.96219
276978916842262 0 0 -49.998844 -76.140976 -140.97415
276978926901845 0 0 -49.91795 -76.085205 -140.98824
276978936958877 0 0 -49.83304 -76.03049 -141.00685
276978947018408 0 0 -49.747223 -75.984634 -141.01724
276978957077210 0 0 -49.660664 -75.93554 -141.02779
276978967133929 0 0 -49.57598 -75.87529 -141.04008
276978977190491 0 0 -49.49666 -75.82863 -141.05217
276978987250700 0 0 -49.42197 -75.79106 -141.06073
276978997309970 0 0 -49.34963 -75.73386 -141.067
276979007368825 0 0 -49.272484 -75.673615 -141.07776
276979017425022 0 0 -49.18746 -75.61459 -141.10046
276979027480335 0 0 -49.10085 -75.57299 -141.1252
276979037537366 0 0 -49.02176 -75.519844 -141.13722
276979047594345 0 0 -48.944504 -75.44327 -141.1467
276979057653304 0 0 -48.87115 -75.38443 -141.15053
276979067712262 0 0 -48.804234 -75.33501 -141.15044
276979077771220 0 0 -48.73794 -75.29494 -141.15755
276979087828616 0 0 -48.673573 -75.26009 -141.17407
276979097886168 0 0 -48.61108 -75.23026 -141.19672
276979107943304 0 0 -48.542908 -75.20416 -141.1995
276979117999137 0 0 -48.470573 -75.166145 -141.20274
276979128056272 0 0 -48.402866 -75.125015 -141.20773
276979138116585 0 0 -48.340996 -75.07658 -141.20741
276979148175127 0 0 -48.27908 -75.03316 -141.20786
276979158231325 0 0 -48.215816 -74.99892 -141.21605
276979168288408 0 0 -48.152977 -74.98607 -141.23557
276979178344554 0 0 -48.093903 -74.97713 -141.23872
276979188400960 0 0 -48.038147 -74.94393 -141.23894
276979198456325 0 0 -47.986706 -74.907425 -141.23782
276979208515439 0 0 -47.9357 -74.867226 -141.22717
276979218574189 0 0 -47.886177 -74.84461 -141.23058
276979228632054 0 0 -47.83269 -74.81432 -141.24088
276979238693929 0 0 -47.76894 -74.78384 -141.24187
276979248754241 0 0 -47.709682 -74.74968 -141.23215
276979258814293 0 0 -47.654213 -74.70823 -141.22421
276979268872522 0 0 -47.602802 -74.68845 -141.2268
276979278931637 0 0 -47.557495 -74.66526 -141.23058
276979288989866 0 0 -47.507565 -74.63 -141.23167
276979299046429 0 0 -47.44544 -74.594795 -141.23045
276979309103200 0 0 -47.38962 -74.5568 -141.23985
276979319162314 0 0 -47.341156 -74.52428 -141.26007
276979329219970 0 0 -47.283066 -74.48347 -141.2698
276979339275960 0 0 -47.234306 -74.447426 -141.2648
276979349331533 0 0 -47.188885 -74.42853 -141.2607
276979359388825 0 0 -47.14189 -74.40584 -141.25703
276979369446064 0 0 -47.09324 -74.3919 -141.26122
276979379502835 0 0 -47.04935 -74.37816 -141.25793
276979389561950 0 0 -47.007042 -74.35664 -141.2569
276979399621012 0 0 -46.957554 -74.31927 -141.26613
276979409680908 0 0 -46.91403 -74.29056 -141.26196
276979419741064 0 0 -46.87444 -74.270805 -141.26083
276979429798356 0 0 -46.830116 -74.23901 -141.26025
276979439855127 0 0 -46.786686 -74.20786 -141.25969
276979449913616 0 0 -46.746006 -74.177505 -141.2617
276979459972731 0 0 -46.707912 -74.159966 -141.26114
276979470031064 0 0 -46.665047 -74.13023 -141.258
276979480089502 0 0 -46.622463 -74.09679 -141.24847
276979490145491 0 0 -46.583813 -74.072296 -141.23898
276979500199918 0 0 -46.54581 -74.06086 -141.2402
276979510256377 0 0 -46.51294 -74.05367 -141.23424
276979520311897 0 0 -46.47637 -74.04219 -141.22307
276979530368460 0 0 -46.433098 -74.01875 -141.22258
276979540427627 0 0 -46.39068 -73.99588 -141.22522
276979550486064 0 0 -46.34865 -73.95701 -141.22333
276979560543200 0 0 -46.310207 -73.89828 -141.20944
276979570602418 0 0 -46.279247 -73.86147 -141.19882
276979580659866 0 0 -46.248913 -73.82552 -141.19153
276979590716950 0 0 -46.221085 -73.79015 -141.17758
276979600775491 0 0 -46.18933 -73.7633 -141.15976
276979610832991 0 0 -46.148308 -73.72042 -141.14687
276979620890387 0 0 -46.109985 -73.67878 -141.14304
276979630949814 0 0 -46.079845 -73.650894 -141.15068
276979641008043 0 0 -46.044067 -73.61917 -141.15654
276979651067054 0 0 -46.00406 -73.57944 -141.15364
276979661122939 0 0 -45.969692 -73.5613 -141.15747
276979671179450 0 0 -45.937428 -73.52756 -141.16867
276979681232939 0 0 -45.90346 -73.47819 -141.18198
276979691288929 0 0 -45.873238 -73.43807 -141.19484
276979701344866 0 0 -45.84361 -73.39907 -141.21681
276979711401585 0 0 -45.814 -73.35633 -141.22566
276979721457575 0 0 -45.785706 -73.30611 -141.22713
276979731512418 0 0 -45.758686 -73.24906 -141.23697
276979741566845 0 0 -45.741516 -73.20604 -141.25432
276979751624866 0 0 -45.72091 -73.16374 -141.27246
276979761682627 0 0 -45.691406 -73.10942 -141.28252
276979771739606 0 0 -45.667458 -73.06442 -141.28853
276979781796429 0 0 -45.64528 -73.0166 -141.30302
276979791853252 0 0 -45.61601 -72.96908 -141.30699
276979801908616 0 0 -45.592415 -72.91829 -141.29962
276979811966637 0 0 -45.569412 -72.856255 -141.29124
276979822023616 0 0 -45.534378 -72.786575 -141.27664
276979832078564 0 0 -45.48945 -72.70948 -141.2554
276979842132627 0 0 -45.44036 -72.63765 -141.23022
276979852187470 0 0 -45.399902 -72.55609 -141.22711
276979862241585 0 0 -45.35848 -72.46429 -141.23595
276979872297262 0 0 -45.311638 -72.36981 -141.23985
276979882351741 0 0 -45.268932 -72.27327 -141.24236
276979892405179 0 0 -45.22908 -72.167015 -141.2587
276979902460595 0 0 -45.187065 -72.04277 -141.28621
276979912512418 0 0 -45.149807 -71.90895 -141.31087
276979922564293 0 0 -45.113163 -71.790375 -141.34555
276979932620231 0 0 -45.084084 -71.68253 -141.37827
276979942675335 0 0 -45.058903 -71.56054 -141.40471
276979952729397 0 0 -45.030098 -71.412704 -141.44171
276979962783981 0 0 -45.003178 -71.26359 -141.47098
276979972838668 0 0 -44.978676 -71.117836 -141.50845
276979982893825 0 0 -44.954185 -70.959076 -141.5563
276979992949033 0 0 -44.928196 -70.81517 -141.58931
276980003005804 0 0 -44.905907 -70.670265 -141.62346
276980013064397 0 0 -44.886173 -70.504425 -141.67278
276980023120856 0 0 -44.863647 -70.346146 -141.72865
276980033178356 0 0 -44.845486 -70.17849 -141.76865
276980043236481 0 0 -44.832302 -69.99382 -141.80148
276980053293408 0 0 -44.813957 -69.78841 -141.83926
276980063349762 0 0 -44.80365 -69.57534 -141.87912
276980073406220 0 0 -44.806038 -69.37566 -141.9308
276980083460543 0 0 -44.812145 -69.18038 -141.98656
276980093517418 0 0 -44.822033 -68.976746 -142.0358
276980103574137 0 0 -44.836197 -68.7695 -142.09132
276980113631533 0 0 -44.85078 -68.55847 -142.15103
276980123689241 0 0 -44.873924 -68.34789 -142.20653
276980133746637 0 0 -44.896725 -68.1293 -142.25975
276980143803825 0 0 -44.916 -67.906845 -142.31207
276980153861272 0 0 -44.94892 -67.66952 -142.37602
276980163918043 0 0 -44.998394 -67.413666 -142.45003
276980173974762 0 0 -45.04875 -67.16324 -142.52823
276980184030647 0 0 -45.102577 -66.90995 -142.60588
276980194086272 0 0 -45.165466 -66.65393 -142.6782
276980204141012 0 0 -45.228367 -66.399666 -142.76703
276980214194397 0 0 -45.290234 -66.12616 -142.85486
276980224247679 0 0 -45.357807 -65.854614 -142.94785
276980234301793 0 0 -45.43534 -65.589195 -143.04495
276980244354710 0 0 -45.51332 -65.31686 -143.13527
276980254408512 0 0 -45.587273 -65.045494 -143.21477
276980264463252 0 0 -45.664257 -64.77081 -143.26875
276980274517575 0 0 -45.749214 -64.490776 -143.34889
276980284573512 0 0 -45.836945 -64.20893 -143.44408
276980294628095 0 0 -45.933056 -63.92465 -143.5242
276980304683043 0 0 -46.036785 -63.634552 -143.61124
276980314738668 0 0 -46.149296 -63.334293 -143.6918
276980324795283 0 0 -46.25956 -63.039944 -143.76762
276980334852366 0 0 -46.372677 -62.747894 -143.84941
276980344908356 0 0 -46.49247 -62.446022 -143.93474
276980354965075 0 0 -46.61186 -62.138428 -144.02913
276980365020856 0 0 -46.7345 -61.837135 -144.1168
276980375075491 0 0 -46.86105 -61.53367 -144.19069
276980385128512 0 0 -46.98834 -61.22023 -144.26372
276980395182679 0 0 -47.12558 -60.92175 -144.33543
276980405237418 0 0 -47.268795 -60.637814 -144.40698
276980415293356 0 0 -47.409733 -60.363766 -144.48042
276980425348304 0 0 -47.548653 -60.074966 -144.55339
276980435403252 0 0 -47.686665 -59.792038 -144.62433
276980445458929 0 0 -47.824978 -59.52305 -144.69368
276980455513356 0 0 -47.958126 -59.2434 -144.77019
276980465569554 0 0 -48.09571 -58.95312 -144.83844
276980475625908 0 0 -48.245052 -58.664864 -144.8944
276980485681429 0 0 -48.393856 -58.386597 -144.94885
276980495737418 0 0 -48.539085 -58.109806 -145.00201
276980505792522 0 0 -48.683388 -57.826527 -145.05551
276980515845231 0 0 -48.84102 -57.55803 -145.11317
276980525899710 0 0 -49.004932 -57.295612 -145.17937
276980535953981 0 0 -49.162476 -57.03042 -145.25063
276980546009137 0 0 -49.31864 -56.78253 -145.31169
276980556064918 0 0 -49.471794 -56.52747 -145.3735
276980566119918 0 0 -49.623283 -56.26106 -145.4259
276980576175231 0 0 -49.780453 -56.008667 -145.48164
276980586229137 0 0 -49.93079 -55.74891 -145.53311
276980596281897 0 0 -50.08374 -55.494904 -145.5912
276980606334814 0 0 -50.23785 -55.262684 -145.6546
276980616389658 0 0 -50.392086 -55.030903 -145.70917
276980626445387 0 0 -50.545834 -54.795574 -145.75801
276980636499085 0 0 -50.69717 -54.556885 -145.8049
276980646552887 0 0 -50.847946 -54.327053 -145.84737
276980656611950 0 0 -50.99623 -54.118187 -145.89348
276980666668147 0 0 -51.14078 -53.921623 -145.93648
276980676724502 0 0 -51.285027 -53.72093 -145.9771
276980686780283 0 0 -51.42022 -53.508152 -146.02971
276980696836950 0 0 -51.555183 -53.3037 -146.07779
276980706892887 0 0 -51.694256 -53.112083 -146.13297
276980716949658 0 0 -51.825573 -52.916386 -146.20026
276980727005231 0 0 -51.94987 -52.720417 -146.2671
276980737059554 0 0 -52.07745 -52.516045 -146.3204
276980747116585 0 0 -52.212536 -52.319836 -146.36066
276980757173043 0 0 -52.34287 -52.14029 -146.41743
276980767230700 0 0 -52.463642 -51.967876 -146.46616
276980777286377 0 0 -52.583275 -51.794506 -146.50064
276980787341429 0 0 -52.706158 -51.624928 -146.53587
276980797396637 0 0 -52.827744 -51.467068 -146.57391
276980807452262 0 0 -52.94323 -51.30021 -146.61739
276980817508929 0 0 -53.0577 -51.13275 -146.66235
276980827564554 0 0 -53.16986 -50.968575 -146.7033
276980837621793 0 0 -53.283554 -50.807903 -146.7454
276980847678772 0 0 -53.39874 -50.65049 -146.78244
276980857740856 0 0 -53.51179 -50.4837 -146.81134
276980867798147 0 0 -53.621815 -50.32828 -146.83437
276980877854814 0 0 -53.729496 -50.18825 -146.85808
276980887911220 0 0 -53.837475 -50.05552 -146.8903
276980897967054 0 0 -53.93902 -49.9094 -146.93414
276980908025439 0 0 -54.040455 -49.765625 -146.95781
276980918084345 0 0 -54.14162 -49.63705 -146.9816
276980928140856 0 0 -54.23576 -49.503174 -147.01811
276980938198408 0 0 -54.32177 -49.367474 -147.04915
276980948255439 0 0 -54.409706 -49.246677 -147.07335
276980958313043 0 0 -54.495277 -49.124615 -147.10934
276980968372679 0 0 -54.57856 -49.000774 -147.14131
276980978432679 0 0 -54.66643 -48.883507 -147.1649
276980988491012 0 0 -54.748158 -48.764286 -147.18582
276980998548616 0 0 -54.826946 -48.6512 -147.19771
276981008608512 0 0 -54.909237 -48.536655 -147.21371
276981018666585 0 0 -54.990437 -48.428852 -147.23897
276981028725856 0 0 -55.070015 -48.3231 -147.26059
276981038783877 0 0 -55.14987 -48.219555 -147.28122
276981048842887 0 0 -55.225777 -48.101555 -147.29752
276981058901637 0 0 -55.29142 -47.97747 -147.31534
276981068961325 0 0 -55.356224 -47.87202 -147.32791
276981079021950 0 0 -55.427284 -47.768936 -147.33798
276981089079241 0 0 -55.496292 -47.664165 -147.35701
276981099136533 0 0 -55.566982 -47.56967 -147.37238
276981109197418 0 0 -55.63498 -47.480984 -147.38507
276981119257366 0 0 -55.69417 -47.381477 -147.39548
276981129316272 0 0 -55.755817 -47.29657 -147.41196
276981139374189 0 0 -55.819847 -47.226383 -147.44687
276981149433720 0 0 -55.87955 -47.148804 -147.46564
276981159489554 0 0 -55.93685 -47.064705 -147.48674
276981169547314 0 0 -55.979797 -46.98174 -147.50824
276981179606950 0 0 -56.01635 -46.887672 -147.52048
276981189665231 0 0 -56.060303 -46.799973 -147.53354
276981199721012 0 0 -56.105724 -46.730267 -147.54088
276981209775231 0 0 -56.151527 -46.65783 -147.54419
276981219833981 0 0 -56.198433 -46.574833 -147.55196
276981229893720 0 0 -56.242977 -46.509796 -147.5615
276981239952002 0 0 -56.28142 -46.462246 -147.57387
276981250011377 0 0 -56.31992 -46.39545 -147.59013
276981260070335 0 0 -56.35257 -46.333817 -147.60483
276981270131793 0 0 -56.379494 -46.277325 -147.62112
276981280192106 0 0 -56.409763 -46.210056 -147.64105
276981290250491 0 0 -56.446262 -46.15255 -147.65929
276981300308981 0 0 -56.485107 -46.104057 -147.66449
276981310367158 0 0 -56.515747 -46.04383 -147.66444
276981320424189 0 0 -56.540092 -45.984844 -147.67233
276981330480752 0 0 -56.568203 -45.943214 -147.67093
276981340537731 0 0 -56.598335 -45.89465 -147.67738
276981350595335 0 0 -56.62668 -45.839054 -147.68956
276981360652991 0 0 -56.64952 -45.77562 -147.68349
276981370712835 0 0 -56.669426 -45.70938 -147.68103
276981380771897 0 0 -56.691986 -45.65307 -147.68782
276981390831637 0 0 -56.715862 -45.610096 -147.69194
276981400892002 0 0 -56.735363 -45.580013 -147.69514
276981410952106 0 0 -56.7501 -45.546513 -147.70546
276981421012210 0 0 -56.760296 -45.497196 -147.71533
276981431071272 0 0 -56.777 -45.469738 -147.73111
276981441130856 0 0 -56.8008 -45.455338 -147.74548
276981451192783 0 0 -56.82557 -45.4243 -147.73892
276981461252783 0 0 -56.846176 -45.38162 -147.73558
276981471311897 0 0 -56.86507 -45.34384 -147.73306
276981481370908 0 0 -56.885353 -45.319035 -147.72807
276981491430543 0 0 -56.900394 -45.274136 -147.72275
276981501492887 0 0 -56.91208 -45.22164 -147.71146
276981511554866 0 0 -56.929764 -45.175125 -147.71764
276981521614814 0 0 -56.94695 -45.14233 -147.74046
276981531674137 0 0 -56.955536 -45.117676 -147.75354
276981541733512 0 0 -56.965256 -45.089268 -147.75935
276981551792835 0 0 -56.97608 -45.057285 -147.76117
276981561853252 0 0 -56.98115 -45.013393 -147.76036
276981571910908 0 0 -56.977974 -44.966145 -147.76474
276981581968564 0 0 -56.975445 -44.924057 -147.77234
276981592025804 0 0 -56.986073 -44.895195 -147.76765
276981602083668 0 0 -56.98965 -44.858307 -147.7581
276981612142679 0 0 -56.99374 -44.82647 -147.75519
276981622202262 0 0 -57.00706 -44.80805 -147.75693
276981632262366 0 0 -57.018234 -44.789726 -147.75294
276981642322002 0 0 -57.01973 -44.771667 -147.7581
276981652379397 0 0 -57.022026 -44.73368 -147.76416
276981662437522 0 0 -57.03242 -44.700706 -147.76492
276981672496064 0 0 -57.051918 -44.681274 -147.77338
276981682554970 0 0 -57.06665 -44.65821 -147.78883
276981692613616 0 0 -57.08109 -44.635506 -147.80086
276981702671012 0 0 -57.09466 -44.60874 -147.79996
276981712727887 0 0 -57.10984 -44.582787 -147.80475
276981722785491 0 0 -57.123528 -44.549454 -147.81842
276981732840960 0 0 -57.131874 -44.520298 -147.82121
276981742897054 0 0 -57.14878 -44.50029 -147.82521
276981752955127 0 0 -57.171726 -44.472725 -147.82649
276981763014918 0 0 -57.193623 -44.441708 -147.83067
276981773074293 0 0 -57.223083 -44.42834 -147.84636
276981783132783 0 0 -57.260685 -44.423603 -147.85675
276981793192210 0 0 -57.29895 -44.40287 -147.87126
276981803250127 0 0 -57.34517 -44.391018 -147.88362
276981813308981 0 0 -57.39412 -44.391785 -147.89577
276981823365856 0 0 -57.44525 -44.388866 -147.91571
276981833425387 0 0 -57.503036 -44.374214 -147.9381
276981843483616 0 0 -57.5692 -44.34854 -147.9748
276981853544762 0 0 -57.6403 -44.327778 -148.01239
276981863601637 0 0 -57.717506 -44.307278 -148.03448
276981873658981 0 0 -57.793762 -44.29098 -148.04697
276981883714814 0 0 -57.875313 -44.283516 -148.06104
276981893774085 0 0 -57.966686 -44.264843 -148.0859
276981903831325 0 0 -58.05809 -44.246613 -148.10971
276981913887887 0 0 -58.15449 -44.237144 -148.13174
276981923945179 0 0 -58.24896 -44.22797 -148.15645
276981934003304 0 0 -58.341537 -44.218876 -148.17754
276981944060908 0 0 -58.44664 -44.21872 -148.19778
276981954120179 0 0 -58.5559 -44.222862 -148.21614
276981964178877 0 0 -58.658726 -44.210125 -148.22453
276981974238460 0 0 -58.768337 -44.194057 -148.236
276981984297575 0 0 -58.88648 -44.17469 -148.24677
276981994356325 0 0 -59.01545 -44.156467 -148.26276
276982004413877 0 0 -59.152554 -44.13478 -148.27173
276982014471481 0 0 -59.296337 -44.11405 -148.28395
276982024530179 0 0 -59.445843 -44.114765 -148.3046
276982034589658 0 0 -59.600628 -44.107258 -148.31226
276982044647262 0 0 -59.764893 -44.096443 -148.32187
276982054703981 0 0 -59.933975 -44.090412 -148.33548
276982064761793 0 0 -60.105457 -44.072544 -148.3491
276982074819710 0 0 -60.286583 -44.067936 -148.36592
276982084878616 0 0 -60.46962 -44.075966 -148.385
276982094937002 0 0 -60.65782 -44.08004 -148.40067
276982104994970 0 0 -60.85239 -44.07589 -148.4029
276982115053772 0 0 -61.048138 -44.06801 -148.40631
276982125111429 0 0 -61.243702 -44.06031 -148.40541
276982135168616 0 0 -61.446537 -44.065292 -148.3992
276982145230075 0 0 -61.655987 -44.079014 -148.40005
276982155288408 0 0 -61.866367 -44.075974 -148.38849
276982165347470 0 0 -62.088936 -44.06956 -148.37502
276982175407522 0 0 -62.319416 -44.084743 -148.37872
276982185465335 0 0 -62.548862 -44.1121 -148.38551
276982195522835 0 0 -62.776287 -44.130714 -148.38753
276982205580439 0 0 -63.008595 -44.14896 -148.37732
276982215639658 0 0 -63.25126 -44.17939 -148.35774
276982225698095 0 0 -63.504253 -44.197353 -148.32977
276982235756585 0 0 -63.758526 -44.207413 -148.31221
276982245813720 0 0 -64.016235 -44.2386 -148.31303
276982255870595 0 0 -64.29 -44.286003 -148.30278
276982265928043 0 0 -64.56466 -44.324287 -148.28384
276982275985387 0 0 -64.832016 -44.34959 -148.2678
276982286044554 0 0 -65.09828 -44.391083 -148.25858
276982296102835 0 0 -65.37108 -44.436428 -148.2526
276982306161533 0 0 -65.643486 -44.476635 -148.23547
276982316218616 0 0 -65.92218 -44.532448 -148.20732
276982326276429 0 0 -66.20094 -44.587643 -148.18742
276982336336585 0 0 -66.47663 -44.64601 -148.17067
276982346397210 0 0 -66.75683 -44.707523 -148.14851
276982356458356 0 0 -67.034004 -44.759506 -148.11905
276982366516429 0 0 -67.32049 -44.823704 -148.10245
276982376574866 0 0 -67.61502 -44.891468 -148.09181
276982386632054 0 0 -67.89983 -44.95722 -148.06691
276982396690075 0 0 -68.18142 -45.025715 -148.03902
276982406749658 0 0 -68.467415 -45.097366 -148.01219
276982416810283 0 0 -68.74768 -45.167583 -147.9859
276982426871116 0 0 -69.02798 -45.236683 -147.96158
276982436931168 0 0 -69.30522 -45.296093 -147.92998
276982446988668 0 0 -69.58045 -45.36719 -147.91466
276982457044397 0 0 -69.85577 -45.43693 -147.89484
276982467100439 0 0 -70.128174 -45.496563 -147.85518
276982477158460 0 0 -70.40259 -45.56741 -147.81209
276982487215595 0 0 -70.67701 -45.649055 -147.7631
276982497273825 0 0 -70.94665 -45.721024 -147.71725
276982507332210 0 0 -71.216644 -45.779793 -147.67885
276982517390075 0 0 -71.482956 -45.849796 -147.64494
276982527448720 0 0 -71.7457 -45.930714 -147.6123
276982537507783 0 0 -72.00505 -46.010174 -147.58289
276982547568720 0 0 -72.258644 -46.083942 -147.55385
276982557628252 0 0 -72.517006 -46.1731 -147.5302
276982567686689 0 0 -72.78005 -46.27702 -147.50244
276982577744814 0 0 -73.0384 -46.382744 -147.46921
276982587802679 0 0 -73.29461 -46.494404 -147.43022
276982597861272 0 0 -73.54828 -46.596054 -147.39987
276982607919345 0 0 -73.79813 -46.691612 -147.36937
276982617977210 0 0 -74.039764 -46.789017 -147.33456
276982628033095 0 0 -74.27271 -46.88463 -147.31094
276982638088200 0 0 -74.49836 -46.986183 -147.28308
276982648142210 0 0 -74.726295 -47.09398 -147.25137
276982658196116 0 0 -74.94906 -47.195293 -147.21387
276982668251272 0 0 -75.16975 -47.31048 -147.1623
276982678308408 0 0 -75.38909 -47.432056 -147.12407
276982688366429 0 0 -75.60356 -47.535156 -147.09462
276982698422575 0 0 -75.81557 -47.636227 -147.06522
276982708481272 0 0 -76.02514 -47.74719 -147.02449
276982718540127 0 0 -76.22673 -47.855484 -146.97635
276982728599345 0 0 -76.42428 -47.9616 -146.92917
276982738660179 0 0 -76.62106 -48.06183 -146.88786
276982748720647 0 0 -76.81635 -48.164516 -146.85638
276982758780022 0 0 -77.00886 -48.27365 -146.83531
276982768839658 0 0 -77.19301 -48.388615 -146.81674
276982778902002 0 0 -77.37149 -48.513493 -146.80026
276982788963200 0 0 -77.54517 -48.62773 -146.78683
276982799022627 0 0 -77.7072 -48.73509 -146.7695
276982809084866 0 0 -77.870384 -48.844234 -146.7422
276982819146481 0 0 -78.03346 -48.9473 -146.71725
276982829206689 0 0 -78.18944 -49.04878 -146.71268
276982839266377 0 0 -78.34912 -49.156296 -146.69754
276982849326012 0 0 -78.50807 -49.265717 -146.67921
276982859384293 0 0 -78.65624 -49.37298 -146.67288
276982869441012 0 0 -78.808395 -49.47359 -146.6455
276982879502314 0 0 -78.9651 -49.572582 -146.61952
276982889562522 0 0 -79.114746 -49.681698 -146.59636
276982899619554 0 0 -79.261925 -49.792587 -146.57074
276982909679293 0 0 -79.40052 -49.90098 -146.5442
276982919740543 0 0 -79.53317 -50.010777 -146.50702
276982929799814 0 0 -79.66761 -50.110527 -146.47476
276982939857575 0 0 -79.79363 -50.20869 -146.46356
276982949916116 0 0 -79.91585 -50.308514 -146.44087
276982959977314 0 0 -80.04389 -50.398766 -146.42479
276982970036950 0 0 -80.16178 -50.48704 -146.4144
276982980093043 0 0 -80.28399 -50.593845 -146.39473
276982990149502 0 0 -80.40432 -50.702923 -146.38501
276983000208460 0 0 -80.521095 -50.801205 -146.36261
276983010266950 0 0 -80.63103 -50.905632 -146.34586
276983020324710 0 0 -80.73306 -51.00818 -146.34361
276983030384241 0 0 -80.8418 -51.116936 -146.33333
276983040444137 0 0 -80.957214 -51.21951 -146.314
276983050500700 0 0 -81.05658 -51.3034 -146.30388
276983060559085 0 0 -81.1464 -51.38557 -146.30244
276983070619554 0 0 -81.23256 -51.465733 -146.29224
276983080678772 0 0 -81.31756 -51.548374 -146.28244
276983090739450 0 0 -81.40204 -51.637577 -146.27324
276983100801481 0 0 -81.48294 -51.72483 -146.26166
276983110862106 0 0 -81.56598 -51.81065 -146.25543
276983120924502 0 0 -81.65173 -51.898785 -146.24216
276983130986012 0 0 -81.73328 -51.98097 -146.2295
276983141043981 0 0 -81.8127 -52.0448 -146.2064
276983151101897 0 0 -81.8898 -52.115597 -146.18785
276983161159970 0 0 -81.967705 -52.201702 -146.17982
276983171219658 0 0 -82.046646 -52.278214 -146.17668
276983181278772 0 0 -82.12456 -52.35791 -146.19254
276983191335908 0 0 -82.19972 -52.427467 -146.1983
276983201391741 0 0 -82.268326 -52.49839 -146.17151
276983211449658 0 0 -82.33238 -52.571774 -146.14345
276983221508877 0 0 -82.39775 -52.635815 -146.12067
276983231567418 0 0 -82.46617 -52.70269 -146.0943
276983241626116 0 0 -82.53439 -52.77633 -146.06573
276983251684606 0 0 -82.59805 -52.852463 -146.03908
276983261746377 0 0 -82.66174 -52.923462 -146.02467
276983271810075 0 0 -82.72735 -52.989273 -146.01547
276983281869918 0 0 -82.790306 -53.057777 -146.00723
276983291928200 0 0 -82.852104 -53.112743 -146.00111
276983301984866 0 0 -82.91527 -53.15789 -145.97487
276983312042470 0 0 -82.9715 -53.202152 -145.95709
276983322100022 0 0 -83.018326 -53.25352 -145.946
276983332162262 0 0 -83.06353 -53.31182 -145.92984
276983342223043 0 0 -83.10228 -53.35629 -145.90828
276983352282106 0 0 -83.1366 -53.387268 -145.88089
276983362345283 0 0 -83.18273 -53.426853 -145.8698
276983372406793 0 0 -83.23417 -53.470448 -145.87306
276983382465856 0 0 -83.27949 -53.516865 -145.8719
276983392524450 0 0 -83.32318 -53.570595 -145.87485
276983402582679 0 0 -83.37107 -53.619328 -145.87584
276983412640335 0 0 -83.4187 -53.65893 -145.87585
276983422699241 0 0 -83.466576 -53.70554 -145.86378
276983432759450 0 0 -83.50841 -53.75534 -145.86008
276983442820960 0 0 -83.54692 -53.80008 -145.85994
276983452881325 0 0 -83.581 -53.83143 -145.85664
276983462942679 0 0 -83.61133 -53.853874 -145.85358
276983473003095 0 0 -83.64282 -53.887974 -145.84492
276983483061325 0 0 -83.67934 -53.921673 -145.83788
276983493119658 0 0 -83.7164 -53.95107 -145.8427
276983503179502 0 0 -83.746475 -53.97548 -145.8458
276983513238512 0 0 -83.77216 -53.99917 -145.84683
276983523298043 0 0 -83.79982 -54.026447 -145.84436
276983533356533 0 0 -83.8301 -54.049297 -145.84373
276983543413877 0 0 -83.85611 -54.059517 -145.84933
276983553470127 0 0 -83.880875 -54.07788 -145.86203
276983563528668 0 0 -83.90951 -54.10032 -145.87978
276983573588668 0 0 -83.93699 -54.117786 -145.88449
276983583646481 0 0 -83.96641 -54.138653 -145.87625
276983593703408 0 0 -83.99653 -54.15516 -145.87054
276983603760283 0 0 -84.027214 -54.179646 -145.86847
276983613816272 0 0 -84.059746 -54.20812 -145.87544
276983623872106 0 0 -84.087975 -54.223434 -145.87599
276983633927783 0 0 -84.10619 -54.238335 -145.88559
276983643983460 0 0 -84.12085 -54.257122 -145.90256
276983654039866 0 0 -84.137695 -54.27949 -145.91258
276983664096325 0 0 -84.15667 -54.30589 -145.9314
276983674153200 0 0 -84.1722 -54.32328 -145.94376
276983684207783 0 0 -84.18554 -54.340046 -145.95018
276983694262522 0 0 -84.20557 -54.35283 -145.96028
276983704318981 0 0 -84.22709 -54.36521 -145.96338
276983714373825 0 0 -84.24746 -54.385593 -145.97049
276983724431325 0 0 -84.26944 -54.393276 -145.97261
276983734485387 0 0 -84.291565 -54.404594 -145.96553
276983744539606 0 0 -84.311226 -54.42818 -145.96967
276983754594918 0 0 -84.32613 -54.447067 -145.97466
276983764652783 0 0 -84.34087 -54.453014 -145.96902
276983774707575 0 0 -84.36027 -54.46707 -145.95966
276983784762627 0 0 -84.37797 -54.485092 -145.95747
276983794815022 0 0 -84.39283 -54.49858 -145.9557
276983804869918 0 0 -84.40988 -54.515865 -145.95049
276983814924397 0 0 -84.42976 -54.529137 -145.95341
276983824977210 0 0 -84.452896 -54.55451 -145.95631
276983835030491 0 0 -84.47851 -54.599888 -145.96014
276983845084345 0 0 -84.499825 -54.64444 -145.97127
276983855136845 0 0 -84.51635 -54.68386 -145.98308
276983865189918 0 0 -84.53821 -54.722473 -145.98674
276983875242366 0 0 -84.56034 -54.751957 -145.98312
276983885295908 0 0 -84.57872 -54.797176 -145.98518
276983895349814 0 0 -84.60051 -54.841614 -145.98607
276983905405387 0 0 -84.62812 -54.889355 -145.98233
276983915460075 0 0 -84.65505 -54.94838 -145.97983
276983925515283 0 0 -84.68262 -55.014534 -145.9809
276983935567262 0 0 -84.71152 -55.078983 -145.9689
276983945620700 0 0 -84.74316 -55.12582 -145.95154
276983955673512 0 0 -84.771095 -55.163338 -145.93158
276983965728043 0 0 -84.80389 -55.225 -145.91888
276983975781272 0 0 -84.84273 -55.306156 -145.90942
276983985835231 0 0 -84.88209 -55.381855 -145.90564
276983995887835 0 0 -84.929955 -55.468792 -145.90652
276984005941377 0 0 -84.97923 -55.57009 -145.89882
276984015995700 0 0 -85.02317 -55.664715 -145.87971
276984026047627 0 0 -85.06233 -55.769115 -145.8508
276984036102731 0 0 -85.106255 -55.88399 -145.82504
276984046157783 0 0 -85.154236 -56.005306 -145.81157
276984056213512 0 0 -85.20256 -56.120045 -145.79448
276984066267470 0 0 -85.24801 -56.2325 -145.78142
276984076321272 0 0 -85.288185 -56.338356 -145.76642
276984086374762 0 0 -85.335106 -56.442123 -145.74324
276984096429554 0 0 -85.38157 -56.55986 -145.71252
276984106484554 0 0 -85.424515 -56.682793 -145.66833
276984116539397 0 0 -85.46966 -56.811626 -145.62799
276984126593668 0 0 -85.51201 -56.937798 -145.58902
276984136647783 0 0 -85.56082 -57.085968 -145.54466
276984146703304 0 0 -85.611 -57.248013 -145.51447
276984156758408 0 0 -85.65581 -57.40246 -145.48268
276984166813929 0 0 -85.70455 -57.57418 -145.44572
276984176870491 0 0 -85.74913 -57.746445 -145.41083
276984186927002 0 0 -85.797775 -57.923267 -145.36655
276984196981950 0 0 -85.84851 -58.10457 -145.31676
276984207035908 0 0 -85.88559 -58.285973 -145.27522
276984217089814 0 0 -85.92122 -58.471664 -145.22923
276984227142002 0 0 -85.95779 -58.677624 -145.17033
276984237193043 0 0 -85.992905 -58.88756 -145.11359
276984247245908 0 0 -86.03098 -59.105587 -145.05489
276984257300595 0 0 -86.064415 -59.331078 -144.99026
276984267355647 0 0 -86.10084 -59.564205 -144.92073
276984277413200 0 0 -86.13465 -59.79243 -144.8469
276984287471064 0 0 -86.161415 -60.023827 -144.77095
276984297526533 0 0 -86.18563 -60.26249 -144.69203
276984307580179 0 0 -86.20558 -60.49629 -144.61896
276984317633877 0 0 -86.22371 -60.741676 -144.54927
276984327688356 0 0 -86.243126 -61.0065 -144.47649
276984337742939 0 0 -86.25826 -61.277813 -144.39809
276984347796689 0 0 -86.26661 -61.563538 -144.3157
276984357848929 0 0 -86.26642 -61.863194 -144.22688
276984367903772 0 0 -86.251724 -62.1604 -144.14139
276984377957783 0 0 -86.23036 -62.455456 -144.06007
276984388014450 0 0 -86.21002 -62.748554 -143.97432
276984398071220 0 0 -86.17935 -63.039383 -143.89075
276984408126637 0 0 -86.13598 -63.335716 -143.80147
276984418181064 0 0 -86.08639 -63.64237 -143.72385
276984428235804 0 0 -86.03273 -63.94657 -143.64342
276984438289293 0 0 -85.97698 -64.248184 -143.55345
276984448343408 0 0 -85.91986 -64.54 -143.47813
276984458398200 0 0 -85.849365 -64.82977 -143.41527
276984468454762 0 0 -85.775665 -65.13404 -143.3569
276984478511012 0 0 -85.69342 -65.427864 -143.30544
276984488565908 0 0 -85.604 -65.71932 -143.25179
276984498622314 0 0 -85.51682 -66.02132 -143.20056
276984508675700 0 0 -85.418915 -66.308876 -143.16272
276984518728668 0 0 -85.31047 -66.58227 -143.13484
276984528782835 0 0 -85.20478 -66.854294 -143.10773
276984538838616 0 0 -85.100044 -67.11217 -143.06516
276984548893720 0 0 -84.99861 -67.37263 -143.01135
276984558948772 0 0 -84.89909 -67.6401 -142.9598
276984569004762 0 0 -84.80099 -67.8979 -142.90282
276984579059189 0 0 -84.699196 -68.150604 -142.85805
276984589114606 0 0 -84.59307 -68.406 -142.81058
276984599168460 0 0 -84.47966 -68.656006 -142.77
276984609222731 0 0 -84.36085 -68.912994 -142.73364
276984619276272 0 0 -84.249405 -69.17251 -142.67857
276984629330179 0 0 -84.13524 -69.41879 -142.63469
276984639384918 0 0 -84.01581 -69.659996 -142.59706
276984649440647 0 0 -83.898766 -69.89637 -142.56018
276984659496272 0 0 -83.78337 -70.135925 -142.51875
276984669552158 0 0 -83.66841 -70.370605 -142.47873
276984679606950 0 0 -83.55445 -70.60521 -142.459
276984689660700 0 0 -83.4441 -70.830925 -142.43578
276984699716168 0 0 -83.33349 -71.047554 -142.40091
276984709772991 0 0 -83.21117 -71.26715 -142.35915
276984719830647 0 0 -83.09188 -71.48656 -142.32153
276984729886533 0 0 -82.97925 -71.7183 -142.29428
276984739940804 0 0 -82.860054 -71.94893 -142.26434
276984749995856 0 0 -82.73465 -72.15412 -142.23257
276984760054502 0 0 -82.61114 -72.35105 -142.19812
276984770111429 0 0 -82.49613 -72.57299 -142.17143
276984780165960 0 0 -82.3739 -72.80256 -142.1555
276984790221845 0 0 -82.247406 -73.00648 -142.12753
276984800278460 0 0 -82.12239 -73.18585 -142.09857
276984810334710 0 0 -82.00036 -73.37786 -142.06842
276984820391325 0 0 -81.87571 -73.569725 -142.03453
276984830445908 0 0 -81.750404 -73.76177 -142.00577
276984840501116 0 0 -81.62253 -73.95409 -141.9857
276984850555595 0 0 -81.49782 -74.146835 -141.97249
276984860611689 0 0 -81.38257 -74.33147 -141.9446
276984870668252 0 0 -81.268456 -74.50408 -141.91376
276984880724762 0 0 -81.15262 -74.69771 -141.89009
276984890780387 0 0 -81.03983 -74.87917 -141.86282
276984900833200 0 0 -80.92569 -75.04467 -141.8392
276984910887366 0 0 -80.81254 -75.21059 -141.80745
276984920943408 0 0 -80.709915 -75.3651 -141.76688
276984931000752 0 0 -80.61371 -75.520645 -141.72307
276984941057731 0 0 -80.516846 -75.68104 -141.67854
276984951115752 0 0 -80.421196 -75.84679 -141.64836
276984961172575 0 0 -80.32242 -76.01268 -141.60818
276984971227262 0 0 -80.218704 -76.17864 -141.55879
276984981280752 0 0 -80.10951 -76.34172 -141.53448
276984991336429 0 0 -79.998955 -76.477036 -141.51259
276985001394658 0 0 -79.89062 -76.60904 -141.4724
276985011452106 0 0 -79.788 -76.762794 -141.42796
276985021508825 0 0 -79.68734 -76.9257 -141.38559
276985031563252 0 0 -79.58187 -77.07721 -141.35472
276985041618043 0 0 -79.473564 -77.21755 -141.33145
276985051673929 0 0 -79.3673 -77.36734 -141.3098
276985061728929 0 0 -79.2645 -77.50944 -141.2691
276985071786116 0 0 -79.16318 -77.64408 -141.21341
276985081844606 0 0 -79.061264 -77.78453 -141.17284
276985091902679 0 0 -78.958206 -77.926445 -141.14377
276985101960022 0 0 -78.853584 -78.05291 -141.10901
276985112016012 0 0 -78.74921 -78.17633 -141.06303
276985122071533 0 0 -78.65128 -78.30181 -141.02643
276985132128200 0 0 -78.55589 -78.4293 -141.00323
276985142184293 0 0 -78.46349 -78.57436 -140.9727
276985152240439 0 0 -78.37733 -78.720535 -140.93561
276985162297054 0 0 -78.28793 -78.85554 -140.9031
276985172355752 0 0 -78.197845 -78.983376 -140.86226
276985182413304 0 0 -78.112656 -79.1168 -140.81894
276985192470752 0 0 -78.0241 -79.25145 -140.77838
276985202526950 0 0 -77.9324 -79.37452 -140.72377
276985212583095 0 0 -77.83936 -79.49899 -140.66846
276985222638460 0 0 -77.7469 -79.62509 -140.61813
276985232694397 0 0 -77.65512 -79.74025 -140.5622
276985242751012 0 0 -77.56023 -79.844765 -140.5081
276985252807575 0 0 -77.464645 -79.95526 -140.45662
276985262864345 0 0 -77.37275 -80.07585 -140.40675
276985272921272 0 0 -77.28577 -80.202286 -140.35773
276985282978720 0 0 -77.20099 -80.34285 -140.3204
276985293035647 0 0 -77.11615 -80.468376 -140.28636
276985303090179 0 0 -77.03128 -80.57872 -140.24306
276985313145075 0 0 -76.93917 -80.70206 -140.17982
276985323200283 0 0 -76.8501 -80.83082 -140.10889
276985333255804 0 0 -76.769646 -80.9656 -140.04433
276985343312314 0 0 -76.677605 -81.09672 -139.96939
276985353366325 0 0 -76.58166 -81.23702 -139.89258
276985363421585 0 0 -76.49743 -81.402916 -139.8014
276985373476689 0 0 -76.42047 -81.57697 -139.68346
276985383529970 0 0 -76.34449 -81.74319 -139.56146
276985393584502 0 0 -76.26672 -81.92231 -139.44438
276985403637835 0 0 -76.19291 -82.11339 -139.3055
276985413690491 0 0 -76.11871 -82.30013 -139.1575
276985423743668 0 0 -76.04599 -82.483444 -139.02184
276985433799554 0 0 -75.97401 -82.67106 -138.88358
276985443853825 0 0 -75.89406 -82.85414 -138.73845
276985453905543 0 0 -75.80442 -83.03301 -138.59653
276985463959345 0 0 -75.71081 -83.21966 -138.43843
276985474012939 0 0 -75.60895 -83.40986 -138.27168
276985484066793 0 0 -75.50158 -83.59609 -138.11365
276985494121845 0 0 -75.39058 -83.79035 -137.95226
276985504177262 0 0 -75.27532 -84.0006 -137.78854
276985514230543 0 0 -75.14672 -84.20197 -137.63245
276985524284606 0 0 -75.007484 -84.398766 -137.48029
276985534341377 0 0 -74.86653 -84.599365 -137.32387
276985544396741 0 0 -74.726425 -84.80798 -137.16922
276985554453252 0 0 -74.587105 -85.024925 -137.02875
276985564508512 0 0 -74.438675 -85.233315 -136.90366
276985574566377 0 0 -74.288704 -85.44548 -136.78
276985584623095 0 0 -74.14294 -85.66187 -136.66861
276985594677835 0 0 -73.99562 -85.88262 -136.5834
276985604733981 0 0 -73.85357 -86.11642 -136.5319
276985614791429 0 0 -73.71621 -86.34664 -136.51208
276985624848043 0 0 -73.58727 -86.572716 -136.50035
276985634906585 0 0 -73.47598 -86.79582 -136.51556
276985644965231 0 0 -73.38768 -87.01576 -136.54303
276985655023929 0 0 -73.31743 -87.2403 -136.5752
276985665082731 0 0 -73.26675 -87.46973 -136.62079
276985675143095 0 0 -73.23136 -87.71527 -136.65685
276985685201689 0 0 -73.20308 -87.94767 -136.68327
276985695257470 0 0 -73.18598 -88.18406 -136.713
276985705312314 0 0 -73.18101 -88.432816 -136.7526
276985715368147 0 0 -73.17508 -88.65624 -136.79295
276985725426585 0 0 -73.174225 -88.88336 -136.82555
276985735482991 0 0 -73.18212 -89.11433 -136.85562
276985745539710 0 0 -73.19056 -89.33271 -136.89038
276985755597106 0 0 -73.200134 -89.54268 -136.92368
276985765654710 0 0 -73.20325 -89.744545 -136.97028
276985775710804 0 0 -73.20085 -89.918365 -137.03716
276985785768512 0 0 -73.19732 -90.08071 -137.10855
276985795824710 0 0 -73.189964 -90.251686 -137.17453
276985805882158 0 0 -73.18229 -90.402885 -137.23784
276985815939918 0 0 -73.17735 -90.54338 -137.31084
276985825999658 0 0 -73.17252 -90.68097 -137.37926
276985836057731 0 0 -73.165436 -90.79935 -137.44551
276985846115752 0 0 -73.1566 -90.91528 -137.51099
276985856170752 0 0 -73.148415 -91.045204 -137.57648
276985866225283 0 0 -73.13909 -91.17665 -137.64453
276985876281168 0 0 -73.12443 -91.29251 -137.69615
276985886337366 0 0 -73.12257 -91.414635 -137.74376
276985896394189 0 0 -73.12936 -91.55481 -137.78348
276985906450491 0 0 -73.13849 -91.69623 -137.81891
276985916506064 0 0 -73.147415 -91.83541 -137.87234
276985926561845 0 0 -73.14755 -91.95109 -137.9254
