name=LIS2MDL Magnetometer vendor=STMicro current_time_ms=1561441268500
measured_at recorded_at accuracy value_x value_y value_z
276975879853408 276975889545607 0 -73.97644 -84.34637 -137.04208
276975889909033 276975975077646 0 -74.16367 -84.36812 -137.45175
276975899966741 276975975308688 0 -73.97696 -84.33087 -136.57655
276975910022991 276975975374886 0 -74.634094 -84.35276 -136.38094
276975920080335 276975975435042 0 -74.7872 -84.74337 -135.75198
276975930138668 276975975492438 0 -74.60551 -84.12804 -135.75035
276975940197991 276975975571657 0 -74.570175 -84.53306 -135.798
276975950254241 276975975646709 0 -74.324745 -84.09284 -135.05827
276975960309033 276975975709730 0 -74.39558 -83.277664 -134.80777
276975970364970 276975975768897 0 -74.36614 -83.07876 -134.9531
276975980421637 276976000901607 0 -74.025795 -82.666405 -135.1724
276975990476689 276976001071659 0 -74.05507 -82.870476 -135.18225
276976000530543 276976003788587 0 -73.92448 -83.31366 -136.49931
276976010586377 276976014562963 0 -73.67697 -82.93542 -137.62175
276976020642314 276976068847291 0 -73.77743 -82.31398 -137.07076
276976030699241 276976069022812 0 -73.84221 -82.10787 -136.87775
276976040755856 276976069079791 0 -73.841866 -82.1182 -137.18813
276976050813147 276976069128489 0 -73.90092 -82.51085 -136.7423
276976060872210 276976069175416 0 -74.176315 -83.13447 -136.87115
276976070929970 276976113099848 0 -74.42867 -82.93978 -136.77745
276976080987106 276976113280056 0 -74.09491 -81.90286 -136.4737
276976091042054 276976113350629 0 -73.966225 -82.28925 -136.08376
276976101095752 276976113403233 0 -73.672295 -83.5032 -136.43784
276976111150595 276976113469900 0 -73.85935 -83.5301 -137.00266
276976121208929 276976177793760 0 -74.21096 -82.750114 -137.44421
276976131264450 276976177860948 0 -73.71837 -81.92133 -137.51657
276976141321429 276976177906938 0 -73.87807 -81.68737 -136.36456
276976151378981 276976177995219 0 -74.52896 -82.3235 -136.38164
276976161434189 276976178048969 0 -74.61557 -82.971855 -137.49747
276976171488564 276976178096573 0 -74.27488 -82.56984 -138.02715
276976181541689 276976192861054 0 -74.275566 -82.54918 -137.40642
276976191595595 276976195120273 0 -74.55805 -82.53274 -136.54666
276976201650700 276976209648712 0 -73.96536 -82.31507 -136.85966
276976211706168 276976263317467 0 -73.52593 -82.48286 -136.38855
276976221763043 276976263409446 0 -73.46877 -82.0334 -135.12737
276976231821012 276976263482154 0 -73.21623 -82.23325 -135.37624
276976241877731 276976263525279 0 -73.48523 -83.47628 -135.873
276976251935491 276976263563196 0 -73.427895 -83.03199 -134.767
276976261991689 276976263610540 0 -73.3096 -82.25187 -135.81384
276976272048356 276976292479345 0 -73.502556 -81.67486 -136.47635
276976282104554 276976292531532 0 -73.47345 -81.46564 -136.31131
276976292162262 276976296053512 0 -73.68979 -81.69661 -136.88597
276976302219085 276976307902419 0 -73.84879 -81.48331 -136.3547
276976312275960 276976314373982 0 -73.87737 -81.70803 -136.98529
276976322333616 276976324046171 0 -73.807045 -82.50772 -136.77023
276976332389502 276976334249505 0 -73.712654 -82.52009 -137.26373
276976342445856 276976344472840 0 -73.899025 -82.56766 -138.44928
276976352502783 276976354416122 0 -73.80653 -82.52322 -137.2358
276976362560179 276976366237738 0 -73.68875 -81.72759 -137.8171
276976372617158 276976374457738 0 -74.03413 -81.56187 -138.47136
276976382671064 276976384833937 0 -73.81138 -81.95029 -138.26453
276976392727418 276976394557220 0 -73.5644 -81.55655 -138.92143
276976402783877 276976406363575 0 -73.74609 -82.171875 -138.92307
276976412841168 276976415165295 0 -73.89816 -82.593475 -139.22519
276976422897314 276976424972118 0 -73.96416 -82.35122 -137.94595
276976432952627 276976435167640 0 -73.99359 -82.550125 -137.80063
276976443010335 276976445335089 0 -74.30918 -82.1958 -138.91057
276976453068200 276976455185246 0 -74.309525 -82.18547 -138.60022
276976463124606 276976466161237 0 -74.24406 -82.41225 -139.41393
276976473179241 276976475351707 0 -74.36149 -83.218185 -139.14297
276976483234241 276976485490666 0 -73.89417 -83.14058 -137.42055
276976493291793 276976495182177 0 -73.67749 -82.91993 -137.15623
276976503347262 276976505761918 0 -73.77206 -82.9024 -136.50755
276976513401793 276976515940461 0 -73.80202 -83.08581 -135.89668
276976523457158 276976525082701 0 -73.74227 -82.71382 -136.96321
276976533511637 276976535928379 0 -73.46653 -82.10053 -137.14473
276976543567262 276976545187391 0 -73.65411 -82.111946 -137.24402
276976553621533 276976555164736 0 -73.93523 -82.13682 -137.6257
276976563675387 276976566074372 0 -73.653595 -82.12743 -137.70955
276976573730387 276976575280779 0 -73.64753 -82.73651 -137.76707
276976583786897 276976585479478 0 -73.601105 -84.3287 -136.99869
276976593844189 276976595388854 0 -73.85295 -84.1495 -137.37056
276976603898877 276976605527188 0 -73.95877 -82.939644 -137.38274
276976613953877 276976634720316 0 -73.553825 -82.728226 -137.63983
276976624009033 276976634767608 0 -73.741066 -82.74997 -138.0495
276976634062522 276976637584275 0 -73.64856 -82.70553 -136.83598
276976644119293 276976645708182 0 -73.83718 -82.68597 -136.00418
276976654179345 276976655901204 0 -74.24109 -82.92837 -136.67816
276976664238460 276976666847715 0 -74.07568 -83.76107 -137.57735
276976674294970 276976676384279 0 -73.94717 -84.142296 -137.03223
276976684350908 276976686469644 0 -73.47761 -84.13183 -137.32716
276976694407366 276976696829020 0 -73.66622 -84.11227 -136.49536
276976704466272 276976706343813 0 -73.91807 -83.93307 -136.86719
276976714522991 276976716772616 0 -73.57097 -84.150444 -137.76474
276976724583095 276976726571784 0 -73.66519 -84.14325 -137.42645
276976734640752 276976736857149 0 -73.454575 -83.31352 -137.10457
276976744700283 276976746406630 0 -73.54759 -83.34247 -137.85254
276976754759345 276976756579860 0 -73.93955 -84.79785 -138.48639
276976764816637 276976767003767 0 -74.1571 -84.99268 -137.97482
276976774873668 276976776879601 0 -74.09907 -84.56906 -137.48955
276976784929866 276976786561894 0 -73.63541 -83.95467 -137.88211
276976794985335 276976796747208 0 -73.5055 -84.37721 -138.57846
276976805039554 276976806933667 0 -73.28918 -84.146225 -138.00375
276976815092470 276976817136012 0 -73.33091 -83.12182 -137.58823
276976825146325 276976828333096 0 -74.19901 -83.96311 -137.40408
276976835201064 276976837880337 0 -73.72339 -84.561714 -137.75652
276976845255856 276976847162942 0 -73.45371 -83.33934 -137.88048
276976855313825 276976857690234 0 -73.76998 -82.96437 -138.36972
276976865372002 276976867285912 0 -73.669365 -83.59098 -139.07591
276976875430752 276976877053934 0 -73.916176 -83.989876 -138.57419
276976885489710 276976887071123 0 -74.19884 -83.96827 -137.55927
276976895547262 276976897138520 0 -74.35697 -83.780785 -137.8039
276976905603929 276976907343885 0 -73.741066 -82.74997 -138.0495
276976915658356 276976918528001 0 -73.61099 -83.17767 -138.90102
276976925714241 276976929344721 0 -73.733795 -83.395195 -139.19328
276976935773512 276976937431961 0 -73.51122 -83.778465 -138.83131
276976945828095 276976947538004 0 -73.7577 -84.18769 -138.63994
276976955882939 276976957736234 0 -74.19174 -84.60834 -138.54787
276976965938564 276976967720818 0 -74.13302 -84.20536 -138.68336
276976975993720 276976977931913 0 -74.17511 -83.170616 -137.95744
276976986050022 276976987710820 0 -73.858315 -83.56108 -137.93376
276976996105960 276976997755978 0 -73.629166 -84.56892 -138.09485
276977006161845 276977007805354 0 -73.88118 -84.38455 -138.3115
276977016218147 276977019073584 0 -73.57548 -83.58785 -139.10387
276977026272991 276977029357439 0 -73.6768 -82.94058 -137.77693
276977036329085 276977037922804 0 -73.95929 -82.92415 -136.91719
276977046386325 276977048294003 0 -73.916 -83.99504 -138.72939
276977056442783 276977058249421 0 -74.00936 -84.01366 -139.16696
276977066499137 276977069090776 0 -74.073616 -83.823044 -139.43954
276977076555231 276977078320204 0 -73.69829 -83.805374 -139.39612
276977086609918 276977088507237 0 -73.38841 -83.56094 -138.53902
276977096663460 276977098537758 0 -73.35846 -83.377525 -139.14989
276977106717731 276977109032343 0 -73.35829 -83.38269 -139.30507
276977116773460 276977119285104 0 -73.569595 -84.19176 -139.00621
276977126828147 276977129115834 0 -73.576 -83.572365 -138.6383
276977136882522 276977139069898 0 -73.46012 -82.71994 -137.51262
276977146935908 276977148962711 0 -73.8526 -84.15982 -137.68091
276977156991116 276977160736671 0 -73.82264 -83.97642 -138.29178
276977167047835 276977169483963 0 -73.17191 -83.33512 -138.11952
276977177102522 276977179592819 0 -72.88594 -83.88318 -136.70908
276977187158564 276977189956986 0 -72.75725 -84.26957 -136.31912
276977197216741 276977199434696 0 -72.733185 -83.48225 -137.02765
276977207273252 276977209520478 0 -72.61558 -82.681465 -137.45378
276977217330387 276977220222198 0 -72.44531 -84.0871 -137.32419
276977227386741 276977229838761 0 -72.74981 -84.91996 -137.61812
276977237443616 276977239824335 0 -72.85684 -83.67394 -136.544
276977247503460 276977249512253 0 -72.73353 -83.471924 -136.7173
276977257561637 276977259849858 0 -73.10142 -84.13997 -138.05965
276977267618200 276977269755796 0 -73.3181 -84.36063 -138.32399
276977277673772 276977280065589 0 -72.88439 -83.92965 -138.10568
276977287730908 276977290174028 0 -72.97896 -83.912125 -137.45703
276977297786325 276977300312622 0 -73.289 -84.15139 -138.15897
276977307841950 276977310300280 0 -72.8546 -83.74107 -138.56139
276977317896116 276977320791478 0 -72.79 -83.942024 -138.59918
276977327955960 276977330375542 0 -72.53832 -84.11604 -138.07214
276977338012783 276977340537158 0 -72.29238 -83.69133 -137.79797
276977348067887 276977349976898 0 -72.32148 -83.900566 -137.96301
276977358123147 276977362616743 0 -72.286316 -84.30041 -137.8555
276977368179397 276977370688098 0 -72.126976 -84.52405 -138.69716
276977378236897 276977380268464 0 -72.250465 -84.7209 -138.36868
276977388293147 276977390859715 0 -72.18655 -84.9012 -137.7858
276977398349658 276977400219559 0 -71.84603 -84.49401 -138.16026
276977408405491 276977410098414 0 -71.94579 -83.89322 -138.22997
276977418458929 276977420718936 0 -72.285965 -84.31073 -138.16585
276977428513043 276977430370656 0 -71.88103 -84.09932 -138.42294
276977438569658 276977440292688 0 -71.2535 -84.27118 -138.31808
276977448626950 276977450341648 0 -71.46429 -85.095726 -138.48474
276977458681845 276977460535972 0 -71.46446 -85.09057 -138.32957
276977468738564 276977470648316 0 -71.03042 -84.66993 -138.42163
276977478796845 276977480667015 0 -71.02956 -84.69575 -139.19754
276977488855127 276977490960193 0 -70.74238 -85.279945 -138.87335
276977498910595 276977500592121 0 -70.461266 -85.25508 -138.49165
276977508966116 276977510658008 0 -70.590126 -84.86352 -138.7264
276977519022522 276977520904832 0 -70.70705 -85.68495 -138.921
276977529076793 276977530920041 0 -70.36098 -85.87135 -138.88748
276977539129658 276977540994521 0 -69.93385 -84.81581 -138.14612
276977549185127 276977550820408 0 -69.740036 -85.41864 -138.25952
276977559241533 276977561017179 0 -69.82716 -86.0515 -138.90984
276977569298095 276977571070878 0 -69.516785 -85.822556 -138.51826
276977579355283 276977581105619 0 -69.112526 -85.59048 -138.15466
276977589410804 276977591204630 0 -68.737526 -85.562485 -137.80089
276977599464658 276977602602392 0 -68.948326 -86.387054 -137.96754
276977609515387 276977611140934 0 -68.7895 -86.595184 -138.34369
276977619569814 276977621283696 0 -68.10309 -86.36923 -138.52945
276977629620960 276977631408645 0 -68.10291 -86.3744 -138.68462
276977639676845 276977641594531 0 -67.69934 -86.121666 -137.70029
276977649731637 276977652903074 0 -67.29456 -85.90509 -137.80222
276977659789189 276977661590887 0 -67.10681 -85.898834 -137.85811
276977669845179 276977673124482 0 -66.88944 -85.698845 -138.2145
276977679902575 276977681889119 0 -66.63726 -85.88836 -138.15302
276977689958512 276977692197297 0 -66.72575 -86.47991 -137.56186
276977700016220 276977702957714 0 -66.250656 -87.06303 -137.44876
276977710073356 276977712918809 0 -65.592834 -87.06179 -138.26508
276977720129293 276977722570216 0 -65.09955 -86.25367 -138.95816
276977730187054 276977732145374 0 -64.69615 -85.99578 -137.81865
276977740243616 276977742135270 0 -64.47375 -86.37388 -137.30148
276977750301897 276977753664126 0 -64.06829 -86.177956 -138.02414
276977760360595 276977763024908 0 -63.909634 -86.380936 -138.24506
276977770417470 276977772764180 0 -63.628345 -86.36122 -138.01852
276977780475595 276977782412670 0 -63.440765 -86.3498 -137.91924
276977790533616 276977792524494 0 -63.253014 -86.343544 -137.97513
276977800590908 276977803592881 0 -63.12363 -86.750595 -138.20592
276977810651741 276977812421736 0 -62.742058 -87.34716 -138.37521
276977820709710 276977822483924 0 -62.337284 -87.13059 -138.47714
276977830766064 276977832657363 0 -61.96212 -87.10775 -138.27858
276977840823825 276977842855593 0 -61.55786 -86.87569 -137.91495
276977850882575 276977853719552 0 -61.059036 -86.66114 -138.20003
276977860939554 276977863022835 0 -60.62447 -86.25599 -138.75761
276977870997887 276977872926169 0 -59.87986 -85.611565 -138.61331
276977881054397 276977883115545 0 -59.510246 -84.99515 -138.82275
276977891113929 276977893092421 0 -59.070995 -85.15775 -138.19643
276977901170075 276977904132005 0 -58.34371 -85.93039 -138.02182
276977911225856 276977913143100 0 -58.067802 -85.32226 -138.35852
276977921282418 276977923328205 0 -58.161156 -85.34088 -138.7961
276977931338825 276977933266487 0 -57.691086 -85.3459 -139.55656
276977941396585 276977943292165 0 -57.134747 -84.69224 -138.89081
276977951455387 276977954151802 0 -56.694984 -84.870346 -138.73004
276977961511168 276977963393157 0 -56.28969 -84.66926 -139.2975
276977971567314 276977973377377 0 -56.01481 -84.03014 -138.70311
276977981623356 276977984607118 0 -55.545425 -84.0145 -138.84285
276977991681116 276977993774254 0 -54.95238 -83.807175 -139.46619
276978001737470 276978004227432 0 -54.85902 -83.78855 -139.02861
276978011791897 276978013869568 0 -54.519188 -83.3607 -138.78235
276978021847627 276978023892746 0 -53.902935 -82.34022 -139.33835
276978031904866 276978033693893 0 -53.55653 -82.53694 -139.61516
276978041959293 276978044762176 0 -53.18171 -82.503784 -139.10622
276978052014502 276978054207802 0 -52.876526 -81.69158 -139.43304
276978062068043 276978065933792 0 -52.501022 -81.67907 -139.54483
276978072122366 276978074437908 0 -52.190983 -81.439804 -138.84291
276978082178408 276978084126607 0 -51.38749 -80.397575 -138.98924
276978092235595 276978094463274 0 -50.455303 -79.74173 -138.74562
276978102291689 276978104700046 0 -49.77444 -78.92219 -139.33942
276978112345804 276978114447964 0 -50.08431 -79.16662 -140.19652
276978122400439 276978124464788 0 -50.201736 -79.972565 -139.92557
276978132455231 276978134700830 0 -49.615097 -79.14582 -140.18108
276978142511845 276978144961769 0 -49.31009 -78.32846 -140.3527
276978152568772 276978154887707 0 -49.59086 -78.36366 -141.04477
276978162626220 276978165005156 0 -49.62013 -78.56773 -141.05463
276978172682575 276978175228907 0 -49.590515 -78.373985 -141.35512
276978182738095 276978185195106 0 -49.502354 -77.77211 -141.63593
276978192794450 276978195570524 0 -48.547474 -76.287636 -140.85938
276978202851377 276978206046410 0 -48.51889 -76.062904 -140.22882
276978212907366 276978215347974 0 -48.641006 -76.301094 -141.14182
276978222963825 276978225448548 0 -48.610874 -76.12284 -141.90785
276978233020387 276978235054747 0 -48.54644 -76.31862 -141.79048
276978243078668 276978245144487 0 -48.200207 -76.510185 -141.91212
276978253135804 276978255053811 0 -48.293564 -76.52881 -142.34972
276978263190387 276978265396156 0 -48.42312 -76.116585 -141.96375
276978273247210 276978276075167 0 -48.111877 -75.913475 -142.34808
276978283305127 276978285271314 0 -47.67834 -75.47733 -141.97462
276978293361793 276978295544023 0 -47.556057 -75.244316 -141.2168
276978303421897 276978306229441 0 -47.555542 -75.2598 -141.68233
276978313480595 276978317426265 0 -47.561604 -74.65073 -141.6248
276978323540283 276978325647412 0 -47.56212 -74.63524 -141.15927
276978333595960 276978335559288 0 -47.466866 -74.67342 -142.42865
276978343652783 276978345728924 0 -47.40243 -74.8692 -142.31128
276978353711429 276978356609759 0 -47.221603 -74.22805 -141.53375
276978363766741 276978365699083 0 -47.437595 -74.46936 -142.4188
276978373819293 276978375902781 0 -47.56074 -74.67655 -142.40071
276978383872679 276978385807001 0 -47.413864 -73.6717 -142.81697
276978393926793 276978395994086 0 -47.19667 -73.466545 -143.01819
276978403981689 276978406785389 0 -47.13258 -73.65199 -142.59042
276978414038772 276978416115702 0 -47.262653 -73.22429 -141.7389
276978424094293 276978426169089 0 -47.25694 -73.82304 -141.48608
276978434146950 276978436005287 0 -47.66154 -74.04478 -141.53934
276978444203564 276978446218309 0 -47.409184 -74.23946 -141.63303
276978454258043 276978456645967 0 -46.780457 -74.44747 -142.61443
276978464313772 276978466315395 0 -46.750668 -74.25889 -143.07011
276978474369137 276978476474198 0 -46.59911 -73.82181 -142.30244
276978484424606 276978486273782 0 -47.003544 -74.04871 -142.51086
276978494480595 276978496447689 0 -47.038532 -73.65403 -142.77359
276978504537522 276978506934878 0 -46.951065 -73.0315 -142.43362
276978514594397 276978516611181 0 -47.06901 -73.82195 -141.69716
276978524652939 276978527545349 0 -46.787556 -73.8074 -141.62581
276978534709606 276978536545037 0 -46.6341 -73.42713 -142.56512
276978544765335 276978546706861 0 -46.728664 -73.4096 -141.91644
276978554817679 276978556882487 0 -46.728493 -73.414764 -142.07166
276978564870439 276978566676446 0 -46.945 -73.64058 -142.49115
276978574927783 276978576894520 0 -46.505405 -73.813515 -142.17522
276978584984762 276978586843948 0 -46.100456 -73.602104 -142.43231
276978595039762 276978596978324 0 -46.38243 -73.60115 -142.03809
276978605092158 276978607815357 0 -46.51164 -73.19927 -141.96248
276978615144450 276978617149993 0 -46.41811 -73.185814 -141.68008
276978625198877 276978627238171 0 -46.44218 -73.97314 -140.97156
276978635256012 276978639439995 0 -46.62301 -74.61429 -141.74908
276978645315179 276978649281559 0 -46.59322 -74.42572 -142.20479
276978655371012 276978657326976 0 -46.56343 -74.237144 -142.66046
276978665425231 276978667368436 0 -46.68658 -74.44434 -142.64236
276978675481012 276978677569739 0 -46.78132 -74.421646 -141.83852
276978685534918 276978689352761 0 -46.816826 -74.01147 -141.63568
276978695587731 276978697598386 0 -46.781662 -74.41132 -141.52817
276978705641481 276978707580835 0 -46.347786 -73.98551 -141.46506
276978715696533 276978717506045 0 -46.35368 -73.3816 -141.56271
276978725755179 276978727848389 0 -46.752563 -74.20209 -141.36313
276978735814502 276978739799068 0 -46.69419 -73.78879 -141.1882
276978745871272 276978747894069 0 -46.412735 -73.77424 -141.11687
276978755927054 276978758219278 0 -46.377228 -74.18442 -141.3197
276978765985491 276978767720633 0 -46.347786 -73.98551 -141.46506
276978776042991 276978778151155 0 -46.347614 -73.99068 -141.62022
276978786099397 276978789773239 0 -46.59391 -74.40507 -141.58406
276978796153825 276978798681157 0 -46.34813 -73.97518 -141.15468
276978806209502 276978808160168 0 -46.137165 -73.155785 -141.14319
276978816265960 276978818453398 0 -46.31886 -73.77112 -141.14482
276978826322210 276978828890639 0 -46.219437 -74.36157 -140.76476
276978836380491 276978840236682 0 -46.260834 -73.34749 -140.65958
276978846437887 276978848814131 0 -46.195538 -73.569084 -141.31807
276978856494397 276978859052465 0 -45.690823 -73.95845 -141.50546
276978866552366 276978868978664 0 -45.602837 -73.35142 -141.6311
276978876609918 276978879208925 0 -45.51554 -72.72372 -141.13597
276978886667835 276978889919551 0 -45.60959 -72.72168 -140.95285
276978896725647 276978899459761 0 -45.9146 -73.53904 -140.78122
276978906782418 276978909320855 0 -45.69134 -73.942955 -141.03995
276978916842262 276978919340440 0 -45.91374 -73.564865 -141.55711
276978926901845 276978929564555 0 -45.97817 -73.369095 -141.6745
276978936958877 276978940313046 0 -45.69637 -73.36487 -141.91351
276978947018408 276978949700234 0 -45.567673 -73.75126 -141.52356
276978957077210 276978959636694 0 -45.444527 -73.54407 -141.54164
276978967133929 276978969454768 0 -45.450417 -72.94015 -141.63933
276978977190491 276978980615758 0 -45.632107 -73.55548 -141.64096
276978987250700 276978990359718 0 -45.7847 -73.96158 -141.47752
276978997309970 276979000167687 0 -45.826096 -72.947495 -141.37234
276979007368825 276979010154980 0 -45.515022 -72.73921 -141.60153
276979017425022 276979020226752 0 -45.045124 -72.73907 -142.20679
276979027480335 276979030420347 0 -44.880577 -73.54595 -142.33005
276979037537366 276979040670244 0 -45.168785 -72.93077 -141.72318
276979047594345 276979050386338 0 -45.180912 -71.71262 -141.60812
276979057653304 276979060368371 0 -45.29834 -72.51856 -141.33717
276979067712262 276979070516497 0 -45.54481 -72.92778 -141.14583
276979077771220 276979080798008 0 -45.509132 -73.343124 -141.50385
276979087828616 276979090357019 0 -45.537888 -73.562675 -141.97926
276979097886168 276979100678895 0 -45.56681 -73.77708 -142.29947
276979107943304 276979110121084 0 -45.221786 -73.93249 -141.33485
276979117999137 276979120164054 0 -44.94622 -73.31403 -141.36116
276979128056272 276979130513117 0 -45.104527 -73.12138 -141.45059
276979138116585 276979140323378 0 -45.32779 -72.71747 -141.19186
276979148175127 276979150323432 0 -45.263184 -72.9184 -141.22966
276979158231325 276979160176089 0 -45.133625 -73.33062 -141.61563
276979168288408 276979170295621 0 -45.091713 -74.36019 -142.18637
276979178344554 276979181929737 0 -45.21572 -74.541565 -141.39238
276979188400960 276979190510206 0 -45.321724 -73.326546 -141.24939
276979198456325 276979200732239 0 -45.480206 -73.12872 -141.18362
276979208515439 276979210512448 0 -45.45145 -72.90916 -140.70822
276979218574189 276979220355105 0 -45.47397 -73.74297 -141.39633
276979228632054 276979230955992 0 -45.22733 -73.33891 -141.74289
276979238693929 276979240777816 0 -44.66476 -73.299484 -141.28983
276979248754241 276979250806462 0 -44.823757 -73.08618 -140.75851
276979258814293 276979260579432 0 -44.952797 -72.68946 -140.83809
276979268872522 276979274009954 0 -45.098637 -73.725296 -141.35294
276979278931637 276979281119174 0 -45.35082 -73.535774 -141.41441
276979288989866 276979291361571 0 -45.075428 -72.91215 -141.28555
276979299046429 276979300957509 0 -44.418636 -72.87993 -141.17082
276979309103200 276979311206937 0 -44.670303 -72.7059 -141.69783
276979319162314 276979321189438 0 -44.98052 -72.94 -142.24458
276979329219970 276979331408398 0 -44.453278 -72.49558 -141.74387
276979339275960 276979341192044 0 -44.85875 -72.6915 -141.02124
276979349331533 276979351483087 0 -44.975834 -73.50777 -141.06067
276979359388825 276979361605848 0 -44.852684 -73.300575 -141.07877
276979369446064 276979371367933 0 -44.723133 -73.71278 -141.46472
276979379502835 276979381554184 0 -44.91123 -73.70871 -141.09848
276979389561950 276979391791633 0 -44.946392 -73.30887 -141.206
276979399621012 276979402009030 0 -44.547157 -72.4987 -141.71593
276979409680908 276979412653510 0 -44.794144 -72.89243 -141.05905
276979419741064 276979421826323 0 -44.946392 -73.30887 -141.206
276979429798356 276979431960491 0 -44.670822 -72.69041 -141.2323
276979439855127 276979442102002 0 -44.670822 -72.69041 -141.2323
276979449913616 276979451990857 0 -44.764526 -72.6987 -141.35954
276979459972731 276979462258411 0 -44.852512 -73.30574 -141.23393
276979470031064 276979471892318 0 -44.577118 -72.68211 -141.10507
276979480089502 276979482619090 0 -44.54819 -72.46772 -140.78484
276979490145491 276979492706851 0 -44.700607 -72.87898 -140.77661
276979500199918 276979502178310 0 -44.69403 -73.50355 -141.29968
276979510256377 276979512254249 0 -44.9114 -73.703545 -140.94327
276979520311897 276979524490292 0 -44.694717 -73.482895 -140.67896
276979530368460 276979532361595 0 -44.32476 -72.8768 -141.19878
276979540427627 276979542340085 0 -44.32459 -72.881966 -141.35394
276979550486064 276979552458367 0 -44.30155 -72.06366 -141.1314
276979560543200 276979564045608 0 -44.437336 -71.03721 -140.5327
276979570602418 276979572398005 0 -44.77128 -72.06897 -140.68127
276979580659866 276979582613527 0 -44.771107 -72.07413 -140.83646
276979590716950 276979592566236 0 -44.865326 -72.06693 -140.49815
276979600775491 276979605052800 0 -44.642582 -72.45535 -140.29137
276979610832991 276979612665092 0 -44.149822 -71.631744 -140.51889
276979620890387 276979622647333 0 -44.24318 -71.65036 -140.95647
276979630949814 276979632778167 0 -44.61193 -72.2926 -141.52293
276979641008043 276979643056293 0 -44.30121 -72.07399 -141.44174
276979651067054 276979652894419 0 -44.055424 -71.644104 -141.01236
276979661122939 276979662909733 0 -44.295315 -72.6779 -141.34409
276979671179450 276979674860515 0 -44.365463 -71.88338 -141.7143
276979681232939 276979683549058 0 -44.248207 -71.07227 -141.83006
276979691288929 276979693112236 0 -44.400627 -71.48353 -141.82184
276979701344866 276979703164997 0 -44.400112 -71.499016 -142.28735
276979711401585 276979713337238 0 -44.37153 -71.2743 -141.65677
276979721457575 276979725138697 0 -44.407207 -70.858955 -141.29875
276979731512418 276979733811198 0 -44.442024 -70.469444 -141.71664
276979741566845 276979743962345 0 -44.904827 -71.10965 -142.09996
276979751624866 276979753920367 0 -44.717075 -71.10339 -142.15585
276979761682627 276979763485420 0 -44.254272 -70.46319 -141.77254
276979771739606 276979775567556 0 -44.50074 -70.87241 -141.58116
276979781796429 276979835475583 0 -44.56483 -70.686966 -142.00891
276979791853252 276979835486677 0 -44.19001 -70.65381 -141.49997
276979801908616 276979835493656 0 -44.442886 -70.44362 -140.94073
276979811966637 276979835500114 0 -44.44895 -69.83455 -140.88322
276979822023616 276979835506260 0 -43.827663 -69.39216 -140.56561
276979832078564 276979835512250 0 -43.300255 -68.95289 -140.22008
276979842132627 276979844294438 0 -43.04824 -69.13725 -140.00342
276979852187470 276979854165168 0 -43.428432 -68.58199 -141.07558
276979862241585 276979864419961 0 -43.339928 -67.99045 -141.6667
276979872297262 276979874545900 0 -43.029373 -67.76667 -141.43033
276979882351741 276979884461057 0 -43.187855 -67.568855 -141.36458
276979892405179 276979895664860 0 -43.286934 -66.98872 -142.05502
276979902460595 276979904687934 0 -43.139885 -65.989044 -142.62646
276979912512418 276979915131216 0 -43.333702 -65.38622 -142.51305
276979922564293 276979925274030 0 -43.32712 -66.01079 -143.03609
276979932620231 276979935672937 0 -43.667294 -66.42831 -142.97197
276979942675335 276979945542105 0 -43.832016 -65.61626 -142.69353
276979952729397 276979955101689 0 -43.626423 -64.208435 -143.24524
276979962783981 276979965322211 0 -43.691372 -63.99717 -142.8971
276979972838668 276979975756899 0 -43.784733 -64.015785 -143.33467
276979982893825 276979985592577 0 -43.760834 -63.2233 -143.88802
276979992949033 276979995284609 0 -43.661755 -63.803425 -143.19759
276980003005804 276980005273048 0 -43.82007 -63.61078 -143.287
276980013064397 276980015094091 0 -43.925034 -62.426735 -144.0751
276980023120856 276980025002946 0 -43.76621 -62.63488 -144.45123
276980033178356 276980035139301 0 -43.960712 -62.011402 -143.71709
276980043236481 276980045279510 0 -44.190033 -60.998405 -143.40083
276980053293408 276980055205032 0 -43.92019 -59.781193 -143.67998
276980063349762 276980065384929 0 -44.30141 -59.19496 -143.82104
276980073406220 276980075656701 0 -44.92235 -59.64768 -144.449
276980083460543 276980085585816 0 -45.109756 -59.66426 -144.70346
276980093517418 276980095595817 0 -45.303745 -59.05627 -144.43486
276980103574137 276980105558839 0 -45.526318 -58.67301 -144.79683
276980113631533 276980115789205 0 -45.561306 -58.27833 -145.05956
276980123689241 276980129395456 0 -46.00142 -58.089897 -144.90996
276980133746637 276980135723478 0 -46.00748 -57.48082 -144.85245
276980143803825 276980147061291 0 -45.85506 -57.069557 -144.86067
276980153861272 276980155701292 0 -46.55256 -56.108345 -145.49095
276980163918043 276980165928585 0 -47.408543 -54.949318 -146.05547
276980173974762 276980176462857 0 -47.502075 -54.962776 -146.3379
276980184030647 276980186124681 0 -47.72499 -54.569187 -146.38953
276980194086272 276980196471505 0 -48.229706 -54.179817 -146.20213
276980204141012 276980206121141 0 -48.29328 -54.009853 -147.09541
276980214194397 276980216052027 0 -48.305225 -52.79687 -147.13554
276980224247679 276980228259164 0 -48.650948 -52.6208 -147.47945
276980234301793 276980237226717 0 -49.213688 -52.655056 -147.7773
276980244354710 276980246405728 0 -49.313805 -52.04394 -147.53665
276980254408512 276980256304792 0 -49.19117 -51.82126 -147.08922
276980264463252 276980266667605 0 -49.415462 -51.386356 -145.89938
276980274517575 276980276445419 0 -49.889187 -50.844555 -147.25394
276980284573512 276980286650680 0 -50.111244 -50.476788 -148.08147
276980294628095 276980296519744 0 -50.61647 -50.071922 -147.42854
276980304683043 276980306553651 0 -51.09123 -49.499134 -147.85202
276980314738668 276980316554485 0 -51.631283 -48.704758 -147.61697
276980324795283 276980326702403 0 -51.63146 -48.699593 -147.46176
276980334852366 276980336693237 0 -51.883293 -48.520397 -147.83362
276980344908356 276980346849697 0 -52.32895 -47.73838 -148.09207
276980354965075 276980356791260 0 -52.4282 -47.153084 -148.6273
276980365020856 276980366946105 0 -52.710007 -47.1573 -148.38829
276980375075491 276980378213866 0 -53.02748 -46.746185 -147.79126
276980385128512 276980387037044 0 -53.191853 -45.944458 -147.82317
276980395182679 276980397113243 0 -53.81349 -46.376526 -147.83038
276980405237418 276980407046942 0 -54.24736 -46.80233 -147.8935
276980415293356 276980417166422 0 -54.276463 -47.011562 -148.05852
276980425348304 276980428271736 0 -54.317688 -46.00264 -148.10854
276980435403252 276980437382674 0 -54.411568 -46.005768 -148.0806
276980445458929 276980447389759 0 -54.563988 -46.417034 -148.07237
276980455513356 276980457846114 0 -54.44638 -45.616253 -148.49846
276980465569554 276980468933042 0 -54.79885 -44.81045 -148.16411
276980475625908 276980477823772 0 -55.52094 -44.621075 -147.62035
276980485681429 276980487662315 0 -55.64409 -44.82827 -147.60225
276980495737418 276980497693878 0 -55.614815 -44.624203 -147.59239
276980505792522 276980507612890 0 -55.714577 -44.023415 -147.6621
276980515845231 276980518829557 0 -56.52362 -44.472057 -147.92377
276980525899710 276980529093361 0 -56.992313 -44.50835 -148.40477
276980535953981 276980538039559 0 -56.83955 -44.10742 -148.72339
276980546009137 276980547940081 0 -56.92788 -44.704132 -148.2874
276980556064918 276980560632010 0 -56.93377 -44.100216 -148.38506
276980566119918 276980568685396 0 -57.00478 -43.279873 -147.97939
276980576175231 276980578828991 0 -57.438488 -43.710842 -148.19766
276980586229137 276980588794304 0 -57.25697 -43.09035 -148.04086
276980596281897 276980601077326 0 -57.538086 -43.115227 -148.42258
276980606334814 276980608894514 0 -57.748695 -43.944946 -148.74442
276980616389658 276980619093890 0 -57.907528 -43.73681 -148.36832
276980626445387 276980628911079 0 -58.03691 -43.32976 -148.1375
276980636499085 276980639375559 0 -58.072243 -42.92475 -148.08983
276980646552887 276980649514258 0 -58.195564 -43.126785 -147.91658
276980656611950 276980660758582 0 -58.218597 -43.94509 -148.13913
276980666668147 276980669158114 0 -58.18344 -44.344936 -148.03162
276980676724502 276980679049053 0 -58.31265 -43.943054 -147.95601
276980686780283 276980689319574 0 -58.007122 -43.141186 -148.5932
276980696836950 276980699943638 0 -58.13044 -43.34322 -148.41994
276980706892887 276980710919525 0 -58.470093 -43.77623 -148.82133
276980716949658 276980720831296 0 -58.22311 -43.382496 -149.47824
276980727005231 276980729644683 0 -58.00609 -43.172173 -149.52428
276980737059554 276980739747236 0 -58.294292 -42.556988 -148.91739
276980747116585 276980750139945 0 -58.793465 -42.761192 -148.32196
276980757173043 276980760947030 0 -58.692665 -43.392967 -149.18333
276980767230700 276980770294062 0 -58.34695 -43.569035 -148.83943
276980777286377 276980780415104 0 -58.41224 -43.34744 -148.18092
276980787341429 276980790188751 0 -58.693703 -43.361984 -148.25226
276980797396637 276980800442086 0 -58.752068 -43.77528 -148.42715
276980807452262 276980811160420 0 -58.570034 -43.17028 -148.73587
276980817508929 276980820580213 0 -58.634468 -42.974503 -148.85327
276980827564554 276980830098495 0 -58.63464 -42.969337 -148.69807
276980837621793 276980840053860 0 -58.82222 -42.980755 -148.79738
276980847678772 276980851461518 0 -59.010147 -42.981846 -148.58629
276980857740856 276980861240112 0 -59.016552 -42.362442 -148.21841
276980867798147 276980870348342 0 -58.981564 -42.757122 -147.95572
276980877854814 276980879758291 0 -58.975506 -43.3662 -148.01324
276980887911220 276980890852563 0 -59.098133 -43.588886 -148.46068
276980897967054 276980900122773 0 -58.886482 -42.790142 -149.06993
276980908025439 276980911251263 0 -58.98139 -42.762287 -148.1109
276980918084345 276980921262931 0 -59.069206 -43.374493 -148.14047
276980928140856 276980930419390 0 -58.82222 -42.980755 -148.79738
276980938198408 276980940622412 0 -58.51166 -42.756977 -148.56097
276980948255439 276980950466319 0 -58.693703 -43.361984 -148.25226
276980958313043 276980961461997 0 -58.663742 -43.178574 -148.86313
276980968372679 276980970553873 0 -58.63464 -42.969337 -148.69807
276980978432679 276980980465697 0 -58.94589 -43.17246 -148.31374
276980988491012 276980990573407 0 -58.72904 -42.956974 -148.20459
276980998548616 276981000588616 0 -58.664948 -43.14242 -147.77684
276981008608512 276981011660961 0 -58.91696 -42.95806 -147.99353
276981018666585 276981020732107 0 -58.945717 -43.177624 -148.46892
276981028725856 276981030767525 0 -58.94589 -43.17246 -148.31374
276981038783877 276981040961276 0 -59.03976 -43.175587 -148.2858
276981048842887 276981050982215 0 -58.92285 -42.354153 -148.09119
276981058901637 276981061903987 0 -58.488804 -41.933506 -148.18324
276981068961325 276981070935758 0 -58.512352 -42.73632 -147.94025
276981079021950 276981081079509 0 -58.887863 -42.74883 -147.82846
276981089079241 276981091159667 0 -58.858074 -42.560253 -148.28416
276981099136533 276981101154980 0 -59.010666 -42.966354 -148.12076
276981109197418 276981111832950 0 -58.946236 -43.162132 -148.00339
276981119257366 276981121525868 0 -58.57696 -42.53538 -147.90244
276981129316272 276981131395608 0 -58.75831 -43.161045 -148.21445
276981139374189 276981141562588 0 -58.938957 -43.807354 -149.14717
276981149433720 276981151592173 0 -58.787403 -43.370274 -148.37949
276981159489554 276981162288788 0 -58.72869 -42.9673 -148.51494
276981169547314 276981171593112 0 -58.071724 -42.940243 -148.55539
276981179606950 276981182989572 0 -57.796673 -42.306297 -148.11615
276981189665231 276981192566552 0 -58.201283 -42.528038 -148.16943
276981199721012 276981202432073 0 -58.31871 -43.33398 -147.89848
276981209775231 276981212093637 0 -58.383484 -43.12788 -147.7055
276981219833981 276981221872544 0 -58.48308 -42.532253 -147.93039
276981229893720 276981232018014 0 -58.41241 -43.342274 -148.02571
276981239952002 276981242368327 0 -58.153996 -44.146034 -148.17693
276981250011377 276981252160151 0 -58.19505 -43.14228 -148.38213
276981260070335 276981263239319 0 -57.94286 -43.331802 -148.32065
276981270131793 276981272267497 0 -57.690502 -43.526485 -148.41435
276981280192106 276981282590467 0 -57.88397 -42.93399 -148.61128
276981290250491 276981292238853 0 -58.224144 -43.35151 -148.54716
276981300308981 276981302334219 0 -58.377254 -43.742115 -147.9182
276981310367158 276981312339637 0 -58.008156 -43.110203 -147.66211
276981320424189 276981322952867 0 -57.72618 -43.11115 -148.0563
276981330480752 276981332790889 0 -57.93766 -43.915054 -147.60226
276981340537731 276981342467973 0 -58.066357 -43.528664 -147.99219
276981350595335 276981352525891 0 -58.00747 -43.13086 -148.28285
276981360652991 276981363567298 0 -57.762203 -42.685482 -147.38791
276981370712835 276981372861309 0 -57.638885 -42.48345 -147.5612
276981380771897 276981382685633 0 -57.790787 -42.910206 -148.0185
276981390831637 276981392722197 0 -57.878773 -43.51725 -147.8929
276981400892002 276981402868708 0 -57.68513 -44.11491 -147.85114
276981410952106 276981413597928 0 -57.46776 -43.91491 -148.20752
276981421012210 276981422894700 0 -57.256798 -43.095512 -148.19603
276981431071272 276981433084909 0 -57.59056 -44.13244 -148.49982
276981441130856 276981443233347 0 -57.960007 -44.75402 -148.44556
276981451192783 276981453164390 0 -58.031704 -43.913017 -147.41911
276981461252783 276981464061058 0 -57.849846 -43.302853 -147.5727
276981471311897 276981473737101 0 -57.78524 -43.50379 -147.61049
276981481370908 276981483439914 0 -57.873226 -44.110832 -147.48486
276981491430543 276981493327675 0 -57.63299 -43.087364 -147.46352
276981501492887 276981503367208 0 -57.48092 -42.665775 -147.16139
276981511554866 276981515539605 0 -57.790787 -42.910206 -148.0185
276981521614814 276981523592470 0 -57.78386 -43.545105 -148.85193
276981531674137 276981533990857 0 -57.37371 -43.916946 -148.39064
276981541733512 276981543982368 0 -57.43866 -43.70568 -148.0425
276981551792835 276981554325806 0 -57.503433 -43.499577 -147.8495
276981561853252 276981564076224 0 -57.228043 -42.87595 -147.72064
276981571910908 276981574127111 0 -56.823093 -42.66454 -147.97775
276981581968564 276981584149455 0 -56.852192 -42.87377 -148.14278
276981592025804 276981594132477 0 -57.50378 -43.489246 -147.53912
276981602083668 276981604264093 0 -57.16395 -43.0614 -147.2929
276981612142679 276981614833417 0 -57.192883 -43.275795 -147.61311
276981622202262 276981624466022 0 -57.655857 -43.91084 -147.84128
276981632262366 276981634938054 0 -57.56232 -43.89738 -147.55884
276981642322002 276981646568055 0 -57.092594 -43.892075 -148.00896
276981652379397 276981654996650 0 -57.13382 -42.883152 -148.05894
276981662437522 276981664887328 0 -57.538773 -43.09457 -147.80185
276981672496064 276981675110037 0 -58.00157 -43.73477 -148.18517
276981682554970 276981685742747 0 -57.784206 -43.53478 -148.54158
276981692613616 276981696765091 0 -57.784378 -43.529613 -148.3864
276981702671012 276981705298113 0 -57.755795 -43.30489 -147.75581
276981712727887 276981715516552 0 -57.849327 -43.318344 -148.03822
276981722785491 276981725337073 0 -57.79027 -42.9257 -148.48405
276981732840960 276981735430616 0 -57.5386 -43.099735 -147.95702
276981742897054 276981746383430 0 -57.972473 -43.52554 -148.02013
276981752955127 276981755686920 0 -58.28944 -43.129913 -147.88863
276981763014918 276981765136921 0 -58.26 -42.931007 -148.03394
276981773074293 276981775246714 0 -58.65802 -43.777317 -148.61028
276981783132783 276981785337965 0 -59.092243 -44.1928 -148.36304
276981793192210 276981796645987 0 -59.162567 -43.393112 -148.57805
276981803250127 276981806587967 0 -59.596615 -43.813755 -148.486
276981813308981 276981815270832 0 -59.778305 -44.42909 -148.48761
276981823365856 276981825377396 0 -59.936268 -44.246765 -148.88742
276981833425387 276981835545262 0 -60.317493 -43.660522 -149.02847
276981843483616 276981846702919 0 -60.79191 -43.09807 -149.76233
276981853544762 276981855646878 0 -61.10264 -43.316685 -149.84352
276981863601637 276981865634327 0 -61.478832 -43.308537 -149.11101
276981873658981 276981875554901 0 -61.508617 -43.49711 -148.6553
276981883714814 276981885608964 0 -61.84862 -43.919792 -148.7464
276981893774085 276981896911726 0 -62.41708 -43.3553 -149.2971
276981903831325 276981905936206 0 -62.510956 -43.35843 -149.26917
276981913887887 276981916125582 0 -62.851128 -43.775944 -149.20503
276981923945179 276981925880010 0 -62.850956 -43.78111 -149.36021
276981934003304 276981935994647 0 -62.851128 -43.775944 -149.20503
276981944060908 276981947210325 0 -63.566635 -44.211132 -149.18431
276981954120179 276981956120013 0 -63.877537 -44.424587 -149.11034
276981964178877 276981966189441 0 -63.66709 -43.58969 -148.63329
276981974238460 276981976101421 0 -64.106865 -43.41159 -148.79407
276981984297575 276981986995433 0 -64.64067 -43.23145 -148.77171
276981994356325 276981997401632 0 -65.297295 -43.26883 -149.04161
276982004413877 276982006452466 0 -65.83145 -43.07836 -148.70891
276982014471481 276982016444707 0 -66.30049 -43.10433 -148.87956
276982024530179 276982026862937 0 -66.72796 -44.14954 -149.31055
276982034589658 276982036561271 0 -67.13932 -43.74155 -148.68556
276982044647262 276982047516689 0 -67.76684 -43.5697 -148.79044
276982054703981 276982056558981 0 -68.17127 -43.7966 -148.99886
276982064761793 276982066694555 0 -68.45879 -43.20207 -149.01271
276982074819710 276982076661483 0 -69.10952 -43.84337 -149.18495
276982084878616 276982086794245 0 -69.38492 -44.466988 -149.31381
276982094937002 276982097686746 0 -69.82503 -44.278557 -149.16423
276982104994970 276982106855132 0 -70.33026 -43.87369 -148.5113
276982115053772 276982117190185 0 -70.58245 -43.68417 -148.57278
276982125111429 276982126948780 0 -70.77037 -43.68526 -148.36172
276982135168616 276982138551021 0 -71.32774 -44.307934 -148.09636
276982145230075 276982148077949 0 -71.85515 -44.747204 -148.44191
276982155288408 276982157186648 0 -72.1141 -43.927944 -147.82513
276982165347470 276982167293680 0 -72.929535 -43.757187 -147.71896
276982175407522 276982177676702 0 -73.54424 -44.824146 -148.5596
276982185465335 276982187371703 0 -73.72576 -45.44464 -148.71642
276982195522835 276982198208527 0 -73.85515 -45.037594 -148.48563
276982205580439 276982207565767 0 -74.32504 -45.03774 -147.88034
276982215639658 276982218105977 0 -75.070335 -45.661503 -147.40395
276982225698095 276982227446915 0 -75.82758 -45.07228 -146.96768
276982235756585 276982237572437 0 -76.14386 -44.69731 -147.45688
276982245813720 276982248145980 0 -76.570816 -45.758015 -148.35344
276982255870595 276982257872804 0 -77.62701 -46.595234 -147.80304
276982265928043 276982267933378 0 -77.94431 -46.189278 -147.36119
276982275985387 276982279214837 0 -77.85633 -45.582237 -147.48679
276982286044554 276982288013380 0 -78.06695 -46.411964 -147.80862
276982296102835 276982299148693 0 -78.659134 -46.645123 -147.9612
276982306161533 276982308522027 0 -78.912 -46.434948 -147.40193
276982316218616 276982318659737 0 -79.49899 -47.25136 -146.83612
276982326276429 276982328371769 0 -79.780106 -47.276237 -147.2178
276982336336585 276982338696666 0 -79.90308 -47.488594 -147.35489
276982346397210 276982349494532 0 -80.40191 -47.703133 -147.06984
276982356458356 276982358754168 0 -80.53147 -47.290924 -146.68388
276982366516429 276982368910158 0 -81.27556 -47.950836 -147.29375
276982376574866 276982378764482 0 -81.96145 -48.192287 -147.5735
276982386632054 276982388935577 0 -81.77455 -48.16021 -146.85349
276982396690075 276982399276464 0 -81.89787 -48.362244 -146.68022
276982406749658 276982409246152 0 -82.396355 -48.587112 -146.70554
276982416810283 276982419345059 0 -82.396355 -48.587112 -146.70554
276982426871116 276982429219592 0 -82.67781 -48.601658 -146.7769
276982436931168 276982439525061 0 -82.807365 -48.18945 -146.39091
276982446988668 276982449705844 0 -82.9882 -48.8306 -147.16844
276982457044397 276982459935011 0 -83.27 -48.83482 -146.92943
276982467100439 276982471369492 0 -83.400246 -48.40195 -145.92274
276982477158460 276982479760013 0 -83.76986 -49.018375 -145.7133
276982487215595 276982489777306 0 -84.04577 -49.6265 -145.3766
276982497273825 276982500030171 0 -84.08093 -49.226658 -145.48412
276982507332210 276982510173662 0 -84.36811 -48.642456 -145.80832
276982517390075 276982520394288 0 -84.45575 -49.259823 -145.99307
276982527448720 276982530208091 0 -84.543564 -49.87203 -146.02264
276982537507783 276982540406946 0 -84.63727 -49.880318 -146.14987
276982547568720 276982550556322 0 -84.607994 -49.676247 -146.14001
276982557628252 276982560839500 0 -85.10025 -50.515358 -146.37805
276982567686689 276982570483564 0 -85.593 -51.338974 -146.15053
276982577744814 276982582292836 0 -85.62262 -51.532715 -145.84999
276982587802679 276982590487733 0 -85.77539 -51.93365 -145.53142
276982597861272 276982600843879 0 -85.90408 -51.54726 -145.92134
276982607919345 276982610493412 0 -85.96869 -51.346317 -145.88353
276982617977210 276982620981017 0 -85.81055 -51.533806 -145.63893
276982628033095 276982630162164 0 -85.62228 -51.54304 -146.16039
276982638088200 276982640223050 0 -85.49341 -51.9346 -145.92561
276982648142210 276982650303572 0 -85.833755 -52.34695 -145.70631
276982658196116 276982660130760 0 -85.80483 -52.132553 -145.38611
276982668251272 276982670329355 0 -85.922775 -52.923008 -144.64963
276982678308408 276982680295398 0 -86.07451 -53.354927 -145.2621
276982688366429 276982690369253 0 -86.05078 -52.557274 -145.66028
276982698422575 276982700498577 0 -86.14466 -52.5604 -145.63234
276982708481272 276982710426859 0 -86.23316 -53.151943 -145.04118
276982718540127 276982720625662 0 -86.04592 -53.1302 -144.63155
276982728599345 276982730519205 0 -86.04592 -53.1302 -144.63155
276982738660179 276982740553425 0 -86.20406 -52.94272 -144.87614
276982748720647 276982750768790 0 -86.32669 -53.1654 -145.32361
276982758780022 276982762549104 0 -86.38471 -53.58903 -145.80885
276982768839658 276982770851501 0 -86.16163 -53.98779 -145.91241
276982778902002 276982782541762 0 -86.06169 -54.59373 -145.99788
276982788963200 276982790999055 0 -86.002975 -54.190758 -146.13333
276982799022627 276982804778744 0 -85.59855 -53.96386 -145.92491
276982809084866 276982811000932 0 -85.816086 -54.158688 -145.41333
276982819146481 276982821741454 0 -85.974396 -53.96604 -145.50278
276982829206689 276982833003069 0 -85.78561 -53.990772 -146.48975
276982839266377 276982841896091 0 -86.1263 -54.392796 -145.96007
276982849326012 276982851502759 0 -86.24962 -54.594822 -145.78682
276982859384293 276982861279791 0 -85.87359 -54.597805 -146.36415
276982869441012 276982871652761 0 -86.22086 -54.375267 -145.3114
276982879502314 276982882583491 0 -86.5962 -54.39294 -145.35481
276982889562522 276982891772554 0 -86.40238 -54.995766 -145.46823
276982899619554 276982903257347 0 -86.43182 -55.194664 -145.32289
276982909679293 276982911692035 0 -86.15037 -55.180115 -145.25156
276982919740543 276982921998859 0 -85.99258 -55.357277 -144.69656
276982929799814 276982933187194 0 -86.215324 -54.968853 -144.9034
276982939857575 276982941935424 0 -85.932655 -54.990456 -145.91832
276982949916116 276982952177664 0 -85.86874 -55.170734 -145.33539
276982959977314 276982962369020 0 -86.27906 -54.793728 -145.6415
276982970036950 276982972118500 0 -85.90338 -54.786385 -145.90846
276982980093043 276982982880532 0 -86.238014 -55.797485 -145.4363
276982990149502 276982992249700 0 -86.26676 -56.017048 -145.91171
276983000208460 276983002941628 0 -86.20891 -55.58825 -145.27127
276983010266950 276983012293920 0 -85.98565 -55.992176 -145.53
276983020324710 276983022352151 0 -85.70333 -56.003452 -146.23457
276983030384241 276983033236943 0 -86.137726 -56.413765 -145.83215
276983040444137 276983043084132 0 -86.57818 -56.215004 -145.37218
276983050500700 276983052658612 0 -85.89749 -55.390297 -145.8108
276983060559085 276983062739498 0 -85.52164 -55.38812 -146.23294
276983070619554 276983072633562 0 -85.428276 -55.3695 -145.79536
276983080678772 276983083277313 0 -85.45755 -55.573563 -145.80522
276983090739450 276983093734449 0 -85.51609 -55.981705 -145.82494
276983100801481 276983103172627 0 -85.42239 -55.97341 -145.69768
276983110862106 276983112672680 0 -85.6098 -55.989994 -145.95216
276983120924502 276983122832577 0 -85.82717 -56.189983 -145.59575
276983130986012 276983133391797 0 -85.704025 -55.982796 -145.61383
276983141043981 276983142974506 0 -85.681335 -55.154152 -145.08093
276983151101897 276983153081434 0 -85.64582 -55.564327 -145.28377
276983161159970 276983162914977 0 -85.76239 -56.396095 -145.78876
276983171219658 276983174366124 0 -85.89126 -56.00454 -146.0235
276983181278772 276983183193469 0 -85.919495 -56.239586 -146.96445
276983191335908 276983193337063 0 -85.861465 -55.81596 -146.4792
276983201391741 276983204525815 0 -85.61101 -55.953846 -144.86588
276983211449658 276983213244878 0 -85.4527 -56.146492 -144.77644
276983221508877 276983223433004 0 -85.58156 -55.75494 -145.01122
276983231567418 276983233707536 0 -85.79876 -55.9601 -144.80998
276983241626116 276983243395454 0 -85.857475 -56.36307 -144.67453
276983251684606 276983253472278 0 -85.69899 -56.560883 -144.74028
276983261746377 276983263383945 0 -85.76291 -56.380604 -145.3232
276983271810075 276983273675926 0 -85.92105 -56.19311 -145.5678
276983281869918 276983284054364 0 -85.856445 -56.394054 -145.6056
276983291928200 276983293829001 0 -85.86233 -55.790142 -145.7033
276983301984866 276983304235772 0 -85.99258 -55.357277 -144.69656
276983312042470 276983313945513 0 -85.7106 -55.358223 -145.09079
276983322100022 276983330201088 0 -85.29959 -55.755886 -145.40541
276983332162262 276983334456400 0 -85.264595 -56.150566 -145.14273
276983342223043 276983344670568 0 -84.98937 -55.52178 -144.85866
276983352282106 276983354478694 0 -84.80803 -54.896122 -144.54668
276983362345283 276983364296560 0 -85.428795 -55.354008 -145.3298
276983372406793 276983374764634 0 -85.73884 -55.59327 -146.03172
276983382465856 276983385125468 0 -85.486824 -55.777634 -145.81508
276983392524450 276983394805104 0 -85.451324 -56.1878 -146.01791
276983402582679 276983405548439 0 -85.70368 -55.993122 -145.92421
276983412640335 276983414925263 0 -85.73901 -55.588104 -145.87656
276983422699241 276983426650420 0 -85.79824 -55.975594 -145.27554
276983432759450 276983435277244 0 -85.54554 -56.180603 -145.67958
276983442820960 276983445516724 0 -85.42222 -55.978577 -145.85287
276983452881325 276983455556881 0 -85.2407 -55.358078 -145.69604
276983462942679 276983467328914 0 -85.08828 -54.94682 -145.70427
276983473003095 276983475461623 0 -85.17644 -55.54869 -145.4235
276983483061325 276983485603447 0 -85.45789 -55.563232 -145.49484
276983493119658 276983495607614 0 -85.52181 -55.382954 -146.07776
276983503179502 276983506251678 0 -85.21109 -55.164333 -145.99657
276983513238512 276983515909387 0 -85.0235 -55.15292 -145.89728
276983523298043 276983526061211 0 -85.14683 -55.354954 -145.72398
276983533356533 276983535588712 0 -85.30513 -55.1623 -145.81345
276983543413877 276983545456682 0 -85.1231 -54.557293 -146.12216
276983553470127 276983555699600 0 -85.08742 -54.972637 -146.48018
276983563528668 276983565401684 0 -85.3041 -55.193283 -146.74452
276983573588668 276983575537466 0 -85.27552 -54.968563 -146.11394
276983583646481 276983585489134 0 -85.39935 -55.155098 -145.47511
276983593703408 276983595597104 0 -85.46379 -54.959328 -145.59248
276983603760283 276983606001688 0 -85.522156 -55.372627 -145.76741
276983613816272 276983615688512 0 -85.64478 -55.59531 -146.21484
276983623872106 276983625945232 0 -85.46345 -54.969654 -145.90286
276983633927783 276983636293358 0 -84.99371 -54.964348 -146.35295
276983643983460 276983646004400 0 -84.83489 -55.17248 -146.72908
276983654039866 276983656090860 0 -84.958374 -55.369354 -146.40062
276983664096325 276983665964246 0 -85.08102 -55.592037 -146.84808
276983674153200 276983676054247 0 -84.92894 -55.170444 -146.54593
276983684207783 276983686103206 0 -84.83541 -55.15699 -146.26352
276983694262522 276983696117061 0 -85.1813 -54.97576 -146.45224
276983704318981 276983706447948 0 -85.27552 -54.968563 -146.11394
276983714373825 276983718168887 0 -85.240005 -55.378735 -146.31677
276983724431325 276983726439669 0 -85.34012 -54.76762 -146.07613
276983734485387 276983736476388 0 -85.36991 -54.9562 -145.62044
276983744539606 276983746424150 0 -85.269455 -55.577633 -146.17146
276983754594918 276983758776286 0 -85.05243 -55.367317 -146.2175
276983764652783 276983766383110 0 -85.05901 -54.74275 -145.69441
276983774707575 276983776639413 0 -85.30547 -55.15197 -145.50307
276983784762627 276983786759206 0 -85.240524 -55.363243 -145.85126
276983794815022 276983796885405 0 -85.11738 -55.156048 -145.86934
276983804869918 276983807012333 0 -85.2407 -55.358078 -145.69604
276983814924397 276983818421553 0 -85.39867 -55.175755 -146.09586
276983824977210 276983827122127 0 -85.58035 -55.79109 -146.09747
276983835030491 276983836805669 0 -85.72671 -56.811428 -146.14677
276983845084345 276983846966764 0 -85.53862 -56.8155 -146.51302
276983855136845 276983857208223 0 -85.321594 -56.605175 -146.55905
276983865189918 276983868378954 0 -85.60356 -56.60423 -146.16486
276983875242366 276983877187027 0 -85.639244 -56.188896 -145.80685
276983885295908 276983887228174 0 -85.47453 -57.00095 -146.0853
276983895349814 276983897228071 0 -85.66228 -57.007206 -146.0294
276983905405387 276983907603697 0 -85.97335 -57.21549 -145.80025
276983915460075 276983918641198 0 -85.967285 -57.82457 -145.85777
276983925515283 276983927528855 0 -86.025665 -58.237865 -146.03267
276983935567262 276983937408336 0 -86.120224 -58.220337 -145.38399
276983945620700 276983947454587 0 -86.28494 -57.408287 -145.10555
276983955673512 276983957776150 0 -86.13269 -56.99186 -144.95859
276983965728043 276983968616099 0 -86.401855 -58.22972 -145.30014
276983975781272 276983978602975 0 -86.735794 -59.261475 -145.44873
276983985835231 276983987843913 0 -86.80006 -59.07087 -145.7213
276983995887835 276983997857092 0 -87.26303 -59.705902 -145.94945
276984005941377 276984008061884 0 -87.38064 -60.506687 -145.52332
276984015995700 276984018938083 0 -87.16429 -60.275707 -144.94865
276984026047627 276984029253605 0 -86.97117 -60.857872 -144.44133
276984036102731 276984037989700 0 -87.24657 -61.4815 -144.57019
276984046157783 276984049008711 0 -87.49217 -61.916542 -145.15475
276984056213512 276984058440118 0 -87.556946 -61.710434 -144.96178
276984066267470 276984069071005 0 -87.462906 -61.71247 -145.1449
276984076321272 276984078677985 0 -87.24605 -61.49699 -145.03575
276984086374762 276984088872726 0 -87.6219 -61.499172 -144.61359
276984096429554 276984098856320 0 -87.64562 -62.29682 -144.21544
276984106484554 276984108659967 0 -87.51727 -62.672882 -143.51515
276984116539397 276984119149812 0 -87.66952 -63.08931 -143.6621
276984126593668 276984129109240 0 -87.575645 -63.086185 -143.69003
276984136647783 276984139016116 0 -87.93938 -64.30651 -143.38292
276984146703304 276984148958877 0 -88.05577 -65.14344 -144.04309
276984156758408 276984159214556 0 -87.83891 -64.92796 -143.93394
276984166813929 276984169248567 0 -88.07949 -65.94109 -143.64494
276984176870491 276984179202735 0 -87.92101 -66.13891 -143.7107
276984186927002 276984189661538 0 -88.16782 -66.5378 -143.20895
276984196981950 276984199776278 0 -88.32059 -66.93874 -142.89038
276984207035908 276984209881227 0 -87.69255 -67.12608 -143.25104
276984217089814 276984220938364 0 -87.65756 -67.52077 -142.98831
276984227142002 276984229512219 0 -87.74017 -68.716225 -142.29951
276984237193043 276984239930553 0 -87.704834 -69.12123 -142.34717
276984247245908 276984249739304 0 -87.8867 -69.73141 -142.19362
276984257300595 276984259734722 0 -87.693405 -70.318726 -141.84152
276984267355647 276984270258837 0 -87.87544 -70.92373 -141.53276
276984277413200 276984280051807 0 -87.781906 -70.91028 -141.25037
276984287471064 276984290457694 0 -87.46529 -71.29558 -141.07149
276984297526533 276984300146497 0 -87.36569 -71.8912 -140.8466
276984307580179 276984310529987 0 -87.17777 -71.89011 -141.05766
276984317633877 276984320417020 0 -87.1071 -72.70013 -141.15298
276984327688356 276984330367698 0 -87.18919 -73.91108 -140.92973
276984337742939 276984340556605 0 -86.995895 -74.49841 -140.5776
276984347796689 276984350369210 0 -86.67339 -75.487625 -140.3011
276984357848929 276984360753430 0 -86.25717 -76.468544 -139.89734
276984367903772 276984370927077 0 -85.53561 -76.642426 -139.97559
276984377957783 276984381933015 0 -85.18937 -76.83399 -140.09723
276984388014450 276984390437756 0 -85.21899 -77.02773 -139.7967
276984398071220 276984399996871 0 -84.685165 -77.20786 -139.81906
276984408126637 276984410438435 0 -84.02267 -77.7744 -139.45148
276984418181064 276984420625259 0 -83.67002 -78.58536 -139.94102
276984428235804 276984430206041 0 -83.41801 -78.76972 -139.72433
276984438289293 276984440335781 0 -83.260216 -78.94688 -139.16936
276984448343408 276984450218230 0 -83.136375 -78.76034 -139.80818
276984458398200 276984461649950 0 -82.41429 -78.949715 -140.35199
276984468454762 276984471198597 0 -82.18514 -79.95755 -140.51306
276984478511012 276984480424640 0 -81.68631 -79.743004 -140.79811
276984488565908 276984490525786 0 -81.246544 -79.92111 -140.63731
276984498622314 276984500465319 0 -81.26975 -80.73425 -140.7047
276984508675700 276984510928132 0 -80.64743 -80.32285 -141.31822
276984518728668 276984521410217 0 -80.02528 -79.90628 -141.77652
276984528782835 276984530744072 0 -80.05455 -80.110344 -141.78639
276984538838616 276984540939646 0 -79.99687 -79.676384 -140.99075
276984548893720 276984550821261 0 -80.05611 -80.063866 -140.38979
276984558948772 276984561145116 0 -80.05005 -80.67294 -140.4473
276984569004762 276984571002097 0 -80.021126 -80.45854 -140.12706
276984579059189 276984580897358 0 -79.738976 -80.46466 -140.67645
276984589114606 276984591060067 0 -79.422356 -80.84996 -140.49757
276984599168460 276984600954860 0 -78.952805 -80.83949 -140.79251
276984609222731 276984611455069 0 -78.571236 -81.43605 -140.96182
276984619276272 276984621622518 0 -78.81856 -81.819466 -139.99452
276984629330179 276984631234967 0 -78.57175 -81.42056 -140.49626
276984639384918 276984641714968 0 -78.19607 -81.413216 -140.76321
276984649440647 276984651423771 0 -78.19607 -81.413216 -140.76321
276984659496272 276984661620439 0 -78.16108 -81.80791 -140.50053
276984669552158 276984671912784 0 -78.06721 -81.80478 -140.52847
276984679606950 276984681632524 0 -78.00156 -82.0367 -141.49736
276984689660700 276984692699088 0 -78.066345 -81.8306 -141.30438
276984699716168 276984701522057 0 -77.94388 -81.602745 -140.70174
276984709772991 276984713605184 0 -77.252106 -81.9652 -140.3243
276984719830647 276984722027841 0 -77.2812 -82.17444 -140.48933
276984729886533 276984732069092 0 -77.491646 -83.00933 -140.96637
276984739940804 276984742038624 0 -77.05188 -83.18743 -140.80562
276984749995856 276984752014354 0 -76.62406 -82.15255 -140.68495
276984760054502 276984763121230 0 -76.59496 -81.94331 -140.51991
276984770111429 276984772044512 0 -76.8934 -83.38525 -140.87137
276984780165960 276984782108680 0 -76.4176 -83.98901 -141.37897
276984790221845 276984792307952 0 -76.08419 -82.94176 -140.76483
276984800278460 276984804124828 0 -76.03171 -81.924545 -140.68759
276984810334710 276984812465141 0 -76.055084 -82.73253 -140.5998
276984820391325 276984822395611 0 -75.80307 -82.91689 -140.38315
276984830445908 276984832307331 0 -75.64442 -83.119865 -140.60406
276984840501116 276984842967019 0 -75.391716 -83.324875 -141.00812
276984850555595 276984852376187 0 -75.42064 -83.539276 -141.32835
276984860611689 276984862671969 0 -75.76757 -83.32706 -140.58598
276984870668252 276984872586502 0 -75.70919 -82.913765 -140.41109
276984880724762 276984882959940 0 -75.50914 -84.13082 -140.7372
276984890780387 276984892712962 0 -75.544655 -83.72066 -140.53436
276984900833200 276984904284942 0 -75.362785 -83.11048 -140.68791
276984910887366 276984912990464 0 -75.298706 -83.29593 -140.26016
276984920943408 276984923200257 0 -75.709885 -82.893105 -139.79036
276984931000752 276984932866456 0 -75.92708 -83.09827 -139.58916
276984941057731 276984943002915 0 -75.79804 -83.49498 -139.50955
276984951115752 276984954388593 0 -75.762024 -83.92065 -140.17795
276984961172575 276984963868750 0 -75.510345 -84.09467 -139.65091
276984971227262 276984973101407 0 -75.1648 -84.26558 -139.15186
276984981280752 276984983124117 0 -74.78809 -84.289215 -140.3499
276984991336429 276984993497607 0 -74.6123 -83.06998 -140.44592
276985001394658 276985005876932 0 -74.61333 -83.038994 -139.51483
276985011452106 276985013910005 0 -74.7893 -84.25307 -139.26364
276985021508825 276985023523912 0 -74.78323 -84.862144 -139.32117
276985031563252 276985033574747 0 -74.44255 -84.46012 -139.85081
276985041618043 276985044368081 0 -74.19591 -84.05606 -140.19737
276985051673929 276985054726884 0 -74.18984 -84.66514 -140.25488
276985061728929 276985064210114 0 -74.255486 -84.43321 -139.28596
276985071786116 276985074016678 0 -74.22707 -84.20332 -138.5002
276985081844606 276985083865221 0 -74.097176 -84.62586 -139.19655
276985091902679 276985094226107 0 -73.93818 -84.839165 -139.72786
276985101960022 276985105092462 0 -73.756836 -84.21351 -139.41583
276985112016012 276985114562255 0 -73.663635 -84.18973 -138.82309
276985122071533 276985124684131 0 -73.88015 -84.415535 -139.24258
276985132128200 276985134705955 0 -73.90873 -84.64027 -139.87317
276985142184293 276985144601112 0 -73.96173 -85.64199 -139.48485
276985152240439 276985155051165 0 -74.17909 -85.84197 -139.12846
276985162297054 276985164832729 0 -73.93263 -85.432755 -139.31982
276985172355752 276985175406428 0 -73.80999 -85.21007 -138.87238
276985182413304 276985184764345 0 -73.96259 -85.61617 -138.70894
276985192470752 276985195564346 0 -73.71023 -85.81085 -138.80264
276985202526950 276985204883045 0 -73.4648 -85.370636 -138.06291
276985212583095 276985215990338 0 -73.30649 -85.563286 -137.97348
276985222638460 276985225420443 0 -73.241714 -85.76939 -138.16646
276985232694397 276985235118986 0 -73.18351 -85.35093 -137.8364
276985242751012 276985244889507 0 -72.93722 -84.93655 -137.87257
276985252807575 276985255266175 0 -72.80801 -85.338425 -137.94818
276985262864345 276985265469145 0 -72.89582 -85.95063 -137.97775
276985272921272 276985275138729 0 -73.04823 -86.36189 -137.96953
276985282978720 276985284788053 0 -73.07093 -87.19052 -138.50247
276985293035647 276985295159617 0 -72.98295 -86.58349 -138.62807
276985303090179 276985305073003 0 -72.895645 -85.95579 -138.13293
276985313145075 276985315238264 0 -72.45085 -86.71199 -137.09862
276985323200283 276985325227015 0 -72.50991 -87.10463 -136.65277
276985333255804 276985336738267 0 -72.84975 -87.53248 -136.899
276985343312314 276985345481288 0 -72.19347 -87.484764 -136.31871
276985353366325 276985355192435 0 -71.90611 -88.07413 -136.14973
276985363421585 276985365623790 0 -72.39351 -89.48617 -135.359
276985373476689 276985375741291 0 -72.67062 -90.05815 -133.93604
276985383529970 276985385417855 0 -72.64169 -89.84376 -133.61583
276985393584502 276985395663116 0 -72.47715 -90.65064 -133.7391
276985403637835 276985406494055 0 -72.59562 -91.4256 -132.53708
276985413690491 276985415877858 0 -72.50243 -91.40182 -131.94429
276985423743668 276985425908953 0 -72.50192 -91.417305 -132.40984
276985433799554 276985435662964 0 -72.46693 -91.81199 -132.14716
276985443853825 276985445793798 0 -71.99823 -91.7757 -131.66615
276985453905543 276985456564476 0 -71.43515 -91.75178 -131.67865
276985463959345 276985466016665 0 -71.14866 -92.315315 -130.73373
276985474012939 276985475974530 0 -70.644806 -92.67887 -130.14522
276985484066793 276985486020729 0 -70.26912 -92.671524 -130.41217
276985494121845 276985496051512 0 -69.98195 -93.25573 -130.08801
276985504177262 276985506798752 0 -69.65945 -94.244934 -129.81148
276985514230543 276985516426878 0 -68.87916 -94.015854 -130.02518
276985524284606 276985526283390 0 -68.22219 -93.98881 -130.06563
276985534341377 276985536139641 0 -67.99962 -94.372055 -129.70363
276985544396741 276985546363965 0 -67.89986 -94.97284 -129.63393
276985554453252 276985556930216 0 -67.7994 -95.5943 -130.18495
276985564508512 276985566459800 0 -67.206345 -95.38694 -130.80829
276985574566377 276985576461676 0 -66.98344 -95.78054 -130.75667
276985584623095 276985586461469 0 -67.04146 -96.20417 -131.24194
276985594677835 276985596623032 0 -66.81717 -96.63908 -132.43176
276985604733981 276985607436991 0 -66.932526 -97.50698 -134.02301
276985614791429 276985616904076 0 -67.02468 -97.561745 -135.54688
276985624848043 276985627758921 0 -67.30579 -97.586624 -135.92859
276985634906585 276985636706630 0 -68.055084 -97.663284 -137.25684
276985644965231 276985646819443 0 -69.08669 -97.72866 -137.88052
276985655023929 276985657434913 0 -69.89573 -98.177315 -138.14223
276985665082731 276985668960175 0 -70.798134 -98.64458 -138.8415
276985675143095 276985677249134 0 -71.508095 -99.673355 -138.41275
276985685201689 276985687038770 0 -71.8254 -99.26739 -137.9709
276985695257470 276985697119552 0 -72.35298 -99.7015 -138.16122
276985705312314 276985707671793 0 -72.93875 -100.554054 -138.68167
276985715368147 276985718034711 0 -72.88611 -99.54201 -138.7596
276985725426585 276985727397212 0 -73.132744 -99.94607 -138.41309
276985735482991 276985737345338 0 -73.566795 -100.366714 -138.32101
276985745539710 276985748947943 0 -73.60178 -99.97203 -138.5837
276985755597106 276985758257111 0 -73.6664 -99.771095 -138.5459
276985765654710 276985767602528 0 -73.3548 -99.5783 -139.2406
276985775710804 276985777701383 0 -73.08408 -98.386925 -140.29568
276985785768512 276985787612114 0 -73.0252 -97.989105 -140.58632
276985795824710 276985797797219 0 -72.831726 -98.581604 -140.38939
276985805882158 276985807890553 0 -72.80852 -97.76846 -140.322
276985815939918 276985818466179 0 -72.93704 -97.38724 -140.8671
276985825999658 276985828167743 0 -72.93722 -97.38207 -140.71191
276985836057731 276985837912639 0 -72.82013 -96.565796 -140.67249
276985846115752 276985848618630 0 -72.72626 -96.56267 -140.70042
276985856170752 276985858198944 0 -72.74946 -97.37582 -140.7678
276985866225283 276985868683059 0 -72.684685 -97.58192 -140.96078
276985876281168 276985878987175 0 -72.40998 -96.93764 -140.2112
276985886337366 276985889905822 0 -73.031784 -97.36455 -140.06325
276985896394189 276985898834156 0 -73.46011 -98.383934 -139.71835
276985906450491 276985908651032 0 -73.583435 -98.58596 -139.54509
276985916506064 276985918991137 0 -73.5824 -98.61694 -140.47617
276985926561845 276985929295461 0 -73.15441 -97.58723 -140.51071
