name=GpsLocations vendor=Google current_time_ms=1562661887306
recordedAtMs deviceDirectionDegrees deviceDirectionDegrees northDirectionRadians northDirectionDegrees
 185881037 271.1687658059161 271.1687658059161
 185881039 271.1687658059161 271.1687658059161
 185881067 271.0882856869258 271.0882856869258
 185881100 270.930405864261 270.930405864261
 185881133 270.8061920440151 270.8061920440151
 185881165 270.6566382219485 270.6566382219485
 185881196 270.5299518732231 270.5299518732231
 185881232 270.38418880614586 270.38418880614586
 185881264 270.3042960834242 270.3042960834242
 185881299 270.1679108660774 270.1679108660774
 185881332 270.04397025339836 270.04397025339836
 185881364 269.92660028270086 269.92660028270086
 185881397 269.82911299267727 269.82911299267727
 185881431 269.752929062675 269.752929062675
 185881463 269.58064437105054 269.58064437105054
 185881497 269.4858618359383 269.4858618359383
 185881528 269.3901230743422 269.3901230743422
 185881562 269.2727394432664 269.2727394432664
 185881595 269.089970411266 269.089970411266
 185881625 268.9166680214553 268.9166680214553
 185881663 268.64533192648736 268.64533192648736
 185881694 268.4734433858348 268.4734433858348
 185881725 268.2883042781924 268.2883042781924
 185881759 268.14920747574513 268.14920747574513
 185881794 267.9484408952818 267.9484408952818
 185881825 267.82763533943177 267.82763533943177
 185881861 267.7183864636574 267.7183864636574
 185881890 267.58082645377334 267.58082645377334
 185881927 267.4019984409241 267.4019984409241
 185881958 267.2578609588693 267.2578609588693
 185881990 267.1440290261619 267.1440290261619
 185882023 267.03872799972777 267.03872799972777
 185882057 266.9596207487607 266.9596207487607
 185882089 266.88737783790947 266.88737783790947
 185882122 266.8309399847976 266.8309399847976
 185882153 266.7455557899833 266.7455557899833
 185882189 266.70947190059815 266.70947190059815
 185882221 266.65261740594696 266.65261740594696
 185882255 266.60839193107114 266.60839193107114
 185882287 266.57514940038067 266.57514940038067
 185882320 266.50798132008276 266.50798132008276
 185882353 266.51536475457556 266.51536475457556
 185882386 266.5330959256609 266.5330959256609
 185882417 266.53639490703006 266.53639490703006
 185882453 266.5046208670111 266.5046208670111
 185882483 266.4673690152779 266.4673690152779
 185882516 266.42532920093646 266.42532920093646
 185882549 266.3812061788982 266.3812061788982
 185882582 266.3127540230363 266.3127540230363
 185882617 266.2871613042163 266.2871613042163
 185882648 266.3244063257603 266.3244063257603
 185882681 266.3339207792742 266.3339207792742
 185882715 266.31870994799255 266.31870994799255
 185882747 266.2909110780706 266.2909110780706
 185882779 266.2799964357769 266.2799964357769
 185882812 266.2257169224428 266.2257169224428
 185882846 266.21712454446697 266.21712454446697
 185882878 266.1564861250156 266.1564861250156
 185882912 266.0883959691797 266.0883959691797
 185882944 266.07240649633275 266.07240649633275
 185882977 266.02976562534434 266.02976562534434
 185883010 265.9673172057629 265.9673172057629
 185883044 265.9553780350937 265.9553780350937
 185883076 266.0492180041005 266.0492180041005
 185883109 266.1964085807143 266.1964085807143
 185883142 266.4021407087042 266.4021407087042
 185883175 266.5865558162946 266.5865558162946
 185883209 266.7797886981034 266.7797886981034
 185883242 266.99359410969237 266.99359410969237
 185883275 267.13037547801105 267.13037547801105
 185883308 267.2992245844829 267.2992245844829
 185883341 267.4085007810139 267.4085007810139
 185883374 267.6047321158684 267.6047321158684
 185883406 267.73565318187923 267.73565318187923
 185883439 267.961384103759 267.961384103759
 185883472 268.1561606083202 268.1561606083202
 185883506 268.53787256027556 268.53787256027556
 185883538 268.7872222763052 268.7872222763052
 185883571 269.12993384809977 269.12993384809977
 185883605 269.6860888314572 269.6860888314572
 185883638 270.1273873537317 270.1273873537317
 185883671 270.57724410303626 270.57724410303626
 185883703 271.0567438733387 271.0567438733387
 185883737 271.761858452305 271.761858452305
 185883770 272.3429299657546 272.3429299657546
 185883802 272.96318627447266 272.96318627447266
 185883835 273.52483956011196 273.52483956011196
 185883868 274.26657761340783 274.26657761340783
 185883902 274.82415327611267 274.82415327611267
 185883934 275.36185308833274 275.36185308833274
 185883967 275.9415380733809 275.9415380733809
 185884000 276.3936419549224 276.3936419549224
 185884034 276.76676152890184 276.76676152890184
 185884066 277.2143369950236 277.2143369950236
 185884099 277.4889993921173 277.4889993921173
 185884132 277.70442355853953 277.70442355853953
 185884166 277.89774523280755 277.89774523280755
 185884200 278.1685349126419 278.1685349126419
 185884233 278.3271182447913 278.3271182447913
 185884265 278.4375828942379 278.4375828942379
 185884299 278.50163640827424 278.50163640827424
 185884330 278.50896520125366 278.50896520125366
 185884363 278.48701980345044 278.48701980345044
 185884396 278.4268731576193 278.4268731576193
 185884429 278.25723857939283 278.25723857939283
 185884462 278.09618271876394 278.09618271876394
 185884495 277.9322240277378 277.9322240277378
 185884529 277.5536403024223 277.5536403024223
 185884562 277.2424773744041 277.2424773744041
 185884596 276.9084879541796 276.9084879541796
 185884629 276.54750562635525 276.54750562635525
 185884662 275.9709693585145 275.9709693585145
 185884695 275.49918770197417 275.49918770197417
 185884728 274.9696294752448 274.9696294752448
 185884761 274.18672587182124 274.18672587182124
 185884794 273.60557239610154 273.60557239610154
 185884827 272.99422948425035 272.99422948425035
 185884860 272.3510032493536 272.3510032493536
 185884893 271.4509004299618 271.4509004299618
 185884926 270.7884881936865 270.7884881936865
 185884959 270.07636584063175 270.07636584063175
 185884992 269.0591594279201 269.0591594279201
 185885025 268.32026273331894 268.32026273331894
 185885058 267.59886498337136 267.59886498337136
 185885091 266.88324557346164 266.88324557346164
 185885124 265.81178696817256 265.81178696817256
 185885157 264.9959755133279 264.9959755133279
 185885190 264.13322699850687 264.13322699850687
 185885223 263.2697476534447 263.2697476534447
 185885256 261.94939695480036 261.94939695480036
 185885289 260.9472237884519 260.9472237884519
 185885322 259.87437865476136 259.87437865476136
 185885355 258.4448200614777 258.4448200614777
 185885388 257.397041722041 257.397041722041
 185885421 256.2842741326517 256.2842741326517
 185885453 255.14327054123356 255.14327054123356
 185885487 253.58769495776318 253.58769495776318
 185885520 252.3572090580287 252.3572090580287
 185885553 251.1191826294505 251.1191826294505
 185885586 249.4678614541949 249.4678614541949
 185885619 248.62692173339374 248.62692173339374
 185885651 246.9640097271166 246.9640097271166
 185885685 245.67076121909886 245.67076121909886
 185885718 243.98384109788913 243.98384109788913
 185885751 242.67897443809318 242.67897443809318
 185885784 241.3558165317 241.3558165317
 185885817 239.99507892449338 239.99507892449338
 185885850 238.11837516700564 238.11837516700564
 185885883 236.66622230794758 236.66622230794758
 185885915 235.24912197971003 235.24912197971003
 185885949 233.30712161375698 233.30712161375698
 185885982 231.81535365751282 231.81535365751282
 185886015 230.2874540005593 230.2874540005593
 185886048 228.21349437984162 228.21349437984162
 185886081 226.66100604187605 226.66100604187605
 185886113 225.16098721711452 225.16098721711452
 185886145 223.63226793746063 223.63226793746063
 185886179 221.56650454374693 221.56650454374693
 185886211 219.96892329688097 219.96892329688097
 185886245 218.44058650782057 218.44058650782057
 185886279 216.97538798744776 216.97538798744776
 185886311 214.98169674985607 214.98169674985607
 185886344 213.48550283102975 213.48550283102975
 185886378 211.94962551312568 211.94962551312568
 185886410 210.4334054796529 210.4334054796529
 185886444 208.37302427500518 208.37302427500518
 185886477 206.82757103188473 206.82757103188473
 185886509 205.26112178725566 205.26112178725566
 185886543 203.1246795960107 203.1246795960107
 185886576 201.58906182529506 201.58906182529506
 185886609 199.98012880402854 199.98012880402854
 185886642 197.82068253565896 197.82068253565896
 185886675 196.16040015221225 196.16040015221225
 185886707 194.57878788762577 194.57878788762577
 185886741 193.04904407959634 193.04904407959634
 185886773 190.97621827028087 190.97621827028087
 185886810 189.46025778399655 189.46025778399655
 185886840 187.90270144566685 187.90270144566685
 185886872 186.35399703250147 186.35399703250147
 185886905 184.39319998595255 184.39319998595255
 185886940 183.12196517762976 183.12196517762976
 185886972 181.9100164113027 181.9100164113027
 185887004 180.49425480014247 180.49425480014247
 185887037 179.72978906501226 179.72978906501226
 185887071 179.18405695032834 179.18405695032834
 185887104 179.2151752921868 179.2151752921868
 185887137 180.31762610820593 180.31762610820593
 185887170 181.85280674681468 181.85280674681468
 185887203 184.57903577289025 184.57903577289025
 185887236 191.5375505370292 191.5375505370292
 185887270 200.03492058155038 200.03492058155038
 185887303 213.37843278560064 213.37843278560064
 185887335 232.80441969084404 232.80441969084404
 185887368 260.4254997887005 260.4254997887005
 185887401 275.94667437563675 275.94667437563675
 185887434 286.1135338986058 286.1135338986058
 185887467 292.37319736724737 292.37319736724737
 185887500 297.10992672646205 297.10992672646205
 185887533 298.9116076861064 298.9116076861064
 185887566 299.92304258896934 299.92304258896934
 185887599 300.3702287343084 300.3702287343084
 185887631 300.1289044905535 300.1289044905535
 185887665 299.41318262780624 299.41318262780624
 185887697 298.438016029436 298.438016029436
 185887731 297.3151056091292 297.3151056091292
 185887764 296.4281304133222 296.4281304133222
 185887797 295.57906276740874 295.57906276740874
 185887830 294.20190538543744 294.20190538543744
 185887863 293.1549944800254 293.1549944800254
 185887896 292.0050091898487 292.0050091898487
 185887929 291.0291937235073 291.0291937235073
 185887962 289.56839384496 289.56839384496
 185887995 288.438284405268 288.438284405268
 185888028 287.27223451016346 287.27223451016346
 185888060 285.72322273848545 285.72322273848545
 185888092 284.3978313602336 284.3978313602336
 185888126 282.99766307094853 282.99766307094853
 185888160 281.57460681775467 281.57460681775467
 185888193 279.41405405873957 279.41405405873957
 185888226 277.8303654166454 277.8303654166454
 185888259 276.1871038646104 276.1871038646104
 185888292 274.42820037973786 274.42820037973786
 185888325 271.79962256822597 271.79962256822597
 185888357 269.7960207261486 269.7960207261486
 185888390 267.8737049653835 267.8737049653835
 185888424 265.073115669814 265.073115669814
 185888457 262.93998612031646 262.93998612031646
 185888490 260.83139061031767 260.83139061031767
 185888522 257.8972437957177 257.8972437957177
 185888556 255.71981363926352 255.71981363926352
 185888589 253.55396748364166 253.55396748364166
 185888622 251.16403648173 251.16403648173
 185888655 247.98184451723188 247.98184451723188
 185888687 247.1927117812853 247.1927117812853
 185888720 243.08134088209863 243.08134088209863
 185888753 240.43386393715332 240.43386393715332
 185888786 236.70219008411686 236.70219008411686
 185888819 233.89167652368332 233.89167652368332
 185888853 231.00848975048086 231.00848975048086
 185888886 226.94932198712064 226.94932198712064
 185888919 223.82236576244043 223.82236576244043
 185888952 220.5491615272519 220.5491615272519
 185888985 217.2561087623353 217.2561087623353
 185889018 212.64806699727282 212.64806699727282
 185889051 209.18375406910735 209.18375406910735
 185889084 205.6778179681398 205.6778179681398
 185889116 202.11562842916803 202.11562842916803
 185889150 197.35644823815153 197.35644823815153
 185889183 193.76859084827885 193.76859084827885
 185889216 190.16853474054852 190.16853474054852
 185889249 185.3393451105394 185.3393451105394
 185889282 181.8145850082193 181.8145850082193
 185889315 178.31849439756922 178.31849439756922
 185889348 174.86237769640775 174.86237769640775
 185889381 170.447001907453 170.447001907453
 185889414 167.29508817154556 167.29508817154556
 185889447 164.23454870635453 164.23454870635453
 185889480 160.2925869891517 160.2925869891517
 185889513 157.51480369522096 157.51480369522096
 185889546 154.8117290104317 154.8117290104317
 185889579 151.41077291700725 151.41077291700725
 185889612 148.93167379548106 148.93167379548106
 185889645 146.43216606871488 146.43216606871488
 185889678 143.9169898879927 143.9169898879927
 185889711 140.59037357349473 140.59037357349473
 185889744 137.94786900626514 137.94786900626514
 185889776 135.2167768855005 135.2167768855005
 185889810 131.95629046254658 131.95629046254658
 185889843 126.61994562628564 126.61994562628564
 185889876 121.4701878977711 121.4701878977711
 185889909 114.45244173314984 114.45244173314984
 185889942 101.75273633007578 101.75273633007578
 185889975 89.51166446938976 89.51166446938976
 185890008 75.42801247630939 75.42801247630939
 185890041 62.02071996578957 62.02071996578957
 185890075 48.17116929141679 48.17116929141679
 185890106 40.58520944445837 40.58520944445837
 185890139 35.11757129687686 35.11757129687686
 185890173 31.723950826621035 31.723950826621035
 185890206 29.112626072952594 29.112626072952594
 185890239 27.777651939295254 27.777651939295254
 185890272 26.789072556942415 26.789072556942415
 185890305 26.13123483986368 26.13123483986368
 185890338 26.065446457778137 26.065446457778137
 185890371 26.16361335162412 26.16361335162412
 185890404 26.620602525969446 26.620602525969446
 185890437 27.0130156768069 27.0130156768069
 185890470 27.361056503701377 27.361056503701377
 185890503 27.69421776348895 27.69421776348895
 185890536 27.860659228278394 27.860659228278394
 185890569 27.7881157891037 27.7881157891037
 185890601 27.568830858253136 27.568830858253136
 185890633 27.272146223728043 27.272146223728043
 185890666 26.438350880798737 26.438350880798737
 185890700 25.523255796178773 25.523255796178773
 185890733 24.36566338281392 24.36566338281392
 185890766 22.38719663688221 22.38719663688221
 185890799 20.628011406706435 20.628011406706435
 185890832 18.658188265169315 18.658188265169315
 185890865 15.885990358432252 15.885990358432252
 185890898 11.610061419119802 11.610061419119802
 185890931 7.785600299982377 7.785600299982377
 185890964 3.6798664412950757 3.6798664412950757
 185890997 358.19921699678815 358.19921699678815
 185891030 347.7441655391966 347.7441655391966
 185891063 338.0829252836898 338.0829252836898
 185891096 325.9832810275053 325.9832810275053
 185891129 311.4935367222273 311.4935367222273
 185891162 291.5552480631925 291.5552480631925
 185891195 279.23196121546704 279.23196121546704
 185891228 269.83987054062004 269.83987054062004
 185891261 261.50900684768544 261.50900684768544
 185891294 257.30675345140264 257.30675345140264
 185891327 254.3388928230595 254.3388928230595
 185891360 251.86262139984973 251.86262139984973
 185891393 250.81521872081743 250.81521872081743
 185891426 249.86409438832567 249.86409438832567
 185891458 248.97551409806368 248.97551409806368
 185891492 247.78859114485556 247.78859114485556
 185891525 246.87432934331432 246.87432934331432
 185891557 245.82228896583558 245.82228896583558
 185891591 244.69743194161538 244.69743194161538
 185891623 242.65969964425543 242.65969964425543
 185891656 240.99839273243322 240.99839273243322
 185891690 239.3354055940752 239.3354055940752
 185891723 237.21815623439795 237.21815623439795
 185891755 235.80120617032213 235.80120617032213
 185891788 234.55837128856828 234.55837128856828
 185891822 233.5092132509193 233.5092132509193
 185891854 232.28521603089632 232.28521603089632
 185891887 231.5725814136539 231.5725814136539
 185891920 231.05135601771187 231.05135601771187
 185891953 230.61324036359056 230.61324036359056
 185891987 230.49431310976232 230.49431310976232
 185892020 230.5111700166339 230.5111700166339
 185892052 230.62076723205593 230.62076723205593
 185892085 230.94596619881858 230.94596619881858
 185892118 231.2804132417174 231.2804132417174
 185892151 231.7015627059404 231.7015627059404
 185892185 232.29389037114225 232.29389037114225
 185892217 232.8122607480112 232.8122607480112
 185892250 233.3847125627283 233.3847125627283
 185892283 233.98779094568374 233.98779094568374
 185892316 234.7945592300673 234.7945592300673
 185892349 235.50366946969802 235.50366946969802
 185892382 236.2583234107144 236.2583234107144
 185892415 237.01692520107105 237.01692520107105
 185892448 237.9899402898527 237.9899402898527
 185892481 238.81405725472814 238.81405725472814
 185892514 239.71515045154956 239.71515045154956
 185892547 241.12662270391104 241.12662270391104
 185892580 242.4161214380744 242.4161214380744
 185892613 243.78173580034843 243.78173580034843
 185892646 245.33789878008747 245.33789878008747
 185892680 247.69472385509206 247.69472385509206
 185892713 249.63067267344047 249.63067267344047
 185892746 251.74349607053554 251.74349607053554
 185892779 254.91853682697263 254.91853682697263
 185892812 257.5905341510383 257.5905341510383
 185892845 260.45878330052597 260.45878330052597
 185892878 263.5576811080958 263.5576811080958
 185892911 267.784618808039 267.784618808039
 185892944 271.05099968424673 271.05099968424673
 185892977 274.2849781430319 274.2849781430319
 185893010 277.4139902546523 277.4139902546523
 185893043 281.3206194032786 281.3206194032786
 185893076 283.958295026765 283.958295026765
 185893109 286.3024159499133 286.3024159499133
 185893142 289.06071271414214 289.06071271414214
 185893175 290.8469711066405 290.8469711066405
 185893208 292.3871787644784 292.3871787644784
 185893241 293.73614112555595 293.73614112555595
 185893274 295.21731545839737 295.21731545839737
 185893307 296.2465361738591 296.2465361738591
 185893339 297.1492686160813 297.1492686160813
 185893373 298.23925752458865 298.23925752458865
 185893406 299.19115366845665 299.19115366845665
 185893439 300.1388355856067 300.1388355856067
 185893472 301.144055016325 301.144055016325
 185893505 302.733440036187 302.733440036187
 185893538 304.0101560713187 304.0101560713187
 185893571 305.049263485604 305.049263485604
 185893604 306.2310125705159 306.2310125705159
 185893637 306.9980735501596 306.9980735501596
 185893669 307.48670528338226 307.48670528338226
 185893702 307.69758054381725 307.69758054381725
 185893735 307.49506543492635 307.49506543492635
 185893768 306.80209834739895 306.80209834739895
 185893801 305.7404786296093 305.7404786296093
 185893835 303.42201872717266 303.42201872717266
 185893868 301.15845988528457 301.15845988528457
 185893901 298.2891520564756 298.2891520564756
 185893934 294.7611612746781 294.7611612746781
 185893968 289.26154759649717 289.26154759649717
 185894001 284.69696632512347 284.69696632512347
 185894034 279.58955576946306 279.58955576946306
 185894066 272.7874523373174 272.7874523373174
 185894100 268.012487579129 268.012487579129
 185894132 263.717343610134 263.717343610134
 185894165 259.80958065010543 259.80958065010543
 185894198 255.50544815216267 255.50544815216267
 185894231 253.06487129755538 253.06487129755538
 185894264 251.26265758315583 251.26265758315583
 185894298 249.70681562230777 249.70681562230777
 185894331 249.305118536841 249.305118536841
 185894363 249.48535356865926 249.48535356865926
 185894397 250.02792330575758 250.02792330575758
 185894430 251.40881680120492 251.40881680120492
 185894463 252.76727312522877 252.76727312522877
 185894495 254.2974199144192 254.2974199144192
 185894529 255.78047937947156 255.78047937947156
 185894562 257.5462608648383 257.5462608648383
 185894594 258.7214427228632 258.7214427228632
 185894627 259.7836600822052 259.7836600822052
 185894661 260.8465604604643 260.8465604604643
 185894693 261.4001746134505 261.4001746134505
 185894727 261.8122740770232 261.8122740770232
 185894759 261.9803923532539 261.9803923532539
 185894793 261.71831116461135 261.71831116461135
 185894826 261.21787003431365 261.21787003431365
 185894858 260.5413876083481 260.5413876083481
 185894892 259.46826243690157 259.46826243690157
 185894925 258.2200453660817 258.2200453660817
 185894957 256.6555973668795 256.6555973668795
 185894990 254.7751643261049 254.7751643261049
 185895023 251.30175358596495 251.30175358596495
 185895056 247.2261455572725 247.2261455572725
 185895089 241.33744332283266 241.33744332283266
 185895123 227.8490218253514 227.8490218253514
 185895156 209.98723020231097 209.98723020231097
 185895189 182.10003227401248 182.10003227401248
 185895222 150.74678290703366 150.74678290703366
 185895255 122.21037549812542 122.21037549812542
 185895288 109.61056844185197 109.61056844185197
 185895321 100.74709342762895 100.74709342762895
 185895354 91.8119014271208 91.8119014271208
 185895387 86.17506241832518 86.17506241832518
 185895420 80.58882828109017 80.58882828109017
 185895453 74.70091834859403 74.70091834859403
 185895486 66.1251172418336 66.1251172418336
 185895519 58.766619769709564 58.766619769709564
 185895552 50.27644191438441 50.27644191438441
 185895585 40.70404107563826 40.70404107563826
 185895618 27.083125861089798 27.083125861089798
 185895651 16.667225688151063 16.667225688151063
 185895684 6.7024424344186855 6.7024424344186855
 185895717 354.7563865076662 354.7563865076662
 185895750 346.80226366963166 346.80226366963166
 185895783 339.4336344656475 339.4336344656475
 185895816 332.5804395109629 332.5804395109629
 185895849 324.3560089483173 324.3560089483173
 185895882 318.6884818995808 318.6884818995808
 185895915 313.4709550341214 313.4709550341214
 185895948 308.85020570210816 308.85020570210816
 185895981 303.36818659122923 303.36818659122923
 185896014 299.6354711343443 299.6354711343443
 185896047 296.188520547049 296.188520547049
 185896080 292.09270198860247 292.09270198860247
 185896113 289.0780750550123 289.0780750550123
 185896146 286.17622137480816 286.17622137480816
 185896179 283.42258279959333 283.42258279959333
 185896212 280.1120515805907 280.1120515805907
 185896245 277.6196882316964 277.6196882316964
 185896278 275.2444284761219 275.2444284761219
 185896310 272.92892604559586 272.92892604559586
 185896344 270.050342819894 270.050342819894
 185896377 267.91931696866084 267.91931696866084
 185896410 265.7718440219063 265.7718440219063
 185896443 262.7741081461336 262.7741081461336
 185896476 260.3963007299987 260.3963007299987
 185896509 258.06858592123666 258.06858592123666
 185896542 254.73109594558 254.73109594558
 185896575 252.01813114687258 252.01813114687258
 185896608 249.16807762133385 249.16807762133385
 185896641 246.0554579637215 246.0554579637215
 185896674 241.23866512705592 241.23866512705592
 185896707 237.11385924577186 237.11385924577186
 185896740 232.2362982160607 232.2362982160607
 185896773 226.27833786343692 226.27833786343692
 185896806 216.4837646313686 216.4837646313686
 185896839 206.85802001520466 206.85802001520466
 185896872 195.0139802207823 195.0139802207823
 185896905 176.545664156979 176.545664156979
 185896938 162.29552630287958 162.29552630287958
 185896971 149.41858432103294 149.41858432103294
 185897004 139.08594244652932 139.08594244652932
 185897037 129.26038747638586 129.26038747638586
 185897070 124.20173081102098 124.20173081102098
 185897103 120.8186424924653 120.8186424924653
 185897136 118.25211694956295 118.25211694956295
 185897169 117.37055809376773 117.37055809376773
 185897202 117.21465219577306 117.21465219577306
 185897235 117.83099480609667 117.83099480609667
 185897268 119.9548421285121 119.9548421285121
 185897302 122.81281184329885 122.81281184329885
 185897334 127.01199848464438 127.01199848464438
 185897367 134.76166772072423 134.76166772072423
 185897400 142.2865281104623 142.2865281104623
 185897433 150.95701612968662 150.95701612968662
 185897466 160.15655694164184 160.15655694164184
 185897499 172.3940292926352 172.3940292926352
 185897532 180.85465656188737 180.85465656188737
 185897565 188.82061056822485 188.82061056822485
 185897598 198.48842914967608 198.48842914967608
 185897631 204.82337496334955 204.82337496334955
 185897664 210.52001227832864 210.52001227832864
 185897697 215.5478101490234 215.5478101490234
 185897729 221.29887041130917 221.29887041130917
 185897762 225.2192350703564 225.2192350703564
 185897795 228.84273238731822 228.84273238731822
 185897828 232.19522145839224 232.19522145839224
 185897862 236.7582112956893 236.7582112956893
 185897895 240.29286151192758 240.29286151192758
 185897928 243.94176713260185 243.94176713260185
 185897961 249.07970863385222 249.07970863385222
 185897994 252.8672944154344 252.8672944154344
 185898027 256.17924631378446 256.17924631378446
 185898060 259.13241520522286 259.13241520522286
 185898093 262.1399728930221 262.1399728930221
 185898125 263.79388270997316 263.79388270997316
 185898159 265.0215750623371 265.0215750623371
 185898192 266.1168437070728 266.1168437070728
 185898225 266.5977231755876 266.5977231755876
 185898258 266.80748511518783 266.80748511518783
 185898291 266.8193628141545 266.8193628141545
 185898324 266.45570988236466 266.45570988236466
 185898356 265.9572495069263 265.9572495069263
 185898390 265.31288263043814 265.31288263043814
 185898423 264.6368168460119 264.6368168460119
 185898455 263.53982699360535 263.53982699360535
 185898489 262.7483105216384 262.7483105216384
 185898522 261.96635631450954 261.96635631450954
 185898556 260.7055238842927 260.7055238842927
 185898587 259.8303649157498 259.8303649157498
 185898621 258.9972252709808 258.9972252709808
 185898654 258.18495868431535 258.18495868431535
 185898687 257.20568031206477 257.20568031206477
 185898720 256.54391694376056 256.54391694376056
 185898753 255.93668580578975 255.93668580578975
 185898785 255.4208767498596 255.4208767498596
 185898818 254.82397285791382 254.82397285791382
 185898852 254.46495079438125 254.46495079438125
 185898885 254.14994930004946 254.14994930004946
 185898918 253.9617092865239 253.9617092865239
 185898951 253.95057607817677 253.95057607817677
 185898984 254.0137826487561 254.0137826487561
 185899017 254.15069379066898 254.15069379066898
 185899050 254.59783212468386 254.59783212468386
 185899083 255.12575793620167 255.12575793620167
 185899116 255.75276930200883 255.75276930200883
 185899149 256.8740677976715 256.8740677976715
 185899182 257.9300970056255 257.9300970056255
 185899215 259.13977131895894 259.13977131895894
 185899248 261.0847769681468 261.0847769681468
 185899281 262.7779945237713 262.7779945237713
 185899314 264.7034248507979 264.7034248507979
 185899347 266.8397782495837 266.8397782495837
 185899380 270.1462864871652 270.1462864871652
 185899413 272.86423049377754 272.86423049377754
 185899446 275.6647992987795 275.6647992987795
 185899479 278.4288607426678 278.4288607426678
 185899512 282.31801826739724 282.31801826739724
 185899545 285.3812829780671 285.3812829780671
 185899578 288.71025570782876 288.71025570782876
 185899611 292.24637441473857 292.24637441473857
 185899644 297.03027989055056 297.03027989055056
 185899677 300.8318880504988 300.8318880504988
 185899711 304.8470898861716 304.8470898861716
 185899743 310.32577586473565 310.32577586473565
 185899776 314.6722043091137 314.6722043091137
 185899809 319.1564830464155 319.1564830464155
 185899842 324.6411864216383 324.6411864216383
 185899874 328.4897692076033 328.4897692076033
 185899907 332.0565503412446 332.0565503412446
 185899940 335.2540385143889 335.2540385143889
 185899972 338.8716584535699 338.8716584535699
 185900005 341.23594721779006 341.23594721779006
 185900038 343.2869437425182 343.2869437425182
 185900072 345.1688469815116 345.1688469815116
 185900105 347.16314695971306 347.16314695971306
 185900138 348.5454901628117 348.5454901628117
 185900171 350.18007310573256 350.18007310573256
 185900204 352.4521944435189 352.4521944435189
 185900237 354.2312606468213 354.2312606468213
 185900270 356.4831659053249 356.4831659053249
 185900303 359.06630236156695 359.06630236156695
 185900336 3.080569635262293 3.080569635262293
 185900369 6.645266067102909 6.645266067102909
 185900402 11.726746663353026 11.726746663353026
 185900435 18.78492071767164 18.78492071767164
 185900468 163.4739661611386 163.4739661611386
 185900501 182.47884822575972 182.47884822575972
 185900534 188.42952759672826 188.42952759672826
 185900567 192.98798218841642 192.98798218841642
 185900600 194.8646996062825 194.8646996062825
 185900633 196.39773556549187 196.39773556549187
 185900666 197.39304439172446 197.39304439172446
 185900699 197.86689559558326 197.86689559558326
 185900732 197.71306607509624 197.71306607509624
 185900765 197.50777790940234 197.50777790940234
 185900797 197.05059236711836 197.05059236711836
 185900831 196.60243633491714 196.60243633491714
 185900864 196.3022222001384 196.3022222001384
 185900897 196.1708230208857 196.1708230208857
 185900930 196.259861366906 196.259861366906
 185900963 196.39277684815443 196.39277684815443
 185900996 196.59093429635485 196.59093429635485
 185901029 197.02310768589822 197.02310768589822
 185901062 197.3379794066358 197.3379794066358
 185901094 197.66491324144764 197.66491324144764
 185901128 197.98009915088704 197.98009915088704
 185901161 198.4293206925988 198.4293206925988
 185901194 198.94759544681935 198.94759544681935
 185901227 199.48774046676232 199.48774046676232
 185901260 200.07300571636236 200.07300571636236
 185901293 201.02326261482955 201.02326261482955
 185901326 201.95136237962922 201.95136237962922
 185901359 202.91022531645064 202.91022531645064
 185901392 204.37912579935357 204.37912579935357
 185901425 205.61207056718925 205.61207056718925
 185901458 206.83662786272416 206.83662786272416
 185901491 208.02260824982685 208.02260824982685
 185901523 209.66614300942868 209.66614300942868
 185901557 210.9498907243109 210.9498907243109
 185901590 212.2500718743362 212.2500718743362
 185901623 213.32119580035592 213.32119580035592
 185901656 214.5575146816416 214.5575146816416
 185901689 215.30962779228673 215.30962779228673
 185901722 215.73318148309755 215.73318148309755
 185901755 215.73842706838013 215.73842706838013
 185901788 215.43869104684327 215.43869104684327
 185901821 214.92342157585753 214.92342157585753
 185901854 213.6659974100365 213.6659974100365
 185901887 212.10442492047483 212.10442492047483
 185901920 209.71577116393797 209.71577116393797
 185901953 206.30693303221133 206.30693303221133
 185901986 200.56059926083122 200.56059926083122
 185902019 194.98018444476907 194.98018444476907
 185902052 188.30265000270612 188.30265000270612
 185902084 180.35814279036245 180.35814279036245
 185902118 169.14496294597348 169.14496294597348
 185902151 160.2763721200621 160.2763721200621
 185902184 151.70437542866944 151.70437542866944
 185902217 141.32382660732736 141.32382660732736
 185902250 134.8164321774894 134.8164321774894
 185902282 129.5218334574356 129.5218334574356
 185902316 125.22378665804331 125.22378665804331
 185902349 121.15843074329507 121.15843074329507
 185902382 119.29787355300527 119.29787355300527
 185902415 118.27416480020372 118.27416480020372
 185902448 118.21430502231772 118.21430502231772
 185902480 119.47764413196 119.47764413196
 185902513 121.32112584932474 121.32112584932474
 185902546 123.85930610717156 123.85930610717156
 185902580 128.13492256532948 128.13492256532948
 185902612 132.0668165836957 132.0668165836957
 185902646 136.56423660496068 136.56423660496068
 185902678 141.4485458615718 141.4485458615718
 185902712 148.08533139504647 148.08533139504647
 185902745 152.9643267644833 152.9643267644833
 185902778 157.69446499114895 157.69446499114895
 185902810 163.64907855107936 163.64907855107936
 185902843 167.49761694081485 167.49761694081485
 185902876 170.7571198165283 170.7571198165283
 185902910 173.43739532986797 173.43739532986797
 185902942 176.0874950674546 176.0874950674546
 185902975 177.52191675542736 177.52191675542736
 185903009 178.43453931156773 178.43453931156773
 185903041 178.9079124021846 178.9079124021846
 185903074 178.8165244710899 178.8165244710899
 185903107 178.4335284435706 178.4335284435706
 185903141 177.74018228054422 177.74018228054422
 185903174 176.36526520062068 176.36526520062068
 185903207 175.14359024491546 175.14359024491546
 185903240 173.89764079690008 173.89764079690008
 185903273 172.14878452029666 172.14878452029666
 185903306 170.78013755403117 170.78013755403117
 185903339 169.57445890136228 169.57445890136228
 185903372 168.60408026560015 168.60408026560015
 185903405 168.0674459628906 168.0674459628906
 185903438 168.32040884899118 168.32040884899118
 185903471 169.28274152191102 169.28274152191102
 185903504 171.0515829320259 171.0515829320259
 185903537 174.42355170261283 174.42355170261283
 185903570 177.56905872107882 177.56905872107882
 185903603 181.24315772187768 181.24315772187768
 185903636 186.90968756299537 186.90968756299537
 185903669 191.70271817153846 191.70271817153846
 185903702 196.76651113915918 196.76651113915918
 185903735 201.97115626784392 201.97115626784392
 185903768 209.0404976814555 209.0404976814555
 185903801 214.49910290385964 214.49910290385964
 185903834 219.94346035165515 219.94346035165515
 185903867 227.20141060900747 227.20141060900747
 185903900 232.53208638825726 232.53208638825726
 185903933 237.68245883379709 237.68245883379709
 185903966 242.3790744920163 242.3790744920163
 185903999 247.64799853098 247.64799853098
 185904032 250.49299771653293 250.49299771653293
 185904065 252.19346893305598 252.19346893305598
 185904097 252.28006890154256 252.28006890154256
 185904130 249.03835866861698 249.03835866861698
 185904164 244.3226321411001 244.3226321411001
 185904197 238.4308836422904 238.4308836422904
 185904229 229.81484589112944 229.81484589112944
 185904263 223.40486361923422 223.40486361923422
 185904295 217.53363300869125 217.53363300869125
 185904329 212.3434542206686 212.3434542206686
 185904362 206.34861084652675 206.34861084652675
 185904395 202.94952622493489 202.94952622493489
 185904428 200.24586414387704 200.24586414387704
 185904461 197.7139676600667 197.7139676600667
 185904494 194.8068479040125 194.8068479040125
 185904528 193.28314198320936 193.28314198320936
 185904561 192.2491742862745 192.2491742862745
 185904594 191.32156629509507 191.32156629509507
 185904627 191.1280397151519 191.1280397151519
 185904660 191.87739342937235 191.87739342937235
 185904693 195.13779789005628 195.13779789005628
 185904726 200.43848913884975 200.43848913884975
 185904759 212.73636768286275 212.73636768286275
 185904792 248.72641026884415 248.72641026884415
 185904825 327.96620105677596 327.96620105677596
 185904858 347.9747091831203 347.9747091831203
 185904891 356.2962816843496 356.2962816843496
 185904924 3.265584732282548 3.265584732282548
 185904957 8.192449909404274 8.192449909404274
 185904991 12.980835135538143 12.980835135538143
 185905023 17.455064103249924 17.455064103249924
 185905056 22.895326852637993 22.895326852637993
 185905089 26.46107833526196 26.46107833526196
 185905122 29.26932085779646 29.26932085779646
 185905155 31.029679172962176 31.029679172962176
 185905189 29.500061723432395 29.500061723432395
 185905220 21.71055028637653 21.71055028637653
 185905254 345.205031616187 345.205031616187
 185905288 251.41204748068233 251.41204748068233
 185905320 241.44126219821686 241.44126219821686
 185905353 240.74000667613166 240.74000667613166
 185905386 241.9732246515341 241.9732246515341
 185905419 245.62829110283974 245.62829110283974
 185905452 249.30305581971163 249.30305581971163
 185905486 253.3373958454389 253.3373958454389
 185905518 258.91195035919316 258.91195035919316
 185905551 263.3289039218462 263.3289039218462
 185905584 267.8697571160432 267.8697571160432
 185905617 272.4727035599849 272.4727035599849
 185905650 278.6474063055407 278.6474063055407
 185905683 283.1189877211755 283.1189877211755
 185905716 287.4335294274133 287.4335294274133
 185905749 292.4415129193259 292.4415129193259
 185905782 295.1836494559784 295.1836494559784
 185905815 296.89472795628245 296.89472795628245
 185905848 297.25323775562725 297.25323775562725
 185905881 293.6612890824417 293.6612890824417
 185905914 286.05578464917335 286.05578464917335
 185905947 272.73418369198043 272.73418369198043
 185905980 247.70451834636185 247.70451834636185
 185906013 230.87062921227334 230.87062921227334
 185906046 219.24739577333915 219.24739577333915
 185906079 211.42516260751708 211.42516260751708
 185906112 205.65316098523607 205.65316098523607
 185906145 202.78558802447625 202.78558802447625
 185906177 199.5811228130947 199.5811228130947
 185906211 196.15489501974122 196.15489501974122
 185906244 192.77792655068185 192.77792655068185
 185906277 190.80980754134268 190.80980754134268
 185906309 187.68984543037257 187.68984543037257
 185906343 178.3446267013337 178.3446267013337
 185906376 53.02443875334484 53.02443875334484
 185906408 14.004868322325194 14.004868322325194
 185906441 11.411705041659843 11.411705041659843
 185906475 11.230211547486931 11.230211547486931
 185906507 12.185812215206056 12.185812215206056
 185906541 13.902985805570722 13.902985805570722
 185906574 15.87130545171675 15.87130545171675
 185906607 19.013165149165957 19.013165149165957
 185906639 21.933221283508146 21.933221283508146
 185906673 24.912739337217147 24.912739337217147
 185906706 28.61591593348902 28.61591593348902
 185906739 30.600989179895464 30.600989179895464
 185906771 31.9093597267356 31.9093597267356
 185906804 32.656018931328504 32.656018931328504
 185906838 29.245333233431325 29.245333233431325
 185906871 17.420890959285032 17.420890959285032
 185906904 321.3248734475032 321.3248734475032
 185906937 260.94176646730506 260.94176646730506
 185906969 247.64227483245554 247.64227483245554
 185907002 246.01729769682862 246.01729769682862
 185907036 246.7230065022527 246.7230065022527
 185907068 249.34195374703486 249.34195374703486
 185907102 252.2005723297928 252.2005723297928
 185907134 255.5110010959579 255.5110010959579
 185907168 260.7651241149902 260.7651241149902
 185907201 265.17814348868126 265.17814348868126
 185907233 269.7429433261084 269.7429433261084
 185907267 274.52262774501327 274.52262774501327
 185907300 280.9616110001244 280.9616110001244
 185907332 285.77461991198976 285.77461991198976
 185907366 290.3380263908262 290.3380263908262
 185907399 294.29360067504484 294.29360067504484
 185907432 298.359113684144 298.359113684144
 185907465 300.0537041077917 300.0537041077917
 185907498 300.3521560537646 300.3521560537646
 185907532 297.14650921965665 297.14650921965665
 185907564 290.2538989508191 290.2538989508191
 185907598 276.441794788571 276.441794788571
 185907630 250.3511073667151 250.3511073667151
 185907663 209.23417452556038 209.23417452556038
 185907696 188.63817621549381 188.63817621549381
 185907729 176.4304388656809 176.4304388656809
 185907762 164.67755477592164 164.67755477592164
 185907795 157.79174054530824 157.79174054530824
 185907828 150.9164311456384 150.9164311456384
 185907861 142.73662391638777 142.73662391638777
 185907894 130.57892817490017 130.57892817490017
 185907927 120.99330408992085 120.99330408992085
 185907960 110.40065740428236 110.40065740428236
 185907993 95.36268455017864 95.36268455017864
 185908026 85.09958766180415 85.09958766180415
 185908059 76.4958169303925 76.4958169303925
 185908092 70.11814145327145 70.11814145327145
 185908125 64.59182856562495 64.59182856562495
 185908158 62.0185479656335 62.0185479656335
 185908191 60.506467026797736 60.506467026797736
 185908224 59.960127025277586 59.960127025277586
 185908257 60.43552185188878 60.43552185188878
 185908291 61.59699552024949 61.59699552024949
 185908323 62.998734753043664 62.998734753043664
 185908356 65.46989719475431 65.46989719475431
 185908389 67.41747099507006 67.41747099507006
 185908422 69.78762176914535 69.78762176914535
 185908455 72.39301108842506 72.39301108842506
 185908488 77.14464392040873 77.14464392040873
 185908521 82.71754552838388 82.71754552838388
 185908555 91.92056290662651 91.92056290662651
 185908587 120.47385454316304 120.47385454316304
 185908620 173.01317228051857 173.01317228051857
 185908653 216.46577391309478 216.46577391309478
 185908686 235.88260836485034 235.88260836485034
 185908719 250.10819851907274 250.10819851907274
 185908752 257.73654310492566 257.73654310492566
 185908785 264.199076852295 264.199076852295
 185908818 272.3839384215314 272.3839384215314
 185908852 278.29536469533986 278.29536469533986
 185908884 284.09625801781004 284.09625801781004
 185908917 289.8908402454871 289.8908402454871
 185908950 297.46185905363615 297.46185905363615
 185908983 302.99737562118924 302.99737562118924
 185909016 308.116954158856 308.116954158856
 185909049 314.17056789571126 314.17056789571126
 185909082 318.11539829236546 318.11539829236546
 185909115 321.8118591051359 321.8118591051359
 185909148 325.9631148939809 325.9631148939809
 185909181 333.3762675398434 333.3762675398434
 185909214 344.20291821399377 344.20291821399377
 185909247 75.39965353087553 75.39965353087553
 185909280 132.05135303541476 132.05135303541476
 185909313 139.63819056168154 139.63819056168154
 185909347 139.3702968820553 139.3702968820553
 185909379 138.46246911871225 138.46246911871225
 185909412 136.57631237941325 136.57631237941325
 185909445 131.18759365259666 131.18759365259666
 185909478 126.3823643261959 126.3823643261959
 185909511 121.29799882879513 121.29799882879513
 185909544 115.43846150211118 115.43846150211118
 185909577 106.09029577381659 106.09029577381659
 185909611 98.60822651922865 98.60822651922865
 185909642 91.0038354067949 91.0038354067949
 185909676 81.47408909941555 81.47408909941555
 185909709 75.6493310959853 75.6493310959853
 185909742 71.27773681961037 71.27773681961037
 185909775 67.18083909127495 67.18083909127495
 185909808 65.10825233858043 65.10825233858043
 185909841 64.06425109375482 64.06425109375482
 185909874 63.854857984369744 63.854857984369744
 185909908 64.3529426994038 64.3529426994038
 185909940 65.5626033523589 65.5626033523589
 185909973 67.52991639937602 67.52991639937602
 185910006 71.50575585486206 71.50575585486206
 185910039 75.6445567937555 75.6445567937555
 185910072 80.95282272233851 80.95282272233851
 185910104 87.88591552238665 87.88591552238665
 185910138 103.96497996072958 103.96497996072958
 185910171 131.05001998233422 131.05001998233422
 185910204 180.26888587828873 180.26888587828873
 185910237 214.05884257033898 214.05884257033898
 185910269 233.8518018793088 233.8518018793088
 185910303 242.44915223290062 242.44915223290062
 185910336 249.38744963709632 249.38744963709632
 185910369 257.6432154001066 257.6432154001066
 185910402 263.6137501309924 263.6137501309924
 185910435 269.5044741014266 269.5044741014266
 185910468 277.172611369384 277.172611369384
 185910501 282.93468189661183 282.93468189661183
 185910533 288.89950658935146 288.89950658935146
 185910566 294.68058553303945 294.68058553303945
 185910600 301.89474744762276 301.89474744762276
 185910632 306.8815710134866 306.8815710134866
 185910666 311.2834161976956 311.2834161976956
 185910699 315.3922770023623 315.3922770023623
 185910732 322.01534410088897 322.01534410088897
 185910765 328.4448333930537 328.4448333930537
 185910798 337.2169187686347 337.2169187686347
 185910831 355.81220141843505 355.81220141843505
 185910864 68.12277681933313 68.12277681933313
 185910897 101.46862095117075 101.46862095117075
 185910930 112.54668918112202 112.54668918112202
 185910963 116.1809713667833 116.1809713667833
 185910996 114.68375291958148 114.68375291958148
 185911029 112.5324618970809 112.5324618970809
 185911062 108.98721122725078 108.98721122725078
 185911095 105.18651148246215 105.18651148246215
 185911128 100.76214716455968 100.76214716455968
 185911161 96.22373917808545 96.22373917808545
 185911194 89.84082494587102 89.84082494587102
 185911227 85.1241421918703 85.1241421918703
 185911260 80.94058302334582 80.94058302334582
 185911293 77.35373650147028 77.35373650147028
 185911326 73.5929865331371 73.5929865331371
 185911359 71.52354849764993 71.52354849764993
 185911392 69.76258912583728 69.76258912583728
 185911425 68.0833666278221 68.0833666278221
 185911458 67.35978321734012 67.35978321734012
 185911491 67.23810339727635 67.23810339727635
 185911524 67.62683678369848 67.62683678369848
 185911557 68.95876465298596 68.95876465298596
 185911590 70.60266824280302 70.60266824280302
 185911623 73.14832072760174 73.14832072760174
 185911656 77.75853449282027 77.75853449282027
 185911689 82.39417022212962 82.39417022212962
 185911722 89.2534833187633 89.2534833187633
 185911755 101.68100568341231 101.68100568341231
 185911788 149.14009018781485 149.14009018781485
 185911821 202.8196023665429 202.8196023665429
 185911853 229.656057653305 229.656057653305
 185911887 243.66052726333737 243.66052726333737
 185911920 255.12769087973678 255.12769087973678
 185911953 261.9975566186381 261.9975566186381
 185911986 268.3330556776344 268.3330556776344
 185912019 276.18648231739587 276.18648231739587
 185912052 281.83992551606383 281.83992551606383
 185912085 287.5389260764957 287.5389260764957
 185912117 293.23039293827316 293.23039293827316
 185912151 300.4451968906385 300.4451968906385
 185912184 305.4928501212505 305.4928501212505
 185912217 309.7099250280322 309.7099250280322
 185912250 315.44462698725584 315.44462698725584
 185912282 320.4607384042807 320.4607384042807
 185912314 326.11227939526475 326.11227939526475
 185912348 333.69838096864845 333.69838096864845
 185912382 6.144395488661132 6.144395488661132
 185912415 81.18277470112531 81.18277470112531
 185912448 116.46902776483944 116.46902776483944
 185912481 128.2660895181504 128.2660895181504
 185912514 130.5211311141435 130.5211311141435
 185912547 130.31529653331597 130.31529653331597
 185912580 129.01674096831312 129.01674096831312
 185912613 125.55845226699563 125.55845226699563
 185912646 121.26056939214345 121.26056939214345
 185912679 115.83571896461751 115.83571896461751
 185912712 106.74738729272849 106.74738729272849
 185912745 98.86328627340441 98.86328627340441
 185912778 90.53617235432415 90.53617235432415
 185912811 82.1155872964523 82.1155872964523
 185912844 72.80678394834445 72.80678394834445
 185912877 67.19959479073583 67.19959479073583
 185912910 62.31687013801212 62.31687013801212
 185912943 56.971707527532715 56.971707527532715
 185912976 53.97659102930669 53.97659102930669
 185913009 51.95675041247762 51.95675041247762
 185913042 50.78360736591992 50.78360736591992
 185913075 50.07359895641338 50.07359895641338
 185913107 49.906993567083816 49.906993567083816
 185913141 49.96544974109537 49.96544974109537
 185913174 49.45694898757711 49.45694898757711
 185913207 47.81974922843045 47.81974922843045
 185913240 44.555349107082066 44.555349107082066
 185913273 32.65138464797661 32.65138464797661
 185913306 317.9134944854053 317.9134944854053
 185913339 282.2860188311357 282.2860188311357
 185913372 273.19136923426447 273.19136923426447
 185913404 270.5907132360795 270.5907132360795
 185913438 271.293703626214 271.293703626214
 185913471 273.72254621582715 273.72254621582715
 185913504 277.0943783826307 277.0943783826307
 185913537 280.8553059358823 280.8553059358823
 185913570 286.07845404702863 286.07845404702863
 185913603 290.2058963813323 290.2058963813323
 185913636 294.47124023497855 294.47124023497855
 185913669 299.9218063247296 299.9218063247296
 185913702 303.27745094320017 303.27745094320017
 185913735 305.79433467121487 305.79433467121487
 185913768 307.8572293854771 307.8572293854771
 185913800 308.2677544904461 308.2677544904461
 185913833 306.9359290739962 306.9359290739962
 185913866 302.24015011395034 302.24015011395034
 185913899 284.3839387554618 284.3839387554618
 185913932 251.80907271675682 251.80907271675682
 185913965 213.10843540771003 213.10843540771003
 185913998 190.75158700885748 190.75158700885748
 185914031 175.30972776628687 175.30972776628687
 185914064 168.3844896837843 168.3844896837843
 185914097 163.3861845699256 163.3861845699256
 185914132 158.27660201410913 158.27660201410913
 185914163 153.98224351686872 153.98224351686872
 185914196 149.2504250636672 149.2504250636672
 185914229 144.31814055832592 144.31814055832592
 185914262 136.90612855405482 136.90612855405482
 185914295 130.19065924134156 130.19065924134156
 185914328 122.93631532387104 122.93631532387104
 185914361 115.33770255147516 115.33770255147516
 185914393 104.66782691689139 104.66782691689139
 185914426 96.62927482986584 96.62927482986584
 185914459 89.35959713770859 89.35959713770859
 185914493 81.27528961343313 81.27528961343313
 185914526 76.83751763418991 76.83751763418991
 185914558 73.88552353528871 73.88552353528871
 185914592 72.31447074315906 72.31447074315906
 185914625 72.08352155675345 72.08352155675345
 185914657 73.16357254001838 73.16357254001838
 185914690 75.15877324941664 75.15877324941664
 185914723 79.02312352708066 79.02312352708066
 185914756 83.0336740039287 83.0336740039287
 185914789 88.32270611980897 88.32270611980897
 185914822 95.95169274344386 95.95169274344386
 185914855 113.20274251128012 113.20274251128012
 185914889 135.6569415963728 135.6569415963728
 185914921 166.7518149249628 166.7518149249628
 185914954 196.26266174446567 196.26266174446567
 185914988 223.23838458840433 223.23838458840433
 185915020 236.92679402478356 236.92679402478356
 185915053 247.79997024001278 247.79997024001278
 185915086 256.86598768388336 256.86598768388336
 185915119 267.2270704660909 267.2270704660909
 185915152 273.9064353988514 273.9064353988514
 185915185 279.4158162475454 279.4158162475454
 185915219 284.37641188699644 284.37641188699644
 185915251 285.8886362598048 285.8886362598048
 185915285 285.98236694578486 285.98236694578486
 185915317 282.80582354773037 282.80582354773037
 185915351 277.492803807485 277.492803807485
 185915384 270.28377819515754 270.28377819515754
 185915417 262.5035165417852 262.5035165417852
 185915449 253.0261236343939 253.0261236343939
 185915482 247.08245886770294 247.08245886770294
 185915515 241.81309769663233 241.81309769663233
 185915548 235.88930195023698 235.88930195023698
 185915582 232.1945657602319 232.1945657602319
 185915615 228.94364160211597 228.94364160211597
 185915648 226.57587456406102 226.57587456406102
 185915681 225.56029373637182 225.56029373637182
 185915713 227.10984509299428 227.10984509299428
 185915746 231.7067809704663 231.7067809704663
 185915780 240.12299470726936 240.12299470726936
 185915812 258.67741532347327 258.67741532347327
 185915846 278.6287462287282 278.6287462287282
 185915879 301.7045881509405 301.7045881509405
 185915912 328.276090154514 328.276090154514
 185915945 341.06275411100603 341.06275411100603
 185915978 348.97976383552486 348.97976383552486
 185916011 354.0519865372419 354.0519865372419
 185916044 357.1595755470871 357.1595755470871
 185916077 357.6697422264326 357.6697422264326
 185916110 357.1985227798384 357.1985227798384
 185916144 354.53420600349443 354.53420600349443
 185916178 349.3423760172399 349.3423760172399
 185916210 340.1681069052138 340.1681069052138
 185916243 321.97065758824414 321.97065758824414
 185916276 303.8144609063141 303.8144609063141
 185916309 284.97079543913844 284.97079543913844
 185916341 271.88032125326964 271.88032125326964
 185916375 264.4994822323705 264.4994822323705
 185916408 259.6408271662819 259.6408271662819
 185916441 258.41120870057205 258.41120870057205
 185916474 258.38116269841316 258.38116269841316
 185916507 258.6544112463487 258.6544112463487
 185916540 258.2371823107093 258.2371823107093
 185916573 256.59426226813275 256.59426226813275
 185916606 253.27984467149236 253.27984467149236
 185916639 250.77638226519676 250.77638226519676
 185916672 248.21198774131545 248.21198774131545
 185916705 245.7187023168832 245.7187023168832
 185916738 242.9893518943569 242.9893518943569
 185916771 241.49836257967814 241.49836257967814
 185916804 240.63596923469402 240.63596923469402
 185916837 240.07562051518616 240.07562051518616
 185916870 240.02875175710153 240.02875175710153
 185916904 240.42579065355437 240.42579065355437
 185916936 241.838273773913 241.838273773913
 185916969 245.96743048569837 245.96743048569837
 185917002 251.1124753836856 251.1124753836856
 185917035 257.81595088421625 257.81595088421625
 185917068 268.654798568677 268.654798568677
 185917101 277.2678310366032 277.2678310366032
 185917134 285.4432669447849 285.4432669447849
 185917167 292.5820577218772 292.5820577218772
 185917200 299.93776164663075 299.93776164663075
 185917231 303.98274310708484 303.98274310708484
 185917264 306.90328418485814 306.90328418485814
 185917298 308.8063319819746 308.8063319819746
 185917330 309.81422201665833 309.81422201665833
 185917363 309.9661356690832 309.9661356690832
 185917397 309.31740088662076 309.31740088662076
 185917430 308.2040834670033 308.2040834670033
 185917463 306.3064622551824 306.3064622551824
 185917495 304.7100421404753 304.7100421404753
 185917528 303.19723037139835 303.19723037139835
 185917562 301.2751468370651 301.2751468370651
 185917595 299.6801064205703 299.6801064205703
 185917628 298.07426064480865 298.07426064480865
 185917661 296.6766946575973 296.6766946575973
 185917694 295.18991273944727 295.18991273944727
 185917727 294.3554890191143 294.3554890191143
 185917760 293.6494387042318 293.6494387042318
 185917793 292.7750652074434 292.7750652074434
 185917826 291.7468553599789 291.7468553599789
 185917859 290.041370784605 290.041370784605
 185917892 286.95061456252586 286.95061456252586
 185917925 280.33328823799656 280.33328823799656
 185917958 273.5380628063451 273.5380628063451
 185917991 264.71844443678276 264.71844443678276
 185918023 251.6013530037184 251.6013530037184
 185918056 242.705803421153 242.705803421153
 185918089 234.77577620984977 234.77577620984977
 185918123 227.6592655098301 227.6592655098301
 185918156 218.79082494808048 218.79082494808048
 185918189 211.46666283691408 211.46666283691408
 185918222 202.57767706614106 202.57767706614106
 185918255 186.00532953575066 186.00532953575066
 185918288 168.25120537232067 168.25120537232067
 185918321 145.88908406742883 145.88908406742883
 185918354 122.15541979606348 122.15541979606348
 185918387 96.97556542078547 96.97556542078547
 185918420 84.48612056112108 84.48612056112108
 185918453 76.07326727738968 76.07326727738968
 185918485 70.24640557569512 70.24640557569512
 185918518 64.74437401054803 64.74437401054803
 185918551 61.43958698063739 61.43958698063739
 185918584 58.53390839449804 58.53390839449804
 185918617 55.37264071452228 55.37264071452228
 185918650 48.82513941387799 48.82513941387799
 185918683 40.512259609028035 40.512259609028035
 185918716 23.711278326360627 23.711278326360627
 185918749 330.70132640424544 330.70132640424544
 185918782 296.31883372622366 296.31883372622366
 185918815 280.00005696876997 280.00005696876997
 185918848 271.683400069309 271.683400069309
 185918881 265.7758328523816 265.7758328523816
 185918914 263.3930257377743 263.3930257377743
 185918947 261.89139498836863 261.89139498836863
 185918981 261.0757542882532 261.0757542882532
 185919013 260.5999018389676 260.5999018389676
 185919046 259.97024035976244 259.97024035976244
 185919079 259.0675147477294 259.0675147477294
 185919112 257.6193370587683 257.6193370587683
 185919145 256.34549311818256 256.34549311818256
 185919179 254.99084803971556 254.99084803971556
 185919211 253.14908753002163 253.14908753002163
 185919245 251.74427471210092 251.74427471210092
 185919278 250.2906533623713 250.2906533623713
 185919310 248.84188144695239 248.84188144695239
 185919343 246.93608791378958 246.93608791378958
 185919377 245.72583303437668 245.72583303437668
 185919409 244.57264438547924 244.57264438547924
 185919443 243.11902986593878 243.11902986593878
 185919476 242.01314027704368 242.01314027704368
 185919508 240.97854420270517 240.97854420270517
 185919542 239.93019212737823 239.93019212737823
 185919575 238.66256365893724 238.66256365893724
 185919607 237.83896578843877 237.83896578843877
 185919641 237.16781774021496 237.16781774021496
 185919674 236.56993030102873 236.56993030102873
 185919706 235.91533863135305 235.91533863135305
 185919739 235.41237716125164 235.41237716125164
 185919772 235.01107622675673 235.01107622675673
 185919805 234.51687105917128 234.51687105917128
 185919838 234.12414884227388 234.12414884227388
 185919872 233.76785885440933 233.76785885440933
 185919904 233.44939445416833 233.44939445416833
 185919937 232.85657501534624 232.85657501534624
 185919970 232.50529838633247 232.50529838633247
 185920003 232.16563307890775 232.16563307890775
 185920036 231.74075433139794 231.74075433139794
 185920070 231.42608751633546 231.42608751633546
 185920103 231.13447941991092 231.13447941991092
 185920136 230.87340226907637 230.87340226907637
 185920169 230.50235907260458 230.50235907260458
 185920202 230.27196313152172 230.27196313152172
 185920235 230.00999805609504 230.00999805609504
 185920268 229.71696928032316 229.71696928032316
 185920301 229.4760685082968 229.4760685082968
 185920334 229.26400479494626 229.26400479494626
 185920367 228.97598937802516 228.97598937802516
 185920400 228.74254717257247 228.74254717257247
 185920433 228.5563152346629 228.5563152346629
 185920466 228.29094872502955 228.29094872502955
 185920499 227.96786711690962 227.96786711690962
 185920531 227.77352091426607 227.77352091426607
 185920564 227.64030490469415 227.64030490469415
 185920597 227.2649996701803 227.2649996701803
 185920630 227.103165167986 227.103165167986
 185920663 227.06169225934568 227.06169225934568
 185920696 227.05192508883258 227.05192508883258
 185920729 227.07697822270816 227.07697822270816
 185920762 227.12462562235817 227.12462562235817
 185920795 227.17813332431606 227.17813332431606
 185920828 227.24165408359718 227.24165408359718
 185920861 227.37444662144057 227.37444662144057
 185920894 227.47304723229888 227.47304723229888
 185920927 227.584898410147 227.584898410147
 185920961 227.7083745699625 227.7083745699625
 185920994 227.90416877271008 227.90416877271008
 185921027 228.00252349675827 228.00252349675827
