name=BMP380 Barometer vendor=Bosch current_time_ms=1562661887298
measured_at recorded_at accuracy value
185880574429393 185880591384589 3 1013.18774
185880614424809 185880647093345 3 1013.0598
185880654449601 185880660283346 3 1013.08
185880694423299 185880726293248 3 1013.05457
185880734426268 185880774631170 3 1013.06256
185880774425070 185880776376326 3 1013.02277
185880814450955 185880817838778 3 1013.04736
185880854451163 185880857254095 3 1013.06213
185880894459236 185880895999567 3 1012.9919
185880934455851 185880936585405 3 1012.98596
185880974476163 185881006405933 3 1012.98346
185881014455590 185881016278902 3 1013.02924
185881054426007 185881055781354 3 1013.05505
185881094425434 185881096369119 3 1013.11127
185881134430434 185881138378914 3 1013.0834
185881174428143 185881176571470 3 1013.1166
185881214426215 185881216872464 3 1013.0877
185881254456372 185881257018666 3 1013.003
185881294454809 185881297769972 3 1013.0542
185881334465486 185881337432424 3 1013.0721
185881374465955 185881376763209 3 1013.02826
185881414472205 185881416689359 3 1013.01495
185881454473820 185881456663113 3 1013.04565
185881494476372 185881497167648 3 1013.0091
185881534453507 185881536362652 3 1013.022
185881574423247 185881576225364 3 1013.05066
185881614423090 185881615747347 3 1013.00946
185881654426684 185881656125320 3 1012.9782
185881694449601 185881698038606 3 1013.0143
185881734452518 185881737049703 3 1013.0298
185881774454549 185881777306999 3 1013.03754
185881814454601 185881816467940 3 1013.03455
185881854449288 185881856279298 3 1013.0191
185881894422986 185881896353677 3 1013.02673
185881934429236 185881935722744 3 1013.0195
185881974426111 185881976972488 3 1013.04694
185882014427153 185882016551658 3 1013.01685
185882054427309 185882057233746 3 1013.0549
185882094426997 185882097003281 3 1013.0113
185882134426163 185882137062399 3 1012.9727
185882174452986 185882179979591 3 1013.01373
185882214423195 185882219208189 3 1013.04205
185882254425590 185882257676318 3 1013.04205
185882294425278 185882297094290 3 1013.07294
185882334473820 185882335882055 3 1013.042
185882374456320 185882375938569 3 1013.0292
185882414450903 185882416542844 3 1013.05493
185882454425278 185882475020766 3 1013.0392
185882494426997 185882496861498 3 1013.0339
185882534425278 185882536304887 3 1013.0643
185882574458455 185882579127912 3 1013.0289
185882614453768 185882625835781 3 1013.0059
185882654458976 185882655893441 3 1013.01654
185882694470382 185882696420684 3 1013.0234
185882734455330 185882735764074 3 1013.0723
185882774452726 185882775716265 3 1013.0646
185882814448559 185882817126634 3 1013.0339
185882854425018 185882855774450 3 1012.98987
185882894426007 185882895685079 3 1013.0537
185882934425747 185882936243729 3 1013.042
185882974423559 185882976568733 3 1012.99536
185883014452465 185883016857487 3 1012.9846
185883054450382 185883057331501 3 1013.0024
185883094455330 185883097351922 3 1012.9744
185883134449080 185883136337603 3 1013.02814
185883174455538 185883176268597 3 1013.0365
185883214450070 185883216494590 3 1013.01044
185883254450695 185883256725323 3 1013.01074
185883294447049 185883296769963 3 1013.0076
185883334423038 185883336408717 3 1013.1181
185883374426424 185883375979502 3 1013.04126
185883414424653 185883416284923 3 1013.049
185883454453247 185883456317166 3 1013.0588
185883494451893 185883497026806 3 1013.0228
185883534458976 185883537038737 3 1013.04083
185883574452726 185883576276866 3 1013.04877
185883614449549 185883615789161 3 1012.98956
185883654425486 185883656192447 3 1013.00397
185883694437413 185883696625419 3 1013.04553
185883734427726 185883736106361 3 1013.0874
185883774426840 185883776765063 3 1013.12885
185883814426684 185883816901525 3 1013.066
185883854449028 185883857075435 3 1013.01074
185883894430955 185883897181637 3 1013.0403
185883934425070 185883937985860 3 1013.0403
185883974424236 185883977648676 3 1013.0532
185884014425695 185884018124253 3 1013.0429
185884054459236 185884056022122 3 1013.01495
185884094452986 185884096090199 3 1012.9987
185884134458195 185884135993276 3 1013.0094
185884174454809 185884175890832 3 1013.02216
185884214422986 185884216846617 3 1013.0304
185884254426528 185884255943548 3 1013.0425
185884294425278 185884296285114 3 1013.0709
185884334447257 185884338300639 3 1013.0175
185884374459236 185884376226008 3 1013.0196
185884414458715 185884416169970 3 1013.058
185884454458924 185884455899453 3 1013.0375
185884494450434 185884495841124 3 1013.00397
185884534451215 185884536192638 3 1013.0348
185884574453768 185884575773580 3 1013.04504
185884614425174 185884616902594 3 1012.978
185884654426007 185884655783432 3 1013.02954
185884694427257 185884697633071 3 1013.0326
185884734425174 185884736914690 3 1013.0238
185884774451945 185884776809433 3 1013.0068
185884814452726 185884817503083 3 1013.0038
185884854452726 185884857603608 3 1012.9932
185884894453507 185884896603247 3 1013.0013
185884934452726 185884936364241 3 1013.02155
185884974454549 185884976313255 3 1013.01636
185885014456372 185885017832530 3 1013.0239
185885054427413 185885056791492 3 1013.0244
185885094425486 185885096293892 3 1013.0087
185885134425382 185885135808115 3 1013.03986
185885174438872 185885176319056 3 1013.04956
185885214456372 185885218303435 3 1013.0752
185885254470643 185885257031252 3 1013.00903
185885294469393 185885296937870 3 1013.01154
185885334426632 185885336254281 3 1013.0242
185885374427153 185885377901264 3 1012.99347
185885414427726 185885418761060 3 1013.00354
185885454426893 185885456424813 3 1013.0297
185885494427049 185885496453047 3 1013.0366
185885534426736 185885536876905 3 1012.9957
185885574431424 185885577082586 3 1013.00323
185885614445799 185885618994569 3 1012.99097
185885654429288 185885657219625 3 1013.0213
185885694424965 185885697933640 3 1013.06256
185885734433143 185885737970206 3 1012.9854
185885774425382 185885777305158 3 1013.0005
185885814451424 185885816056516 3 1012.99786
185885854453507 185885856456051 3 1013.0079
185885894470903 185885895991211 3 1013.03394
185885934452726 185885936303663 3 1013.0213
185885974422778 185885975726532 3 1012.98065
185886014426268 185886016015702 3 1013.0211
185886054441684 185886056523623 3 1013.0259
185886094454028 185886096309148 3 1013.0831
185886134453507 185886136454152 3 1013.08563
185886174452726 185886175882385 3 1013.0259
185886214454288 185886215989004 3 1013.0619
185886254452726 185886256350206 3 1013.01294
185886294455851 185886296532918 3 1012.9894
185886334454549 185886336717245 3 1013.0082
185886374427205 185886375844645 3 1013.0052
185886414427049 185886416331159 3 1013.07
185886454437465 185886456716267 3 1013.04126
185886494435174 185886497866219 3 1013.0079
185886534453247 185886537702057 3 1012.9896
185886574452986 185886577456123 3 1012.98193
185886614453455 185886616108210 3 1013.0203
185886654455851 185886656510141 3 1012.9871
185886694455851 185886696561395 3 1013.0203
185886734456632 185886736387441 3 1013.059
185886774454809 185886776429372 3 1013.0746
185886814451684 185886816527136 3 1013.0979
185886854429288 185886856475682 3 1013.0668
185886894424809 185886895778551 3 1013.059
185886934425590 185886936247721 3 1012.9766
185886974452465 185886976559496 3 1012.9508
185887014454549 185887016924344 3 1012.9379
185887054452205 185887055737994 3 1012.98505
185887094456372 185887096244091 3 1013.09985
185887134449549 185887136263002 3 1013.0973
185887174429653 185887176360662 3 1013.0665
185887214426215 185887216063166 3 1013.07416
185887254427570 185887256630409 3 1013.07196
185887294426163 185887297049788 3 1013.0149
185887334425434 185887337046824 3 1013.0432
185887374425851 185887377647192 3 1013.0696
185887414427570 185887417806155 3 1013.10986
185887454426268 185887458122773 3 1013.10504
185887494448038 185887495896267 3 1013.11224
185887534450122 185887536164604 3 1013.0743
185887574427049 185887576282525 3 1013.0874
185887614455330 185887616272529 3 1013.1283
185887654449601 185887655797532 3 1013.08704
185887694449028 185887695848682 3 1013.0124
185887734439653 185887735864207 3 1013.01715
185887774426111 185887776006607 3 1012.9766
185887814425174 185887816680621 3 1013.08105
185887854465695 185887856443230 3 1013.07935
185887894470643 185887896644692 3 1013.0429
185887934474549 185887936023029 3 1012.974
185887974467309 185887975972044 3 1013.01434
185888014471215 185888016115641 3 1012.91956
185888054471736 185888055920749 3 1012.811
185888094462570 185888095747055 3 1012.8823
185888134434132 185888136488882 3 1012.9164
185888174427101 185888176050553 3 1012.9241
185888214423976 185888216594828 3 1012.94965
185888254426840 185888256829311 3 1012.8857
185888294450382 185888297773430 3 1012.90564
185888334453507 185888337674371 3 1012.9469
185888374424757 185888378887136 3 1012.98303
185888414464965 185888416397244 3 1012.9598
185888454468299 185888456435789 3 1012.96967
185888494467518 185888496589595 3 1012.96216
185888534427361 185888536349079 3 1012.99567
185888574427934 185888575846843 3 1012.9675
185888614428924 185888616862003 3 1012.97485
185888654428351 185888660611018 3 1012.9856
185888694446424 185888697783938 3 1012.96985
185888734455851 185888736913317 3 1013.0238
185888774425278 185888776026394 3 1013.006
185888814451893 185888816950148 3 1012.98267
185888854425070 185888856324683 3 1012.9677
185888894426632 185888896649271 3 1012.9677
185888934428195 185888936140160 3 1012.9544
185888974433143 185888976262404 3 1012.9929
185889014427153 185889016519491 3 1012.95435
185889054427153 185889056912724 3 1012.96246
185889094428247 185889097778197 3 1012.99005
185889134441893 185889138114763 3 1012.975
185889174464445 185889176125028 3 1012.97235
185889214461320 185889216236178 3 1012.9695
185889254467309 185889256273109 3 1012.97205
185889294466215 185889296006342 3 1012.96173
185889334466007 185889336173637 3 1012.975
185889374468559 185889376174475 3 1012.9747
185889414466788 185889416245312 3 1012.97205
185889454462049 185889456032243 3 1012.9695
185889494426424 185889495973601 3 1012.97205
185889534424340 185889536152564 3 1012.9901
185889574427518 185889577096109 3 1012.95654
185889614469080 185889617024134 3 1012.95154
185889654423924 185889656204815 3 1012.9285
185889694424236 185889698475861 3 1012.9845
185889734452465 185889736007479 3 1013.00555
185889774453976 185889775939567 3 1012.99475
185889814459445 185889816723269 3 1012.9974
185889854425590 185889856478533 3 1012.962
185889894427518 185889895899995 3 1012.94147
185889934428090 185889935867447 3 1012.9918
185889974428924 185889977108441 3 1012.97644
185890014426215 185890017299174 3 1012.95435
185890054450382 185890057301365 3 1012.95917
185890094450643 185890097445276 3 1012.9716
185890134448559 185890136558300 3 1012.97205
185890174450903 185890176303461 3 1012.98755
185890214451684 185890216366329 3 1012.98926
185890254449653 185890256413833 3 1012.9916
185890294452986 185890296474671 3 1012.97894
185890334447986 185890336376966 3 1013.0072
185890374425382 185890376364731 3 1012.96643
185890414429809 185890415863589 3 1013.01996
185890454424705 185890456345416 3 1013.0226
185890494449809 185890497103232 3 1013.0302
185890534426215 185890537032299 3 1012.9818
185890574428351 185890577025480 3 1013.0022
185890614425747 185890615900796 3 1012.98926
185890654427570 185890657272727 3 1012.98926
185890694426997 185890696956638 3 1012.98895
185890734426736 185890736885391 3 1013.0171
185890774431372 185890778949198 3 1012.97894
185890814427830 185890816284254 3 1012.97894
185890854433038 185890857438424 3 1012.95264
185890894426163 185890897809158 3 1012.9736
185890934452257 185890938062287 3 1012.9733
185890974464184 185890976458592 3 1012.9427
185891014462101 185891015950263 3 1012.9983
185891054450643 185891055791882 3 1013.00385
185891094454288 185891095875948 3 1013.00964
185891134463872 185891135839702 3 1013.0061
185891174465226 185891175835123 3 1012.9859
185891214424028 185891215802002 3 1012.9681
185891254426424 185891255723620 3 1012.95264
185891294424809 185891295836385 3 1013.0034
185891334436476 185891336485816 3 1013.0096
185891374475903 185891376497278 3 1012.97766
185891414451163 185891416010824 3 1012.9958
185891454456424 185891456761140 3 1013.01636
185891494456632 185891496261665 3 1012.9726
185891534450382 185891537040523 3 1012.98285
185891574455018 185891576298861 3 1012.97064
185891614449080 185891615834125 3 1012.9879
185891654424549 185891655797983 3 1012.97107
185891694425851 185891695744237 3 1012.9854
185891734432518 185891736256793 3 1012.98285
185891774442882 185891776626589 3 1012.97736
185891814454028 185891816513468 3 1012.9441
185891854424132 185891858830868 3 1012.98016
185891894450434 185891896522955 3 1012.9523
185891934454809 185891936275771 3 1012.9397
185891974457674 185891976265723 3 1012.9575
185892014451163 185892017166196 3 1012.9595
185892054449288 185892056249742 3 1012.9595
185892094425590 185892096214641 3 1012.975
185892134426788 185892135755635 3 1012.93896
185892174444913 185892176072358 3 1012.98
185892214441528 185892217394133 3 1012.9645
185892254426059 185892256363772 3 1012.95667
185892294426632 185892296018359 3 1012.96924
185892334424549 185892336045395 3 1012.9541
185892374425330 185892376609930 3 1012.9589
185892414425070 185892416816548 3 1012.96954
185892454424861 185892455792334 3 1012.9641
185892494449861 185892495756660 3 1012.95935
185892534427465 185892535728227 3 1012.9898
185892574427101 185892575828439 3 1012.97424
185892614425122 185892616642350 3 1012.9563
185892654453768 185892657111624 3 1012.9692
185892694465226 185892696897462 3 1012.96216
185892734464132 185892735983299 3 1012.9486
185892774466788 185892775810959 3 1012.946
185892814474189 185892815993203 3 1012.95935
185892854431689 185892855819457 3 1012.9665
185892894476532 185892896490294 3 1012.97394
185892934435178 185892936161392 3 1012.9976
185892974470751 185892975870719 3 1012.9637
185893014433980 185893016053952 3 1012.9457
185893054434189 185893056001248 3 1012.98425
185893094474397 185893096410054 3 1012.98444
185893134474449 185893137024433 3 1012.93823
185893174477782 185893177328395 3 1012.98425
185893214484032 185893216683816 3 1012.97394
185893254475959 185893256411267 3 1012.91504
185893294478564 185893296418199 3 1012.92584
185893334477834 185893336977526 3 1012.9279
185893374427574 185893376302477 3 1012.9457
185893414433512 185893415836179 3 1012.95337
185893454433251 185893456044569 3 1012.95526
185893494434709 185893496480458 3 1012.95795
185893534478824 185893537498379 3 1012.95306
185893574471845 185893577341404 3 1012.9454
185893614472626 185893617122449 3 1012.9609
185893654454970 185893656691047 3 1012.9321
185893694457782 185893696167822 3 1012.95496
185893734460647 185893736595430 3 1012.963
185893774433407 185893776162153 3 1012.95044
185893814432053 185893816756167 3 1012.9733
185893854432626 185893855815077 3 1012.95
185893894435491 185893896291852 3 1012.95526
185893934432366 185893937250242 3 1012.95496
185893974432991 185893978512069 3 1012.96814
185894014434657 185894016944156 3 1012.95557
185894054431012 185894058515306 3 1012.98816
185894094433980 185894097726455 3 1012.93463
185894134456220 185894135861147 3 1012.945
185894174459866 185894175892297 3 1012.9702
185894214460387 185894215941467 3 1012.9599
185894254431168 185894255904075 3 1012.9702
185894294433407 185894295842986 3 1012.9594
185894334436480 185894336005073 3 1012.965
185894374431845 185894376908254 3 1012.9624
185894414465334 185894416787633 3 1012.95215
185894454459345 185894456681335 3 1012.9599
185894494457262 185894495881756 3 1012.9753
185894534459084 185894535911343 3 1013.0213
185894574457001 185894575898118 3 1013.011
185894614461428 185894615883174 3 1013.0083
185894654452834 185894655995157 3 1012.9834
185894694461220 185894695847765 3 1012.99384
185894734458772 185894735871102 3 1012.9823
185894774433199 185894775695846 3 1012.95215
185894814431532 185894816266892 3 1012.9569
185894854460387 185894856712052 3 1012.9862
185894894457001 185894897056066 3 1012.9333
185894934434970 185894937107581 3 1012.94104
185894974461897 185894976291387 3 1012.9672
185895014433251 185895015843318 3 1012.9462
185895054433355 185895057359259 3 1012.9823
185895094466168 185895096574940 3 1012.98517
185895134433772 185895136399267 3 1012.97174
185895174434241 185895176004167 3 1012.9846
185895214434553 185895216412921 3 1012.9569
185895254432834 185895257773759 3 1012.9723
185895294472939 185895297136835 3 1012.9741
185895334478043 185895337758506 3 1012.97174
185895374468980 185895377307416 3 1012.95905
185895414469189 185895416788514 3 1012.97174
185895454467626 185895456475185 3 1012.9723
185895494431428 185895496415814 3 1012.95135
185895534435387 185895536647328 3 1012.9539
185895574434709 185895576059207 3 1012.9518
185895614433616 185895616809419 3 1012.96356
185895654428876 185895657933798 3 1012.9521
185895694434084 185895697432396 3 1012.9723
185895734433824 185895738320942 3 1012.9792
185895774504866 185895776008550 3 1012.95325
185895814476012 185895816410741 3 1012.96606
185895854475178 185895856105901 3 1012.9893
185895894474970 185895896132885 3 1012.9966
185895934473616 185895936063201 3 1012.9945
185895974478616 185895975981538 3 1012.9611
185896014430647 185896016291334 3 1012.9791
185896054432053 185896056018838 3 1012.9511
185896094432105 185896096214519 3 1012.95325
185896134433251 185896138129784 3 1012.97833
185896174474189 185896177442548 3 1012.9558
185896214473928 185896217203750 3 1012.9706
185896254478824 185896256029587 3 1012.96326
185896294474709 185896295859695 3 1012.9558
185896334474449 185896335987720 3 1012.96606
185896374481689 185896376011839 3 1012.9688
185896414460959 185896418031843 3 1012.9583
185896454465334 185896456385649 3 1012.968
185896494432626 185896496436122 3 1012.9739
185896534435022 185896535876803 3 1012.9628
185896574432522 185896577735817 3 1012.9631
185896614483512 185896617008686 3 1012.9327
185896654465855 185896657187492 3 1012.9683
185896694476793 185896697289631 3 1012.97565
185896734476012 185896736611041 3 1012.9348
185896774475959 185896776533129 3 1012.97284
185896814471845 185896816642664 3 1012.9708
185896854472626 185896856471991 3 1012.958
185896894464241 185896896591786 3 1012.96027
185896934437782 185896936167363 3 1013.0044
185896974435282 185896976597003 3 1012.9708
185897014432834 185897016956173 3 1012.9606
185897054495439 185897056945240 3 1013.00604
185897094431949 185897097856702 3 1012.9912
185897134432574 185897136568581 3 1012.98346
185897174487678 185897180427960 3 1013.01666
185897214450126 185897216861454 3 1012.98315
185897254449032 185897257212812 3 1012.98315
185897294433824 185897296986305 3 1012.96747
185897334438043 185897336736101 3 1012.9983
185897374432730 185897375872824 3 1012.9983
185897414434814 185897416001578 3 1012.9909
185897454431689 185897456909915 3 1012.9909
185897494461428 185897497061273 3 1012.9937
185897534482001 185897539051225 3 1012.9782
185897574499137 185897575984302 3 1012.988
185897614473616 185897616139566 3 1012.9881
185897654454918 185897655880716 3 1012.9906
185897694458043 185897695872126 3 1012.98035
185897734459345 185897735854266 3 1012.97253
185897774431428 185897775843280 3 1012.9803
185897814431532 185897815779534 3 1012.9778
185897854432157 185897855981257 3 1012.9752
185897894430595 185897896970011 3 1012.9806
185897934461116 185897936786421 3 1012.9752
185897974462730 185897976895436 3 1012.9752
185898014461428 185898017331690 3 1012.9829
185898054463251 185898056405860 3 1013.00354
185898094460907 185898096410448 3 1012.99286
185898134436428 185898136250191 3 1013.013
185898174454605 185898176543737 3 1012.99536
185898214430647 185898216342178 3 1013.0113
185898254431949 185898256678276 3 1012.9769
185898294431376 185898296020415 3 1012.95917
185898334431793 185898336455992 3 1012.9718
185898374464762 185898376374121 3 1012.93604
185898414463251 185898417253813 3 1012.9795
185898454460907 185898457478296 3 1012.95917
185898494465074 185898496298717 3 1012.97217
185898534454345 185898536358356 3 1012.9818
185898574435022 185898576432579 3 1012.9494
185898614455126 185898617601385 3 1012.9567
185898654432157 185898656578316 3 1012.96747
185898694435595 185898696834466 3 1012.9614
185898734436168 185898736968376 3 1012.9638
185898774434084 185898777020567 3 1012.9741
185898814431428 185898817291821 3 1012.95886
185898854431428 185898858267711 3 1012.95886
185898894435334 185898898351205 3 1012.9821
185898934433407 185898938784646 3 1012.9616
185898974497053 185898975974129 3 1012.94385
185899014475491 185899016185487 3 1012.94385
185899054476793 185899056084918 3 1012.9641
185899094457574 185899095961693 3 1012.961
185899134428303 185899135767530 3 1012.93066
185899174431689 185899175833941 3 1012.9464
185899214442105 185899216636288 3 1012.9487
185899254482991 185899256552751 3 1012.9586
185899294432209 185899296503640 3 1012.9924
185899334433772 185899340050155 3 1012.9736
185899374475959 185899377146877 3 1012.9761
185899414478564 185899416162871 3 1012.9889
185899454479084 185899456113552 3 1012.986
185899494485074 185899496042722 3 1012.9761
185899534432834 185899536500174 3 1012.9864
185899574431949 185899576198668 3 1012.9455
185899614436532 185899616727734 3 1012.9761
185899654445334 185899656705395 3 1013.01465
185899694474397 185899696901544 3 1012.98645
185899734476741 185899737753996 3 1012.9916
185899774474657 185899778430511 3 1012.97644
185899814447314 185899816491504 3 1012.994
185899854446793 185899856045415 3 1012.99915
185899894463980 185899896053075 3 1012.9938
185899934460334 185899936664120 3 1012.9893
185899974467626 185899976100739 3 1012.9919
185900014448147 185900015862097 3 1012.98096
185900054424814 185900055937101 3 1012.9555
185900094423824 185900095663615 3 1012.98376
185900134451220 185900137234297 3 1012.94574
185900174453043 185900176463571 3 1012.98865
185900214462418 185900215974200 3 1012.97876
185900254460595 185900255881756 3 1012.99915
185900294450491 185900295916552 3 1012.9687
185900334422834 185900335556712 3 1012.99634
185900374484762 185900376670623 3 1012.99915
185900414423824 185900417783127 3 1013.0015
185900454425491 185900456045058 3 1012.9641
185900494428928 185900496654176 3 1012.955
185900534434553 185900536826107 3 1012.9677
185900574475699 185900575707257 3 1012.98096
185900614454605 185900615724292 3 1012.97864
185900654443980 185900655661953 3 1012.96246
185900694455907 185900695717581 3 1012.9708
185900734456428 185900735605606 3 1012.953
185900774455387 185900775668579 3 1012.97864
185900814456949 185900815689312 3 1012.9913
185900854455647 185900855552754 3 1012.95557
185900894453355 185900895689268 3 1012.9451
185900934424189 185900935600991 3 1012.9658
185900974430178 185900975922714 3 1012.9985
185901014451220 185901016111832 3 1012.9748
185901054426532 185901055898711 3 1012.9934
185901094444970 185901095684913 3 1012.9755
185901134448876 185901135643511 3 1012.99866
185901174454605 185901175608879 3 1012.9651
185901214469137 185901216133519 3 1012.9651
185901254458459 185901256024773 3 1012.95557
185901294460334 185901296116912 3 1012.9552
185901334437522 185901335962385 3 1012.9677
185901374424605 185901375752597 3 1012.9677
185901414420907 185901416271924 3 1012.95294
185901454456428 185901456985626 3 1012.9697
185901494424866 185901497487609 3 1012.9927
185901534445803 185901536007769 3 1012.9927
185901574442626 185901575920638 3 1012.98083
185901614443147 185901615737881 3 1012.9599
185901654447314 185901656002260 3 1013.0244
185901694461064 185901696108671 3 1013.0286
185901734424970 185901736896279 3 1012.99493
185901774455230 185901775891960 3 1012.9842
185901814425959 185901816258006 3 1012.97595
185901854424762 185901855961239 3 1012.9651
185901894463147 185901896539941 3 1012.998
185901934423876 185901936363226 3 1012.98834
185901974423720 185901975875417 3 1012.9599
185902014426949 185902016140057 3 1012.9471
185902054428668 185902055747977 3 1012.97235
185902094449189 185902095574283 3 1012.99884
185902134427262 185902135795485 3 1012.9934
185902174483564 185902175617833 3 1012.98566
185902214423668 185902215709556 3 1012.9748
185902254424970 185902255834299 3 1012.99744
185902294422470 185902296268262 3 1013.0158
185902334422782 185902335956026 3 1012.99005
185902374445491 185902375566707 3 1012.99774
185902414464241 185902415980722 3 1012.99774
185902454446793 185902455649111 3 1012.9793
185902494448147 185902495594844 3 1012.9851
185902534445022 185902536385525 3 1013.0125
185902574443147 185902575626779 3 1012.99524
185902614444189 185902615598867 3 1012.9871
185902654420751 185902655551370 3 1012.9702
185902694424501 185902695610854 3 1012.97723
185902734423303 185902735854868 3 1012.97974
185902774443147 185902776201487 3 1012.9772
185902814445230 185902816947532 3 1012.99744
185902854449137 185902856022172 3 1012.99286
185902894445803 185902895914259 3 1012.98004
185902934422001 185902935951555 3 1012.96423
185902974444189 185902975960986 3 1012.962
185903014443928 185903015984115 3 1012.98444
185903054447418 185903055909431 3 1012.9542
185903094424084 185903095851414 3 1012.9411
185903134423147 185903135706522 3 1012.98706
185903174424397 185903176066162 3 1013.0225
185903214442887 185903216674291 3 1012.9823
185903254444970 185903256659503 3 1012.97424
185903294466064 185903295974768 3 1013.00256
185903334456168 185903336065709 3 1012.9669
185903374462678 185903375971286 3 1013.0022
185903414462626 185903415960821 3 1012.9945
185903454457314 185903455961867 3 1012.9459
185903494424397 185903495955881 3 1012.96423
185903534425595 185903536220364 3 1012.9591
185903574431584 185903576854431 3 1012.9871
185903614426897 185903618443706 3 1012.9516
185903654422053 185903656780741 3 1012.96423
185903694425491 185903696811683 3 1012.96356
185903734444918 185903735729916 3 1012.969
185903774462678 185903775746170 3 1012.97943
185903814454084 185903815799246 3 1012.969
185903854464241 185903855752428 3 1012.97675
185903894462157 185903895623577 3 1012.98126
185903934457053 185903935654102 3 1012.969
185903974426532 185903975566242 3 1012.992
185904014424501 185904016022079 3 1013.0074
185904054429657 185904056469114 3 1013.00256
185904094454605 185904096758285 3 1013.0197
185904134450178 185904135702247 3 1013.0102
185904174459553 185904175652616 3 1012.9971
185904214462157 185904215789755 3 1012.9893
185904254456168 185904255694447 3 1012.97876
185904294469918 185904295593565 3 1012.9891
185904334463199 185904335663934 3 1012.99133
185904374461637 185904375945031 3 1013.0197
185904414434657 185904415897275 3 1012.97095
185904454423355 185904455608894 3 1012.9711
185904494437939 185904496018012 3 1012.9862
185904534465282 185904536735777 3 1013.0221
185904574466064 185904576835676 3 1012.97943
185904614449189 185904616042139 3 1012.97314
185904654443199 185904656439486 3 1012.9809
185904694426116 185904696244595 3 1012.99677
185904734465022 185904736195119 3 1012.9993
185904774465282 185904776231686 3 1012.97614
185904814467939 185904817935440 3 1013.01776
185904854425803 185904856251173 3 1012.9762
185904894428668 185904895947375 3 1012.9809
185904934446168 185904936423160 3 1013.0094
185904974463459 185904976872018 3 1012.98676
185905014457730 185905016975356 3 1012.9871
185905054423824 185905056066089 3 1013.0144
185905094423564 185905096040728 3 1013.0247
185905134432782 185905136031930 3 1013.03
185905174424293 185905177081153 3 1013.0299
185905214424553 185905217320115 3 1013.00183
185905254430491 185905256583453 3 1013.0171
185905294438303 185905296557571 3 1013.0373
185905334432053 185905336192419 3 1013.004
185905374472001 185905376272527 3 1013.0425
185905414456949 185905417669875 3 1013.0607
185905454454605 185905455887431 3 1013.0425
185905494458772 185905495846081 3 1013.0292
185905534454345 185905535748324 3 1012.9782
185905574453303 185905575827495 3 1012.98444
185905614463459 185905616099530 3 1013.0272
185905654447574 185905655816878 3 1013.0038
185905694428668 185905695808913 3 1013.02185
185905734425647 185905736460948 3 1012.9891
185905774423147 185905776196629 3 1013.0041
185905814460595 185905817135488 3 1013.04535
185905854445491 185905856583252 3 1013.0016
185905894459762 185905895913933 3 1013.0012
185905934464762 185905935851854 3 1013.0553
185905974458512 185905976117170 3 1012.9993
185906014458251 185906016308216 3 1013.03204
185906054459814 185906056212126 3 1012.99896
185906094463459 185906096242599 3 1012.99115
185906134457209 185906135851301 3 1012.9937
185906174422001 185906175801096 3 1012.99884
185906214424866 185906215756881 3 1012.9857
185906254460074 185906256401521 3 1013.0086
185906294444501 185906296631264 3 1013.0244
185906334444241 185906336171841 3 1012.99866
185906374442366 185906376160543 3 1013.0344
185906414446012 185906416057995 3 1013.01917
185906454443459 185906455891853 3 1013.0214
185906494445230 185906496020034 3 1012.98865
185906534447626 185906536022538 3 1013.0295
185906574423043 185906576966761 3 1013.0365
185906614423616 185906615763744 3 1013.0214
185906654421897 185906655877602 3 1013.0392
185906694447418 185906696198596 3 1013.0063
185906734424449 185906737859433 3 1013.0267
185906774426376 185906776069958 3 1013.02954
185906814422053 185906818599233 3 1013.01373
185906854422730 185906855975174 3 1013.0553
185906894422887 185906895865960 3 1013.0645
185906934447262 185906935763307 3 1013.0012
185906974444501 185906975712374 3 1013.0241
185907014444709 185907015866805 3 1013.00934
185907054422574 185907055593632 3 1013.01917
185907094424553 185907095634782 3 1013.0241
185907134447314 185907136198119 3 1013.0141
185907174443459 185907176187342 3 1013.03467
185907214453564 185907215860835 3 1013.0141
185907254447053 185907255544797 3 1012.9938
185907294444970 185907295637770 3 1013.01184
185907334442887 185907335931680 3 1013.01636
185907374452262 185907375758299 3 1013.02356
185907414445230 185907415682470 3 1013.0241
185907454420230 185907455590182 3 1013.0144
185907494425543 185907495808519 3 1013.02216
185907534427626 185907536250763 3 1013.0417
185907574454918 185907576860246 3 1013.02216
185907614455699 185907616996240 3 1013.0011
185907654443407 185907656505358 3 1013.04474
185907694444970 185907696409633 3 1013.0038
185907734449137 185907736298387 3 1013.0086
185907774454866 185907776152401 3 1013.00604
185907814463407 185907816151937 3 1012.9882
185907854465803 185907855856732 3 1013.01404
185907894427053 185907898312778 3 1013.0004
185907934428251 185907936683459 3 1013.0004
185907974422782 185907975823515 3 1013.0034
185908014460855 185908016468050 3 1012.99567
185908054462366 185908056670034 3 1013.039
185908094454605 185908096493788 3 1013.0009
185908134450959 185908136236031 3 1013.0339
185908174459553 185908176179264 3 1013.0189
185908214459553 185908216097862 3 1013.0158
185908254453876 185908256074220 3 1013.0236
185908294439709 185908296278599 3 1013.01587
185908334426532 185908336074124 3 1013.03467
185908374424137 185908376445117 3 1013.0545
185908414426637 185908416574288 3 1013.0395
185908454428095 185908457394032 3 1013.0111
185908494424814 185908496746327 3 1012.99316
185908534430699 185908537139248 3 1013.0063
185908574429918 185908575935710 3 1013.0063
185908614450959 185908615858475 3 1013.0211
185908654443720 185908655908739 3 1013.00885
185908694459814 185908695823014 3 1012.9803
185908734452262 185908735759685 3 1013.0362
185908774453564 185908776160678 3 1013.01074
185908814425647 185908815816047 3 1013.0057
185908854426064 185908855994436 3 1013.04126
185908894463407 185908896212044 3 1012.97534
185908934452782 185908936938715 3 1013.0283
185908974464501 185908976208198 3 1013.0465
185909014479553 185909016517577 3 1013.0189
185909054475699 185909055873727 3 1013.02325
185909094456428 185909096718523 3 1013.0491
185909134458512 185909135831912 3 1013.0055
185909174458824 185909175794260 3 1013.01556
185909214440491 185909216478170 3 1013.02313
185909254431584 185909255948486 3 1013.0076
185909294425699 185909296151824 3 1012.9952
185909334463459 185909337019536 3 1013.03613
185909374452522 185909376898811 3 1013.00525
185909414453303 185909416885586 3 1012.99567
185909454459553 185909456160902 3 1013.01154
185909494451220 185909496116323 3 1012.97974
185909534460334 185909536071118 3 1013.0001
185909574459814 185909576122477 3 1013.0029
185909614464501 185909616135189 3 1013.01337
185909654445803 185909656055297 3 1013.02325
185909694425282 185909696082228 3 1013.0541
185909734424970 185909735782753 3 1013.03595
185909774463199 185909777180986 3 1013.0185
185909814456168 185909816850313 3 1013.0465
185909854458251 185909856635942 3 1013.0287
185909894478512 185909896409175 3 1013.00604
185909934426428 185909935788814 3 1013.0233
185909974424449 185909976431527 3 1012.99005
185910014423668 185910017474239 3 1013.0464
185910054422939 185910055534451 3 1013.0339
185910094427730 185910096149195 3 1013.003
185910134421272 185910136696543 3 1013.04126
185910174423720 185910176856651 3 1013.103
185910214422626 185910215900561 3 1013.03326
185910254443720 185910255772388 3 1013.06665
185910294444449 185910295698746 3 1012.98206
185910334444709 185910336008438 3 1013.0153
185910374443980 185910375698025 3 1013.00806
185910414443928 185910415735216 3 1013.01807
185910454443199 185910455734804 3 1013.02313
185910494445543 185910495630797 3 1013.04126
185910534422574 185910535788510 3 1013.13403
185910574425282 185910575538305 3 1013.12897
185910614423928 185910615867997 3 1013.0955
185910654442678 185910656246334 3 1012.9917
185910694448147 185910696043213 3 1012.9359
185910734445230 185910735956394 3 1012.9613
185910774447834 185910775679159 3 1012.99567
185910814444709 185910815818017 3 1012.9952
185910854445491 185910855744167 3 1012.98676
185910894446272 185910896171775 3 1013.0046
185910934446532 185910935978081 3 1012.97205
185910974422834 185910976215637 3 1013.0052
185911014425387 185911016225589 3 1013.0104
185911054426532 185911056236947 3 1012.9971
185911094422314 185911098575649 3 1013.02075
185911134456689 185911137475861 3 1013.03094
185911174457209 185911176581959 3 1012.98157
185911214460074 185911216418213 3 1013.0076
185911254459814 185911256149467 3 1013.0329
185911294459032 185911296288846 3 1013.03595
185911334456220 185911336233485 3 1013.0439
185911374457209 185911376286041 3 1013.0034
185911414456741 185911416296774 3 1013.0538
185911454425439 185911456186362 3 1013.0001
185911494440178 185911496052355 3 1013.01294
185911534458512 185911536177359 3 1013.05334
185911574459814 185911576812728 3 1013.054
185911614423043 185911616524919 3 1013.01044
185911654421741 185911656082163 3 1013.0226
185911694429241 185911696372323 3 1013.02325
185911734425126 185911736955400 3 1013.054
185911774437678 185911776123842 3 1013.01
185911814424189 185911816971658 3 1013.0358
185911854422626 185911855748485 3 1013.0541
185911894429084 185911895812291 3 1013.0437
185911934425282 185911936662035 3 1012.97394
185911974453824 185911976552872 3 1012.9846
185912014457730 185912017358657 3 1013.00775
185912054461168 185912055939859 3 1013.03864
185912094423616 185912096391738 3 1013.1341
185912134441897 185912135904659 3 1013.19836
185912174421741 185912176119715 3 1013.09784
185912214452053 185912215881750 3 1013.0104
185912254451532 185912256023056 3 1012.9585
185912294451793 185912295864831 3 1012.9148
185912334424501 185912335541137 3 1012.95355
185912374421012 185912376011401 3 1012.9355
185912414457470 185912416336562 3 1012.9613
185912454456689 185912456055836 3 1012.99426
185912494459814 185912495781778 3 1013.0048
185912534463199 185912536091782 3 1012.98724
185912574462157 185912576073661 3 1013.0079
185912614463199 185912615832727 3 1012.9948
185912654444189 185912656021429 3 1013.01556
185912694436584 185912696053569 3 1013.00775
185912734424501 185912736011541 3 1013.01514
185912774425074 185912775919149 3 1013.013
185912814423199 185912816218112 3 1013.0381
185912854444189 185912856842230 3 1013.043
185912894462105 185912896832807 3 1012.9924
185912934457001 185912936126405 3 1013.05634
185912974448355 185912976150888 3 1013.0153
185913014456949 185913016226882 3 1012.97675
185913054457991 185913056105271 3 1013.0306
185913094462939 185913096474181 3 1013.0076
185913134460803 185913135716581 3 1013.05145
185913174424553 185913176477002 3 1013.028
185913214423095 185913217045391 3 1013.0406
185913254427001 185913256134406 3 1013.00806
185913294423616 185913296807743 3 1013.06635
185913334427262 185913337724726 3 1013.0747
185913374432522 185913376032178 3 1013.05963
185913414423564 185913415852859 3 1013.03107
185913454424501 185913455939426 3 1013.02826
185913494460334 185913495776669 3 1013.0255
185913534466012 185913535884642 3 1012.9713
185913574452834 185913575929229 3 1012.9687
185913614425282 185913615883348 3 1013.10284
185913654421637 185913655904602 3 1013.19824
185913694433199 185913696112210 3 1013.1802
185913734452834 185913736580547 3 1013.03107
185913774457470 185913775929718 3 1012.9458
185913814456689 185913815787378 3 1012.94073
185913854462939 185913855636028 3 1012.91235
185913894432887 185913896892855 3 1012.8937
185913934458251 185913935616192 3 1012.9558
185913974459293 185913975617967 3 1012.9585
185914014460074 185914015776929 3 1013.00745
185914054455439 185914055614381 3 1012.97394
185914094424970 185914095640635 3 1012.98486
185914134427991 185914135915639 3 1013.01044
185914174458251 185914176464810 3 1013.0387
185914214463980 185914216575647 3 1013.00256
185914254425855 185914255996068 3 1013.00714
185914294420230 185914297854770 3 1013.0046
185914334448147 185914335986909 3 1013.002
185914374443407 185914375977746 3 1013.01514
185914414444241 185914416088896 3 1013.00037
185914454446845 185914455869734 3 1013.013
185914494424449 185914496163071 3 1013.01294
185914534427053 185914535889169 3 1013.0258
185914574423407 185914576193808 3 1013.01794
185914614445022 185914616308447 3 1013.05145
185914654441845 185914656632097 3 1013.02026
185914694444189 185914695853299 3 1013.01807
185914734443147 185914735817261 3 1013.03595
185914774444762 185914775827005 3 1013.01514
185914814443928 185914815857686 3 1013.0252
185914854448199 185914855825659 3 1013.09283
185914894422574 185914895846236 3 1013.092
185914934422939 185914939901813 3 1013.03864
185914974425022 185914975794942 3 1013.0102
185915014423512 185915016464581 3 1013.0567
185915054422939 185915056311616 3 1013.05634
185915094423876 185915096924589 3 1013.0744
185915134430907 185915135851103 3 1013.17017
185915174456689 185915175645743 3 1013.2265
185915214445751 185915215809184 3 1012.9588
185915254458564 185915255661792 3 1012.8324
185915294446272 185915295660807 3 1013.059
185915334449762 185915335585811 3 1012.8916
185915374424866 185915377032377 3 1012.8815
185915414426584 185915415760610 3 1012.9228
185915454422262 185915456223844 3 1012.9474
185915494442626 185915496470671 3 1012.9997
185915534443980 185915535610518 3 1013.00256
185915574442939 185915575564376 3 1012.9558
185915614461637 185915615849693 3 1013.0069
185915654444762 185915655584072 3 1012.9997
185915694424762 185915696207045 3 1012.9874
185915734459293 185915735577048 3 1013.0125
185915774459032 185915776159553 3 1013.01324
185915814423043 185915815650598 3 1012.9923
185915854425126 185915855561904 3 1013.0535
185915894421845 185915895951596 3 1013.02826
185915934459762 185915936510558 3 1013.0255
185915974468407 185915976437437 3 1013.01465
185916014453824 185916016082806 3 1013.0513
185916054466064 185916056025205 3 1013.028
185916094456116 185916095960261 3 1013.0226
185916134454605 185916136162922 3 1013.0381
185916174468616 185916176595842 3 1013.0409
185916214451532 185916216539701 3 1013.0048
185916254424293 185916256386007 3 1012.99475
185916294422418 185916296134031 3 1013.0439
185916334424032 185916336749035 3 1013.08167
185916374430074 185916377173362 3 1013.0149
185916414463459 185916417849304 3 1013.1177
185916454440282 185916457152225 3 1013.1187
185916494459553 185916495970405 3 1013.2991
185916534475439 185916536203587 3 1013.1622
185916574486116 185916576088226 3 1012.8376
185916614482991 185916615655417 3 1012.9432
185916654420751 185916656227140 3 1012.9638
185916694424397 185916695656675 3 1012.8966
185916734432001 185916736169388 3 1012.91235
185916774425751 185916776689444 3 1012.98444
185916814423147 185916817217312 3 1013.0306
185916854464605 185916855808879 3 1013.01807
185916894469709 185916896042789 3 1012.992
185916934458251 185916936144460 3 1012.9669
185916974453564 185916975906599 3 1013.0358
185917014453043 185917015890978 3 1013.028
185917054460855 185917055746868 3 1013.02313
185917094429032 185917097800934 3 1013.0355
185917134448512 185917136328021 3 1013.0278
185917174447834 185917176332244 3 1013.00745
185917214453616 185917216684852 3 1013.04626
185917254464241 185917256707929 3 1013.0355
185917294477522 185917295741944 3 1013.04114
185917334468147 185917337406062 3 1013.06665
185917374471272 185917375687420 3 1013.0662
185917414485855 185917415894508 3 1013.0255
185917454430647 185917455611959 3 1013.03
185917494468459 185917496829464 3 1013.01044
185917534477782 185917537560041 3 1013.0516
185917574444449 185917577963065 3 1013.0185
185917614442105 185917615780725 3 1013.03094
185917654480282 185917656104063 3 1013.0278
185917694482209 185917697923806 3 1013.01807
185917734478251 185917737996206 3 1013.0387
185917774482678 185917778391106 3 1013.0228
185917814480647 185917818237204 3 1013.0517
185917854481689 185917857753979 3 1013.0439
185917894489709 185917897988722 3 1013.0355
185917934453824 185917936697945 3 1013.0097
185917974431116 185917976710866 3 1013.00244
185918014433355 185918015608161 3 1012.99915
185918054433824 185918055833738 3 1012.9717
185918094466532 185918096295565 3 1012.9971
185918134486637 185918138154684 3 1013.0018
185918174454657 185918177742656 3 1012.98236
185918214458251 185918217765212 3 1013.0102
185918254441012 185918258398706 3 1013.01746
185918294448928 185918297922252 3 1013.0097
185918334443564 185918335774755 3 1012.9795
185918374447887 185918375730645 3 1013.02
185918414446480 185918416133566 3 1013.0252
185918454433303 185918456273726 3 1013.0252
185918494433303 185918495952376 3 1013.04285
185918534435074 185918536066963 3 1013.0688
185918574430647 185918577246654 3 1013.059
185918614462157 185918616796398 3 1013.04126
185918654451220 185918655752704 3 1013.02563
185918694456741 185918695775260 3 1013.0432
185918734455439 185918735630941 3 1013.04395
185918774469449 185918775632403 3 1013.02057
185918814472834 185918815689543 3 1013.0481
185918854468980 185918855795641 3 1013.0004
185918894448043 185918895615436 3 1013.0027
185918934432678 185918935750388 3 1013.02826
185918974473824 185918976382996 3 1013.02075
185919014450491 185919016440136 3 1013.049
185919054452834 185919055769150 3 1013.0567
185919094452262 185919095802383 3 1013.0309
185919134455178 185919135558221 3 1013.02563
185919174473876 185919177095204 3 1013.0224
185919214474918 185919216903593 3 1013.02313
185919254474918 185919256825889 3 1013.0464
185919294471793 185919296965841 3 1012.9927
185919334431116 185919336744282 3 1013.02826
185919374432887 185919375912776 3 1013.03094
185919414467626 185919416034498 3 1013.03033
185919454472001 185919457361898 3 1013.02313
185919494467626 185919497385027 3 1013.0255
185919534465022 185919535607427 3 1013.00244
185919574471324 185919577454567 3 1012.9871
185919614467887 185919616041862 3 1013.0288
185919654438407 185919657886658 3 1013.01776
185919694469553 185919696799735 3 1013.01776
185919734429866 185919736662603 3 1012.9871
185919774431949 185919775553909 3 1013.0278
185919814434189 185919816179122 3 1012.9941
185919854468668 185919856463969 3 1013.0255
185919894495491 185919897357203 3 1013.0255
185919934433355 185919937480228 3 1013.0048
185919974433564 185919977609086 3 1013.028
185920014432418 185920015697683 3 1012.9713
185920054441116 185920056015760 3 1013.0226
185920094440387 185920096492014 3 1013.02826
185920134444762 185920137118841 3 1013.02325
185920174506897 185920175862335 3 1013.028
185920214445595 185920215839786 3 1013.01324
185920254443564 185920255856405 3 1013.02826
185920294491584 185920296531305 3 1013.02325
185920334484293 185920336423601 3 1013.0358
185920374488720 185920375785271 3 1013.0172
185920414493147 185920416519025 3 1013.02075
185920454486116 185920455737571 3 1013.0052
185920494480907 185920495831325 3 1013.0432
185920534468459 185920536893464 3 1013.01776
