name=AzimuthSensor vendor=Kyle current_time_ms=1561445543718
m_t m_x m_y m_z a_t a_x a_y a_z g_t g_x g_y g_z direction_degrees
281251038 0 0.0 0.0 0.0 0 0.0 0.0 0.0 0 0.0 0.0 0.0 0.0
281251072 0 -66.36535 -77.26079 -123.10764 0 -0.2586587 2.3847384 8.002465 0 -0.1451073 -0.1038674 0.22367021 119.34972834918398
281251104 0 -66.75111 -77.72557 -123.72823 0 -0.23120372 2.3853838 8.088406 0 -0.14689672 -0.09872139 0.22535218 119.72847599903952
281251138 0 -67.123535 -78.15224 -124.33689 0 -0.19008978 2.3727772 8.192689 0 -0.14944302 -0.08811245 0.22306941 120.31953324905578
281251171 0 -67.50846 -78.54043 -124.95862 0 -0.16136801 2.3459098 8.268406 0 -0.1564103 -0.08211193 0.2143446 120.88168513850451
281251203 0 -67.98289 -79.00788 -125.78568 0 -0.12727952 2.311826 8.357137 0 -0.16671467 -0.07844268 0.18318316 121.53976020465689
281251236 0 -68.3219 -79.3183 -126.4303 0 -0.11085787 2.3030133 8.446994 0 -0.16462976 -0.07544453 0.16079392 121.87327834182861
281251269 0 -68.665955 -79.60715 -127.03817 0 -0.10954708 2.319063 8.549684 0 -0.15394795 -0.068014145 0.14903979 121.93506423306053
281251302 0 -69.058044 -79.99368 -127.85987 0 -0.11323673 2.3285122 8.617001 0 -0.13944575 -0.05649822 0.13642488 121.9498037812894
281251335 0 -69.328064 -80.28697 -128.43628 0 -0.11292042 2.3221161 8.67699 0 -0.13014649 -0.05566571 0.12830228 122.13430085114982
281251368 0 -69.58179 -80.52203 -128.95952 0 -0.11511524 2.3209984 8.752534 0 -0.11369075 -0.054288007 0.12158494 122.27776214447675
281251401 0 -69.83504 -80.76824 -129.45314 0 -0.11946553 2.333362 8.801741 0 -0.09687927 -0.05139394 0.115329824 122.23918523604453
281251434 0 -70.15773 -81.071976 -130.07678 0 -0.123243146 2.3377106 8.847011 0 -0.08605621 -0.051517073 0.10421734 122.25137029352379
281251467 0 -70.382454 -81.28445 -130.46254 0 -0.124097124 2.332853 8.895124 0 -0.073664285 -0.055993985 0.09751036 122.3821410953729
281251500 0 -70.5682 -81.5062 -130.7845 0 -0.114480145 2.331444 8.934135 0 -0.05679699 -0.059895042 0.091946036 122.53090261549573
281251533 0 -70.84711 -81.79495 -131.26854 0 -0.09715371 2.3380723 8.965253 0 -0.043772817 -0.06119551 0.087196045 122.60220979043072
281251566 0 -71.04986 -81.99258 -131.58115 0 -0.08963058 2.3490226 8.982895 0 -0.03823999 -0.060861547 0.08002095 122.56815446722902
281251599 0 -71.25046 -82.186066 -131.95184 0 -0.08088072 2.3565724 8.999531 0 -0.036884755 -0.06084409 0.07447976 122.55624261731651
281251632 0 -71.441475 -82.39503 -132.25735 0 -0.06711674 2.368327 9.029473 0 -0.03181032 -0.059074584 0.07032625 122.58038050584332
281251665 0 -71.67977 -82.6279 -132.65248 0 -0.05227196 2.3794365 9.05148 0 -0.027229227 -0.05605048 0.066134885 122.57943793973789
281251698 0 -71.84397 -82.78694 -132.91388 0 -0.037488 2.3841405 9.080082 0 -0.025441788 -0.053526882 0.060614884 122.65457002060805
281251731 0 -71.984856 -82.9819 -133.12332 0 -0.025275584 2.3917038 9.104369 0 -0.024495373 -0.052009553 0.056825414 122.71994859134338
281251764 0 -72.151375 -83.1657 -133.4777 0 -0.01181034 2.4069507 9.136232 0 -0.022434808 -0.049523205 0.052707948 122.70548225068131
281251797 0 -72.2916 -83.30869 -133.69121 0 0.0034591937 2.4181902 9.156444 0 -0.019496793 -0.0484062 0.047433697 122.71410194941382
281251830 0 -72.42169 -83.466545 -133.87059 0 0.02299932 2.4279728 9.172003 0 -0.01688207 -0.045100473 0.03979314 122.75915387717924
281251863 0 -72.54713 -83.599495 -134.07333 0 0.045972906 2.435281 9.179225 0 -0.015787322 -0.043377034 0.03390335 122.80618655980396
281251896 0 -72.699455 -83.754196 -134.27151 0 0.077048324 2.44461 9.200716 0 -0.014523681 -0.04204028 0.02646854 122.90577071790278
281251929 0 -72.79411 -83.886185 -134.4531 0 0.09771898 2.4497042 9.222635 0 -0.014206755 -0.039556336 0.018092299 123.01087366885088
281251962 0 -72.86409 -84.018654 -134.6521 0 0.120609194 2.4582255 9.2424 0 -0.013265314 -0.036119066 0.004265107 123.0983000902271
281251996 0 -72.92202 -84.150024 -134.84528 0 0.14638302 2.4725852 9.256895 0 -0.011978636 -0.035021693 -0.00808574 123.14072922535115
281252029 0 -72.96181 -84.24844 -134.97728 0 0.1814801 2.49325 9.278128 0 -0.010042908 -0.034916632 -0.023370322 123.18202454907305
281252062 0 -72.98216 -84.336655 -135.10689 0 0.2199362 2.5072072 9.289059 0 -0.0031114279 -0.035157282 -0.04638452 123.27733300875144
281252095 0 -72.99643 -84.4636 -135.24007 0 0.264723 2.5208008 9.297413 0 -0.0020787467 -0.036420412 -0.06477018 123.42442796271683
281252128 0 -72.98471 -84.62941 -135.42934 0 0.31004953 2.5214334 9.306564 0 -0.00767267 -0.040151253 -0.085028306 123.72017515377837
281252161 0 -72.98356 -84.72423 -135.58012 0 0.35800877 2.5167255 9.3056755 0 -0.0069741826 -0.044408955 -0.10818606 124.0212635527709
281252194 0 -72.95643 -84.83415 -135.68611 0 0.39325443 2.517072 9.305579 0 0.0033723789 -0.051958833 -0.14420001 124.24750673883841
281252227 0 -72.899414 -85.00042 -135.8028 0 0.4284544 2.5180247 9.312843 0 0.0045103705 -0.06280195 -0.17490734 124.53087762712391
281252260 0 -72.80867 -85.10234 -135.88052 0 0.4739212 2.5076694 9.328999 0 -9.754754E-5 -0.076231554 -0.20714621 124.97702558370912
281252293 0 -72.71296 -85.20189 -135.93889 0 0.49723676 2.4955618 9.3581085 0 -0.0010484229 -0.09028829 -0.24173665 125.36049972447029
281252326 0 -72.58061 -85.30894 -135.9762 0 0.50853705 2.490663 9.368609 0 0.0065004965 -0.10679246 -0.29235286 125.59840887364021
281252358 0 -72.346344 -85.47851 -136.02144 0 0.51294553 2.486824 9.37082 0 0.010091631 -0.11853881 -0.33224195 125.85072972195883
281252391 0 -72.149185 -85.602104 -135.96179 0 0.5101893 2.477912 9.387558 0 0.007193134 -0.1305525 -0.37085158 126.11295434457395
281252424 0 -71.9053 -85.70706 -135.88348 0 0.50280774 2.4640284 9.404022 0 0.0052888137 -0.14487348 -0.40797222 126.40523179953709
281252457 0 -71.555595 -85.83581 -135.86548 0 0.49225202 2.451598 9.418507 0 0.0110429395 -0.16215329 -0.4583668 126.71338261413143
281252491 0 -71.28783 -85.95322 -135.80637 0 0.4743198 2.4422402 9.418751 0 0.013398345 -0.17545682 -0.49899617 126.88748413607505
281252523 0 -70.965836 -86.089584 -135.7858 0 0.4350204 2.4242673 9.418094 0 0.0109571135 -0.19240344 -0.53960013 127.04788429854364
281252557 0 -70.62033 -86.187454 -135.74371 0 0.40905598 2.4089956 9.411964 0 0.011782375 -0.20882861 -0.5819008 127.23628823660925
281252590 0 -70.13424 -86.34131 -135.77681 0 0.3798367 2.408544 9.399512 0 0.017331468 -0.22492087 -0.63867587 127.34677337662339
281252623 0 -69.73999 -86.45086 -135.83083 0 0.34028336 2.4253354 9.413534 0 0.014867732 -0.23214428 -0.6836109 127.23887004811553
281252656 0 -69.3106 -86.53152 -135.87833 0 0.2928796 2.4460402 9.466373 0 0.0029980605 -0.2389054 -0.73476976 127.13816573899283
281252689 0 -68.6384 -86.596596 -135.95848 0 0.26958203 2.4347713 9.502638 0 -0.008829586 -0.2457849 -0.8119201 127.49915489700635
281252722 0 -68.10388 -86.64514 -135.9934 0 0.25180084 2.4204009 9.508703 0 -0.006089754 -0.24635302 -0.866952 127.79163725764465
281252755 0 -67.512184 -86.663994 -136.04404 0 0.2128603 2.4071913 9.4852915 0 -0.0017410931 -0.24872223 -0.9174779 127.95371764664907
281252788 0 -66.892166 -86.66266 -136.09685 0 0.1787347 2.3919842 9.469235 0 -0.001668539 -0.25596073 -0.96586585 128.08227546720707
281252821 0 -66.00441 -86.613304 -136.17538 0 0.1482701 2.359565 9.458989 0 -0.0026438218 -0.26962537 -1.0258509 128.5213063666771
281252854 0 -65.32524 -86.54181 -136.24908 0 0.11629303 2.3221843 9.450778 0 0.0025878455 -0.2795588 -1.0678746 128.89456254443996
281252887 0 -64.6123 -86.44777 -136.31686 0 0.06629464 2.2906144 9.449818 0 0.010162369 -0.29348928 -1.1105531 129.1358594674382
281252920 0 -63.65598 -86.30679 -136.41495 0 0.038356863 2.2753992 9.460603 0 0.01218241 -0.307745 -1.1530347 129.46567564207976
281252953 0 -62.87261 -86.13468 -136.46655 0 0.009257945 2.2501035 9.493228 0 0.0013721082 -0.3124413 -1.2035439 129.82819476246732
281252986 0 -62.088837 -85.9042 -136.54126 0 -0.053340264 2.2086158 9.541008 0 -0.016228752 -0.3127 -1.2390745 130.12749365189734
281253019 0 -61.27909 -85.63314 -136.63185 0 -0.12827615 2.1620033 9.540545 0 -0.025755625 -0.3191705 -1.2706022 130.29208755051627
281253052 0 -60.20472 -85.17787 -136.75822 0 -0.16997704 2.1298313 9.544355 0 -0.024757352 -0.3224972 -1.2898111 130.55283685227067
281253085 0 -59.41971 -84.80894 -136.92195 0 -0.2144402 2.1080017 9.558305 0 -0.037535027 -0.3246766 -1.2996517 130.64468923622906
281253118 0 -58.640373 -84.39523 -137.04878 0 -0.2618562 2.0854266 9.576207 0 -0.05342711 -0.32617193 -1.3002859 130.71176169387854
281253151 0 -57.63934 -83.81651 -137.2557 0 -0.3137419 2.0515823 9.550235 0 -0.05947085 -0.32690614 -1.2958692 130.76449075427104
281253184 0 -56.91063 -83.37815 -137.44438 0 -0.32741964 2.043274 9.491662 0 -0.05993473 -0.329881 -1.2854948 130.71965739255904
281253217 0 -56.21903 -82.862076 -137.61728 0 -0.309753 2.045385 9.442306 0 -0.06324747 -0.3372587 -1.2576346 130.73286697841388
281253250 0 -55.5793 -82.37254 -137.77406 0 -0.2694694 2.054365 9.449322 0 -0.06543485 -0.3374036 -1.2268199 130.93143423796448
281253283 0 -54.763435 -81.69108 -137.94992 0 -0.21330403 2.0571082 9.50127 0 -0.07109787 -0.33124706 -1.1886964 131.35956415551925
281253316 0 -54.208935 -81.19184 -138.11642 0 -0.17880437 2.0551548 9.532337 0 -0.07888548 -0.32530993 -1.1466718 131.63607753387805
281253349 0 -53.688004 -80.70376 -138.31055 0 -0.15713355 2.0627935 9.55806 0 -0.08423282 -0.32268775 -1.0836037 131.7287495405368
281253382 0 -53.21726 -80.21384 -138.5029 0 -0.13483346 2.07789 9.577879 0 -0.08062025 -0.32290965 -1.0328621 131.7250612383849
281253415 0 -52.65629 -79.62974 -138.77151 0 -0.12654291 2.1407273 9.593663 0 -0.07075578 -0.3179384 -0.9859326 131.174711915822
281253448 0 -52.273235 -79.22656 -139.00058 0 -0.12799047 2.2045739 9.592351 0 -0.06008003 -0.30620897 -0.9472927 130.5096290755812
281253480 0 -51.89113 -78.83586 -139.14865 0 -0.11960748 2.2531843 9.591932 0 -0.04678688 -0.2842265 -0.9037782 130.0533860994027
281253514 0 -51.39352 -78.334915 -139.39789 0 -0.08528595 2.2968159 9.596974 0 -0.028361904 -0.26011655 -0.86838996 129.79816925087596
281253547 0 -51.014225 -77.986176 -139.50552 0 -0.061174367 2.3168163 9.591632 0 -0.009622715 -0.23294958 -0.8269442 129.72500426448676
281253580 0 -50.655888 -77.72631 -139.61342 0 -0.034544963 2.331165 9.568578 0 0.007098477 -0.20543706 -0.7620138 129.72695769858944
281253613 0 -50.226814 -77.39165 -139.75839 0 -0.017249431 2.3298 9.566985 0 0.0045642583 -0.19173273 -0.7048799 129.86031031194477
281253646 0 -49.92977 -77.12677 -139.84634 0 -0.02189887 2.3019779 9.60067 0 -0.0081460085 -0.18698949 -0.65179956 130.1715073909089
281253679 0 -49.64954 -76.84719 -139.96335 0 -0.03879155 2.2960832 9.581971 0 -0.004730419 -0.18358685 -0.61223686 130.01841553085217
281253712 0 -49.39192 -76.626976 -140.0355 0 -0.036265574 2.3097878 9.526034 0 0.022454275 -0.17107368 -0.5734994 129.7456860772936
281253745 0 -49.070946 -76.357475 -140.11186 0 -0.023164071 2.327079 9.4927025 0 0.03004208 -0.15927932 -0.5495421 129.56745912109125
281253778 0 -48.836166 -76.149445 -140.16226 0 -0.015180878 2.3346884 9.502253 0 0.025145909 -0.14206618 -0.5253705 129.55822470533343
281253811 0 -48.617596 -75.9814 -140.20537 0 -0.03992725 2.3257527 9.51719 0 0.018440759 -0.1219857 -0.49996182 129.50941617352453
281253844 0 -48.301567 -75.744965 -140.28416 0 -0.086822905 2.3196387 9.519513 0 0.011287404 -0.097276725 -0.46521443 129.2358261161305
281253877 0 -48.068813 -75.61452 -140.31053 0 -0.13608019 2.3231997 9.504522 0 0.0081469035 -0.08774587 -0.44072545 128.8331454834232
281253910 0 -47.82994 -75.43117 -140.34508 0 -0.16035827 2.334051 9.490667 0 0.010101939 -0.08065221 -0.41494897 128.50607504482798
281253943 0 -47.601032 -75.25366 -140.33545 0 -0.15258712 2.350329 9.49648 0 0.013243811 -0.07138574 -0.38833007 128.4120506607136
281253976 0 -47.32072 -75.056046 -140.31842 0 -0.14198288 2.3677068 9.5055485 0 0.011515348 -0.06268785 -0.35521197 128.3510707318037
281254009 0 -47.1032 -74.92255 -140.2877 0 -0.12878007 2.3782294 9.516345 0 0.011808287 -0.057800956 -0.3324825 128.40009782966604
281254042 0 -46.944225 -74.83486 -140.24854 0 -0.1259767 2.3905787 9.518925 0 0.010198242 -0.054935895 -0.3105535 128.32929608872973
281254075 0 -46.766792 -74.72378 -140.22041 0 -0.12407208 2.3957818 9.515752 0 0.009267867 -0.057245687 -0.2901201 128.30548604928305
281254108 0 -46.58604 -74.58048 -140.20303 0 -0.11875901 2.4034543 9.520265 0 0.016387895 -0.060782913 -0.2661084 128.27903955681677
281254141 0 -46.467888 -74.505455 -140.17104 0 -0.10159346 2.411822 9.519136 0 0.01824472 -0.061228957 -0.25347468 128.3076307286824
281254174 0 -46.36067 -74.44029 -140.186 0 -0.081110716 2.4113145 9.499277 0 0.013946576 -0.060883477 -0.24487287 128.45060024838915
281254207 0 -46.219685 -74.34024 -140.19257 0 -0.056832876 2.4066925 9.478425 0 0.008276848 -0.063455746 -0.23833911 128.64042486580217
281254240 0 -46.090218 -74.2593 -140.2082 0 -0.031327218 2.4062436 9.4622345 0 0.0099588325 -0.063004754 -0.23683028 128.8157694821747
281254273 0 -45.977837 -74.13145 -140.20416 0 0.0054684766 2.411535 9.439068 0 0.006768585 -0.06304982 -0.23952907 128.95946300193344
281254306 0 -45.842445 -73.96508 -140.2601 0 0.04104701 2.411424 9.417368 0 -0.0027834484 -0.06640757 -0.24786663 129.14100943007236
281254339 0 -45.743916 -73.83582 -140.28705 0 0.08331936 2.411028 9.399334 0 -0.014108534 -0.07135061 -0.26612914 129.41096582682792
281254372 0 -45.650833 -73.678696 -140.34364 0 0.12907524 2.4053624 9.390214 0 -0.022101711 -0.07540639 -0.28590322 129.7812303817343
281254405 0 -45.559395 -73.51534 -140.40889 0 0.19741775 2.399002 9.384176 0 -0.03288204 -0.08107233 -0.31106627 130.38049751913292
281254437 0 -45.43978 -73.239655 -140.48074 0 0.25556472 2.4003053 9.391988 0 -0.045712024 -0.0910143 -0.3419222 130.78839641636608
281254471 0 -45.348343 -72.99029 -140.5462 0 0.31858703 2.393902 9.409839 0 -0.061791457 -0.10246366 -0.39308518 131.3871307990094
281254503 0 -45.22401 -72.64328 -140.63708 0 0.37494358 2.3721435 9.443373 0 -0.06776449 -0.10856914 -0.43612802 132.11655402123176
281254537 0 -45.093735 -72.20839 -140.76602 0 0.4311639 2.3346934 9.47476 0 -0.07084695 -0.11431392 -0.4809217 132.97952110210616
281254570 0 -44.98022 -71.8293 -140.88959 0 0.45424908 2.31604 9.489689 0 -0.07388839 -0.119824685 -0.52300197 133.26413508482062
281254603 0 -44.891144 -71.44142 -141.0008 0 0.4586093 2.3012905 9.507009 0 -0.07590074 -0.13050319 -0.5782553 133.28581410524623
281254636 0 -44.809006 -71.012344 -141.10204 0 0.4756475 2.3007233 9.515829 0 -0.06883225 -0.14122392 -0.61894375 133.2101082884858
281254669 0 -44.695557 -70.3742 -141.28114 0 0.5262223 2.3033183 9.54012 0 -0.06039715 -0.15278342 -0.6583204 133.34548263783546
281254701 0 -44.6277 -69.85046 -141.42099 0 0.58857405 2.292714 9.57129 0 -0.0520889 -0.16649413 -0.701038 133.8694810905805
281254735 0 -44.571484 -69.35898 -141.56807 0 0.6539845 2.2630382 9.600856 0 -0.03409418 -0.18656854 -0.7644536 134.7050591128832
281254768 0 -44.54867 -68.82502 -141.68204 0 0.71969336 2.2324648 9.606202 0 -0.016643412 -0.19769505 -0.814408 135.47025886597805
281254800 0 -44.56005 -68.446556 -141.75818 0 0.74703336 2.2062793 9.616713 0 -0.0037198039 -0.20364319 -0.8482145 135.8380508924049
281254833 0 -44.580486 -67.56327 -141.97157 0 0.7546994 2.130746 9.651907 0 0.013393161 -0.22617856 -0.9313221 136.20684012645057
281254867 0 -44.602745 -66.9663 -142.07823 0 0.71063054 2.0596573 9.683747 0 0.013177918 -0.23790054 -0.97340596 136.1073515910001
281254899 0 -44.690372 -66.15896 -142.22018 0 0.6080385 1.9789186 9.646002 0 0.018035576 -0.25100163 -1.0134764 135.1000352922067
281254933 0 -44.78973 -65.54001 -142.39024 0 0.53135884 1.9419547 9.564308 0 0.030873666 -0.2638084 -1.0496045 133.94622509609474
281254965 0 -44.930946 -64.9312 -142.54555 0 0.45926806 1.9260452 9.511464 0 0.036412388 -0.27593514 -1.0874026 132.63286168097136
281254998 0 -45.09275 -64.29278 -142.71628 0 0.40089357 1.911461 9.528862 0 0.025261927 -0.28598902 -1.1135218 131.57731058625927
281255032 0 -45.34739 -63.404427 -142.96442 0 0.35660082 1.8536493 9.605553 0 0.00630349 -0.29455158 -1.141106 131.08485394710135
281255065 0 -45.584282 -62.683117 -143.1718 0 0.3336972 1.7957741 9.651053 0 -0.0074139955 -0.29895264 -1.1705319 130.90136774523808
281255097 0 -45.841812 -61.966427 -143.36453 0 0.29612985 1.7711642 9.651016 0 -0.008719011 -0.2981919 -1.2059419 130.06749727022793
281255131 0 -46.210228 -61.04519 -143.6419 0 0.23869435 1.7688498 9.648794 0 -0.016739499 -0.29416624 -1.2274657 128.52722131049836
281255164 0 -46.500057 -60.333702 -143.86621 0 0.15302794 1.755621 9.6700325 0 -0.033581633 -0.2930552 -1.2460581 127.18032166655019
281255196 0 -46.81393 -59.57751 -144.05055 0 0.08658953 1.7416714 9.675249 0 -0.043091275 -0.2880999 -1.2577659 125.97346822134392
281255230 0 -47.244038 -58.584484 -144.3022 0 0.0046825185 1.7472897 9.679736 0 -0.04550045 -0.27354228 -1.2608076 124.16292167615694
281255263 0 -47.595886 -57.88919 -144.49991 0 -0.08344028 1.7606058 9.679423 0 -0.048655137 -0.2658825 -1.2590628 122.54729506950378
281255296 0 -47.97291 -57.172443 -144.67177 0 -0.17572714 1.7745422 9.669233 0 -0.048202284 -0.2586497 -1.2531064 120.90412914011716
281255329 0 -48.317978 -56.470936 -144.86475 0 -0.22736771 1.779423 9.663335 0 -0.04291395 -0.24768703 -1.2386314 119.72264301748834
281255362 0 -48.806664 -55.616753 -145.03629 0 -0.27382356 1.7840133 9.665771 0 -0.036261503 -0.2328166 -1.2107553 118.4340868494304
281255395 0 -49.17152 -54.973427 -145.18983 0 -0.32032272 1.7896781 9.668502 0 -0.030340018 -0.22230479 -1.1836617 117.39029734046909
281255428 0 -49.544956 -54.390194 -145.34589 0 -0.3881295 1.8120887 9.684368 0 -0.021221058 -0.21071808 -1.1494614 116.128693098876
281255461 0 -49.899967 -53.801533 -145.49687 0 -0.44588605 1.8341528 9.720544 0 -0.016884629 -0.19346254 -1.0970457 115.01586403778418
281255494 0 -50.37481 -53.106705 -145.66248 0 -0.48489517 1.8496373 9.744988 0 -0.016088981 -0.18561707 -1.057423 113.93655071494959
281255527 0 -50.700386 -52.603703 -145.80215 0 -0.5022702 1.8514627 9.720449 0 -0.0066938144 -0.17930315 -1.0145192 113.22563047518884
281255560 0 -51.039833 -52.155758 -145.92877 0 -0.490822 1.8599586 9.652113 0 0.0062437607 -0.17100413 -0.9659873 112.48277227086908
281255593 0 -51.45847 -51.646812 -146.089 0 -0.48567528 1.8818991 9.592438 0 0.009306893 -0.15570748 -0.8910817 111.47939016103749
281255626 0 -51.744236 -51.25853 -146.20468 0 -0.49015883 1.9005309 9.587712 0 -0.0015459112 -0.14821464 -0.8337519 110.77825075216822
281255659 0 -52.010555 -50.913406 -146.31923 0 -0.48307395 1.9129847 9.605928 0 -0.0029307983 -0.14148304 -0.7801899 110.30370286901405
281255692 0 -52.248524 -50.564884 -146.44995 0 -0.45879653 1.9277775 9.610828 0 0.006987693 -0.13562903 -0.7302586 109.82405283454989
281255725 0 -52.580017 -50.16445 -146.56613 0 -0.4378681 1.955329 9.605965 0 0.013731988 -0.124903165 -0.66977406 109.06605893102937
281255758 0 -52.802204 -49.896362 -146.66519 0 -0.4274757 1.9844034 9.595874 0 0.01230292 -0.1139487 -0.6311402 108.38009620249585
281255791 0 -52.997406 -49.624153 -146.77867 0 -0.41848862 2.0050902 9.576023 0 0.007060982 -0.10487992 -0.5957644 107.76908796991404
281255824 0 -53.23442 -49.214756 -146.90544 0 -0.40595526 2.0068877 9.567312 0 0.0052823313 -0.09813042 -0.5610654 107.31714118272345
281255857 0 -53.416584 -48.966568 -146.98105 0 -0.39965618 2.018951 9.562928 0 0.01154307 -0.08732468 -0.51412064 106.88496779318007
281255890 0 -53.571247 -48.767086 -147.03018 0 -0.3972756 2.0419142 9.555777 0 0.011157358 -0.08179564 -0.48363274 106.34127790505784
281255923 0 -53.722607 -48.572388 -147.09807 0 -0.3942531 2.0648267 9.550938 0 0.006097718 -0.07655555 -0.45601043 105.80704782893616
281255956 0 -53.908577 -48.27899 -147.1835 0 -0.38800365 2.0711575 9.559736 0 -9.211083E-5 -0.07303476 -0.4307957 105.44717882194652
281255989 0 -54.03651 -48.062054 -147.24791 0 -0.37907773 2.076545 9.56262 0 0.0046256473 -0.06990946 -0.39966273 105.17266668901453
281256022 0 -54.173626 -47.921627 -147.29723 0 -0.37111753 2.097074 9.559362 0 0.011205973 -0.0693633 -0.37888637 104.73885405407032
281256055 0 -54.359787 -47.76363 -147.37376 0 -0.36308306 2.1342592 9.550358 0 0.0104566775 -0.067941055 -0.36248723 104.02684098404234
281256088 0 -54.473766 -47.601173 -147.43468 0 -0.35283953 2.1465156 9.549347 0 0.005554824 -0.06741828 -0.34955972 103.6969769980766
281256121 0 -54.60419 -47.440834 -147.45685 0 -0.33735675 2.148469 9.541914 0 -2.521439E-4 -0.06890224 -0.33668655 103.50357336153854
281256154 0 -54.74436 -47.286297 -147.48189 0 -0.30749694 2.1453717 9.519601 0 0.0011654836 -0.069226645 -0.32753417 103.36220893628678
281256187 0 -54.948498 -47.064827 -147.51186 0 -0.28803137 2.1513245 9.506064 0 0.004410483 -0.06886851 -0.3217941 103.02724279901099
281256220 0 -55.08793 -46.95379 -147.5382 0 -0.2654384 2.155384 9.490109 0 -1.21049816E-4 -0.07011456 -0.32134357 102.82760319976069
281256253 0 -55.211105 -46.793293 -147.57265 0 -0.23844711 2.1515 9.460998 0 -0.009157013 -0.07457863 -0.326058 102.66087828212068
281256286 0 -55.40728 -46.581398 -147.6265 0 -0.1827643 2.145606 9.418354 0 -0.019390628 -0.08023254 -0.33198577 102.46433958875355
281256319 0 -55.56816 -46.414757 -147.70016 0 -0.13635693 2.1474009 9.417381 0 -0.03074941 -0.086689495 -0.34073633 102.3205367859681
281256352 0 -55.775635 -46.239628 -147.73866 0 -0.08735682 2.1483948 9.442678 0 -0.046341002 -0.09675377 -0.36406162 102.2715848201866
281256385 0 -55.979946 -46.035217 -147.7806 0 -0.021472668 2.138185 9.46818 0 -0.058172736 -0.10595272 -0.39022213 102.3976837726434
281256418 0 -56.298687 -45.760372 -147.82431 0 0.08790862 2.1188502 9.493429 0 -0.06529682 -0.1125638 -0.42015672 102.67169047157682
281256451 0 -56.573128 -45.53298 -147.86302 0 0.15963998 2.1089177 9.528944 0 -0.068279594 -0.11694153 -0.45262098 102.82164044461524
281256484 0 -56.859283 -45.295532 -147.87906 0 0.2130336 2.0838559 9.574811 0 -0.07130456 -0.12133018 -0.50430775 103.19667247156235
281256517 0 -57.291786 -44.994038 -147.89595 0 0.25373057 2.0431066 9.604546 0 -0.07436444 -0.12799238 -0.5419376 103.6338182388215
281256550 0 -57.637123 -44.79438 -147.93811 0 0.3049207 1.9877859 9.609976 0 -0.07410154 -0.13977835 -0.574141 104.37300863155696
281256583 0 -58.01896 -44.59194 -147.95972 0 0.34784818 1.9638646 9.62607 0 -0.06751333 -0.15348834 -0.602503 104.62484453644447
281256616 0 -58.435436 -44.40407 -147.9749 0 0.38777545 1.958957 9.662414 0 -0.05210889 -0.17067407 -0.6489134 104.63633974481763
281256649 0 -59.046772 -44.16625 -147.97665 0 0.44106564 1.9536798 9.688281 0 -0.039575554 -0.18528192 -0.6965382 104.56160381491935
281256682 0 -59.555286 -44.018494 -148.00743 0 0.5339583 1.930053 9.705364 0 -0.025170239 -0.19747742 -0.75025296 105.00062105401105
281256715 0 -60.08157 -43.905422 -148.02736 0 0.59571606 1.896504 9.7174015 0 -0.0054898025 -0.20955825 -0.82398826 105.52380671424487
281256748 0 -60.833267 -43.833267 -148.05798 0 0.64301705 1.8569949 9.729791 0 0.008921525 -0.21961933 -0.8785918 106.06713460234107
281256781 0 -61.4351 -43.7855 -148.07709 0 0.67577004 1.8176268 9.736793 0 0.024170078 -0.22933203 -0.9313559 106.60768260344503
281256814 0 -62.078156 -43.815872 -148.09732 0 0.68372166 1.7592921 9.748703 0 0.038782008 -0.23985201 -0.9813331 107.41930715232849
281256847 0 -62.737003 -43.887436 -148.14981 0 0.6743737 1.7233326 9.739859 0 0.05032664 -0.25482425 -1.0443206 107.7664446867052
281256880 0 -63.660904 -43.97648 -148.18565 0 0.64728916 1.6934507 9.720548 0 0.052216675 -0.2639854 -1.0834503 107.84562023956403
281256913 0 -64.37989 -44.083786 -148.19699 0 0.58321464 1.6536975 9.704666 0 0.050349224 -0.2788452 -1.1186239 108.01305549687771
281256946 0 -65.12358 -44.25633 -148.22755 0 0.5317018 1.6325318 9.681814 0 0.05155838 -0.29223517 -1.14968 107.99014021221228
281256979 0 -65.889404 -44.42833 -148.2246 0 0.46679246 1.6242294 9.645568 0 0.05495122 -0.2985814 -1.1787727 107.71007513548511
281257012 0 -66.90435 -44.681606 -148.21495 0 0.38601562 1.6294117 9.610483 0 0.04607163 -0.3051757 -1.1956753 107.2144902696873
281257045 0 -67.66585 -44.903717 -148.18948 0 0.30438638 1.634568 9.594481 0 0.03597081 -0.3107576 -1.2139629 106.83564016699421
281257078 0 -68.42421 -45.122475 -148.15083 0 0.2521616 1.6308527 9.610023 0 0.030079413 -0.3076462 -1.2290332 106.7496002740196
281257111 0 -69.40088 -45.457497 -148.09978 0 0.18980809 1.6262895 9.642389 0 0.011091647 -0.30056155 -1.2445309 106.72648008367906
281257144 0 -70.11346 -45.692406 -148.03218 0 0.11396063 1.6303118 9.668567 0 -0.002373863 -0.2964977 -1.2551078 106.54500195743185
281257177 0 -70.847786 -46.000015 -147.97581 0 0.0020169672 1.6522597 9.698193 0 -0.006559717 -0.28917518 -1.263649 106.13857155087021
281257210 0 -71.771484 -46.41387 -147.9373 0 -0.08536213 1.6742147 9.7097025 0 -0.009409353 -0.27944484 -1.2696817 105.82478583021066
281257243 0 -72.454796 -46.72445 -147.88298 0 -0.1644792 1.7009368 9.690659 0 -0.01514779 -0.2697188 -1.270794 105.42063670683183
281257276 0 -73.11071 -47.056755 -147.8071 0 -0.24892649 1.7371901 9.673586 0 -0.014890919 -0.26003125 -1.2633203 105.09906457051846
281257309 0 -73.729034 -47.414837 -147.7668 0 -0.30400127 1.7628465 9.663418 0 -0.013965841 -0.25010923 -1.2523351 104.71158793890368
281257342 0 -74.52332 -47.95123 -147.7068 0 -0.34663492 1.7706051 9.654978 0 -0.015561105 -0.2441362 -1.2393229 104.77359239618903
281257375 0 -75.10134 -48.365532 -147.67879 0 -0.38031828 1.7605599 9.63721 0 -0.013405792 -0.23910838 -1.218453 104.96323259849441
281257408 0 -75.64098 -48.738064 -147.61235 0 -0.41092598 1.7536618 9.592778 0 -0.004053483 -0.23474325 -1.1985788 105.0568471712586
281257441 0 -76.37235 -49.287315 -147.51051 0 -0.44670358 1.760348 9.580101 0 0.0038855635 -0.22647806 -1.1728969 105.15098766858893
281257474 0 -76.86331 -49.70332 -147.49777 0 -0.49141604 1.7761341 9.604598 0 7.4196607E-4 -0.21459675 -1.1329335 105.1581388766499
281257507 0 -77.341896 -50.13032 -147.4472 0 -0.5257434 1.7841938 9.652954 0 -0.0067932177 -0.20329824 -1.1000191 105.31192741600194
281257540 0 -77.78174 -50.52425 -147.42671 0 -0.55285627 1.7718855 9.707368 0 -0.01102204 -0.19311926 -1.0643014 105.65431113871631
281257573 0 -78.328926 -50.964302 -147.3405 0 -0.561705 1.7844392 9.652113 0 -0.0034626906 -0.17958109 -1.0168611 105.61475068304361
281257606 0 -78.73389 -51.36936 -147.29697 0 -0.58503526 1.832437 9.590212 0 -0.0017151183 -0.15823701 -0.93394166 105.21559442794808
281257639 0 -79.08138 -51.7089 -147.27786 0 -0.6183286 1.8726832 9.592413 0 -0.014817273 -0.15040779 -0.86411256 104.96249493806408
281257672 0 -79.53331 -52.08814 -147.1932 0 -0.63309133 1.8969686 9.635804 0 -0.020493425 -0.14676343 -0.7955083 104.97226893876638
281257705 0 -79.86277 -52.33017 -147.1384 0 -0.6039928 1.9136146 9.642377 0 -0.011873144 -0.14170578 -0.73211604 104.96899044796476
281257738 0 -80.153305 -52.5641 -147.08194 0 -0.5617069 1.9394654 9.630564 0 0.0014653483 -0.12962908 -0.65580124 104.86517157258055
281257771 0 -80.43422 -52.798084 -147.04845 0 -0.5123543 1.9619155 9.615386 0 0.0066273496 -0.11980468 -0.60764694 104.79053809551982
281257804 0 -80.7703 -53.098 -147.0335 0 -0.4415234 1.970265 9.602674 0 0.008705442 -0.10910411 -0.565995 104.90278542433981
281257837 0 -81.01695 -53.315914 -147.0038 0 -0.38723937 1.9554557 9.585708 0 0.004680681 -0.10065259 -0.5268429 105.1708566888845
281257870 0 -81.225174 -53.483833 -146.96474 0 -0.3470516 1.9456831 9.567976 0 4.5088617E-4 -0.09125228 -0.47580895 105.35342081520974
281257903 0 -81.43674 -53.65956 -146.96767 0 -0.32032895 1.949092 9.562084 0 0.0012382956 -0.087995544 -0.44364488 105.4174333481111
281257936 0 -81.699745 -53.87609 -146.9256 0 -0.293709 1.966229 9.569756 0 5.8870914E-4 -0.08525541 -0.41766256 105.40081549786044
281257969 0 -81.876915 -54.023777 -146.90732 0 -0.27720854 1.978157 9.573708 0 -0.001268478 -0.07808663 -0.3893384 105.38132213796928
281258001 0 -82.05103 -54.161224 -146.82385 0 -0.26925868 1.9942801 9.581564 0 -0.0022936407 -0.0724825 -0.3712287 105.3209910770305
281258035 0 -82.252365 -54.292255 -146.7363 0 -0.26631945 2.0092242 9.586032 0 -0.0013684316 -0.066556446 -0.35479578 105.25061280782273
281258068 0 -82.38355 -54.399082 -146.72581 0 -0.26861563 2.0233583 9.604695 0 9.684954E-4 -0.061182678 -0.33911544 105.19667480394713
281258101 0 -82.52714 -54.55163 -146.71185 0 -0.26583835 2.0324054 9.612711 0 0.004223532 -0.057275143 -0.32399887 105.20207065339144
281258134 0 -82.687805 -54.693966 -146.69128 0 -0.2653709 2.04255 9.61102 0 0.008221426 -0.052521523 -0.30484104 105.1665946508424
281258167 0 -82.78756 -54.799644 -146.65355 0 -0.2655956 2.0504587 9.598273 0 0.008187032 -0.050604306 -0.29446045 105.11889943986819
281258200 0 -82.88621 -54.934063 -146.60172 0 -0.25947544 2.0455515 9.592194 0 0.007964875 -0.051207166 -0.2868552 105.23193224044275
281258233 0 -82.972694 -55.064266 -146.53105 0 -0.24423979 2.0365121 9.574929 0 0.007408146 -0.053099968 -0.27827856 105.37499055260866
281258266 0 -83.11141 -55.22708 -146.45071 0 -0.23112316 2.0323904 9.555064 0 0.004310594 -0.053811483 -0.27407593 105.47645301272917
281258298 0 -83.21976 -55.315807 -146.34592 0 -0.22405647 2.0316005 9.532149 0 -0.001134248 -0.05759047 -0.2758119 105.49593954243124
281258332 0 -83.31298 -55.416668 -146.29405 0 -0.2074781 2.025257 9.512716 0 -0.008445253 -0.06380071 -0.28396797 105.59079720962438
281258365 0 -83.44462 -55.57109 -146.20291 0 -0.17803031 2.0176282 9.494134 0 -0.020151485 -0.07238218 -0.3013604 105.74946250404378
281258398 0 -83.558876 -55.68887 -146.12785 0 -0.13905454 2.00675 9.481691 0 -0.032937948 -0.08274824 -0.31991127 105.94646565027443
281258431 0 -83.68888 -55.805737 -146.0905 0 -0.062047306 1.9984694 9.484277 0 -0.045332268 -0.09570824 -0.34571102 106.20496098960274
281258464 0 -83.811424 -55.915066 -146.03378 0 0.012488773 1.9920237 9.495267 0 -0.05542467 -0.10717038 -0.38004237 106.4673358763796
281258496 0 -84.017654 -56.0947 -145.91835 0 0.08604419 1.9743886 9.521362 0 -0.072642274 -0.120253086 -0.4405717 106.91379802166671
281258530 0 -84.18135 -56.26478 -145.86351 0 0.16017325 1.9507047 9.532024 0 -0.08844703 -0.12992415 -0.4965176 107.3959205846104
281258563 0 -84.32995 -56.43599 -145.77846 0 0.26379052 1.904761 9.537529 0 -0.09828701 -0.14156432 -0.5582754 108.17963015035593
281258596 0 -84.50138 -56.70182 -145.68898 0 0.3318671 1.8724614 9.554259 0 -0.1010297 -0.15285312 -0.62469536 108.84324449992522
281258629 0 -84.725815 -57.117786 -145.5474 0 0.39763817 1.8379638 9.588582 0 -0.0892969 -0.16499157 -0.7168851 109.65680882253298
281258662 0 -84.852104 -57.49658 -145.43446 0 0.45670798 1.8059492 9.632293 0 -0.078565046 -0.17617361 -0.7864597 110.44769008690707
281258695 0 -85.004005 -57.930634 -145.34065 0 0.52396286 1.7595552 9.682713 0 -0.06806462 -0.1922498 -0.85354257 111.45297098932792
281258728 0 -85.1829 -58.61241 -145.20172 0 0.5654282 1.728104 9.709714 0 -0.05817399 -0.2092315 -0.9100831 112.34435848733875
281258761 0 -85.30533 -59.163853 -145.02258 0 0.5877789 1.6947042 9.730635 0 -0.045782454 -0.23136316 -0.9666279 113.11588299560503
281258794 0 -85.38795 -59.72535 -144.85878 0 0.591126 1.6612301 9.750942 0 -0.036160436 -0.24779622 -1.0023931 113.82991780162735
281258827 0 -85.487015 -60.572414 -144.64586 0 0.58394176 1.6453404 9.757378 0 -0.023779308 -0.26166052 -1.0387906 114.47929120677713
281258860 0 -85.53383 -61.231567 -144.4518 0 0.5819459 1.6310921 9.753839 0 -0.0056001334 -0.27444565 -1.094675 115.00779075418524
281258893 0 -85.546486 -61.965145 -144.23407 0 0.5908953 1.6162099 9.723579 0 0.009565564 -0.27698854 -1.1396061 115.59806936263607
281258926 0 -85.52064 -62.737198 -144.03285 0 0.5843713 1.580054 9.712202 0 0.021062344 -0.27384838 -1.1793542 116.38486617388651
281258959 0 -85.41487 -63.842064 -143.74992 0 0.5551041 1.5552565 9.702037 0 0.029099429 -0.2681963 -1.2134464 117.19036404308446
281258992 0 -85.278114 -64.67267 -143.5401 0 0.5193165 1.5380079 9.678066 0 0.042667888 -0.26001808 -1.2392652 117.71344725048073
281259025 0 -85.11863 -65.519485 -143.3068 0 0.4617768 1.5218322 9.672272 0 0.051588047 -0.25389636 -1.242772 118.16989513233432
281259058 0 -84.836365 -66.62572 -143.0305 0 0.35287234 1.5148606 9.664464 0 0.052862633 -0.25645572 -1.2380124 118.51454647785317
281259091 0 -84.60792 -67.43551 -142.80528 0 0.27198613 1.5256938 9.628846 0 0.05217058 -0.25978747 -1.2281377 118.59313463444335
281259124 0 -84.362526 -68.22889 -142.61105 0 0.19567728 1.5511101 9.578559 0 0.056784723 -0.2569329 -1.2069176 118.54073342313097
281259157 0 -84.105095 -69.02138 -142.40396 0 0.11406195 1.58292 9.571599 0 0.05384131 -0.2460997 -1.1867176 118.47896119227744
281259190 0 -83.71753 -70.0894 -142.1817 0 -0.008824047 1.6135242 9.603119 0 0.038087845 -0.23753157 -1.1680923 118.52543379939016
281259223 0 -83.41246 -70.81287 -142.03564 0 -0.086501315 1.6182971 9.609198 0 0.020786922 -0.22805318 -1.1385695 118.70147509505807
281259256 0 -83.10603 -71.46008 -141.87062 0 -0.15471928 1.6437836 9.582801 0 0.026538964 -0.21687277 -1.1030196 118.66487894148514
281259289 0 -82.81314 -72.16566 -141.74391 0 -0.23084576 1.6798843 9.601457 0 0.034614366 -0.20710227 -1.056553 118.60973199412649
281259322 0 -82.42075 -73.05203 -141.5745 0 -0.32239363 1.7474272 9.707668 0 0.032600258 -0.20477416 -1.0104146 118.52580262960532
281259355 0 -82.13406 -73.66767 -141.40842 0 -0.3788776 1.8026476 9.719927 0 0.034770027 -0.21128845 -0.96424156 118.35741114580787
281259388 0 -81.86604 -74.294846 -141.23802 0 -0.3957692 1.8413776 9.6637745 0 0.06384249 -0.19972055 -0.929625 118.33152472885354
281259421 0 -81.49924 -75.13251 -141.0162 0 -0.4146561 1.9110266 9.607292 0 0.0975001 -0.17626564 -0.89707756 118.19806283247146
281259454 0 -81.19433 -75.74289 -140.80629 0 -0.41277516 1.9568318 9.582194 0 0.120046645 -0.16044784 -0.8720134 118.22314328710377
281259487 0 -80.90065 -76.344666 -140.59216 0 -0.39409778 2.0027092 9.54543 0 0.13264155 -0.14257152 -0.84192723 118.2683591394092
281259520 0 -80.503975 -77.16153 -140.32858 0 -0.3849532 2.0495687 9.552655 0 0.13175544 -0.12389987 -0.8208254 118.49621425012083
281259553 0 -80.166046 -77.72729 -140.12978 0 -0.37408498 2.1009486 9.586513 0 0.1320127 -0.10890035 -0.7990682 118.59433674773726
281259586 0 -79.82127 -78.251816 -139.96536 0 -0.32981962 2.1508636 9.629442 0 0.1444122 -0.11231475 -0.7821804 118.8003215927265
281259619 0 -79.472786 -78.80644 -139.76274 0 -0.300668 2.1978939 9.609178 0 0.19759029 -0.09263589 -0.7548034 118.89071231620244
281259652 0 -79.01087 -79.58354 -139.40657 0 -0.3131715 2.2533126 9.578267 0 0.2414355 -0.08489137 -0.72204876 118.93305948905652
281259685 0 -78.68817 -80.158104 -139.12141 0 -0.31337777 2.3590298 9.517096 0 0.2660832 -0.084523074 -0.6790088 118.396466167482
281259718 0 -78.36804 -80.72084 -138.81139 0 -0.3332498 2.496983 9.487481 0 0.31078887 -0.071182385 -0.63159144 117.5920474681729
281259751 0 -77.96608 -81.50023 -138.34714 0 -0.38271806 2.6589172 9.504846 0 0.36275846 -0.049474698 -0.5702999 116.77818944743086
281259784 0 -77.70352 -82.10874 -137.98933 0 -0.42819905 2.8578777 9.532132 0 0.37187907 -0.04695177 -0.53219485 115.5700929077957
281259817 0 -77.47269 -82.72761 -137.58522 0 -0.44847643 3.1289294 9.605899 0 0.37912026 -0.06347108 -0.5042769 113.97137784952747
281259850 0 -77.26358 -83.36439 -137.15802 0 -0.4463651 3.331481 9.657072 0 0.4451722 -0.071636885 -0.47772402 112.93542939773329
281259883 0 -77.04384 -83.990456 -136.63475 0 -0.45143372 3.53853 9.657228 0 0.5318457 -0.0631565 -0.45817292 111.71950546130932
281259916 0 -76.76355 -84.89998 -135.7717 0 -0.43441623 3.725991 9.628272 0 0.60487133 -0.057539195 -0.4410805 110.84474947392744
281259949 0 -76.570145 -85.605484 -135.05118 0 -0.41771427 3.9673173 9.540808 0 0.65978515 -0.056859396 -0.41859603 109.12704569012845
281259982 0 -76.37192 -86.32063 -134.26714 0 -0.41602063 4.150348 9.4557495 0 0.7174004 -0.059425283 -0.3952273 107.89037846919507
281260015 0 -76.13829 -87.26391 -133.09433 0 -0.40848976 4.341026 9.353306 0 0.8091037 -0.06834659 -0.36150384 106.74395170757595
281260048 0 -75.97118 -87.981705 -132.07947 0 -0.37414107 4.6018333 9.196688 0 0.87069374 -0.07141833 -0.33635163 104.52633954823455
281260081 0 -75.80762 -88.68388 -130.98312 0 -0.3530948 4.786353 9.053456 0 0.9223922 -0.0631232 -0.31438974 102.99441690985992
281260114 0 -75.62493 -89.64146 -129.4081 0 -0.3342824 4.9832907 8.90204 0 0.9928358 -0.049073484 -0.2825355 101.58347741225373
281260147 0 -75.51509 -90.296715 -128.16924 0 -0.3163391 5.1793675 8.714438 0 1.0471174 -0.03323624 -0.26131505 99.65209799045999
281260180 0 -75.41201 -90.883606 -126.84498 0 -0.29846537 5.426471 8.420114 0 1.0874357 -0.019922428 -0.24343581 96.58160010945915
281260213 0 -75.31272 -91.467026 -125.465904 0 -0.3070971 5.616423 8.1705 0 1.1165664 -0.0139216855 -0.22497082 94.29475032250133
281260246 0 -75.2066 -92.14856 -123.55015 0 -0.3062314 5.7932353 7.914832 0 1.1557615 -0.01466665 -0.20220426 92.30060146223525
281260279 0 -75.13827 -92.62212 -122.11015 0 -0.3146807 5.9624367 7.6592855 0 1.1741934 -0.013345644 -0.19325638 90.0698548491199
281260312 0 -75.06559 -93.08345 -120.65278 0 -0.31478524 6.1604004 7.3024693 0 1.1889113 -0.018050462 -0.18250184 86.84198257945275
281260345 0 -74.99457 -93.59199 -118.66082 0 -0.31565383 6.2945504 6.9997315 0 1.2020847 -0.028035982 -0.16769066 84.77700465749359
281260378 0 -74.90547 -93.87554 -117.1566 0 -0.3016558 6.4202547 6.6799936 0 1.2092693 -0.039886992 -0.15342692 82.18065167848584
281260411 0 -74.84268 -94.13145 -115.63356 0 -0.28982714 6.5286093 6.35218 0 1.1961381 -0.050822616 -0.14425342 79.64272413763831
281260444 0 -74.77723 -94.34963 -114.131 0 -0.29330054 6.649053 5.913206 0 1.1735344 -0.06554519 -0.13070981 76.2739314050155
281260477 0 -74.68079 -94.584335 -112.17633 0 -0.28862888 6.72656 5.5877686 0 1.145209 -0.0812174 -0.11468278 74.24195695712586
281260510 0 -74.622734 -94.743195 -110.75074 0 -0.29209587 6.7976155 5.2687025 0 1.085864 -0.09088034 -0.104987375 72.1347548057177
281260543 0 -74.5384 -94.8628 -109.37571 0 -0.28760633 6.866834 4.9625654 0 1.0233965 -0.09763614 -0.09860565 70.03589231528616
281260576 0 -74.44379 -95.04809 -107.65122 0 -0.2671999 6.9837565 4.5950584 0 0.9655289 -0.10324759 -0.08987691 67.22892362303185
281260609 0 -74.37919 -95.13746 -106.44611 0 -0.258295 7.0983033 4.335595 0 0.9206453 -0.10021113 -0.08256967 65.21347140274452
281260642 0 -74.32601 -95.22135 -105.29246 0 -0.26711354 7.2307396 4.0887136 0 0.84671605 -0.08956016 -0.076294586 63.585099663100095
281260675 0 -74.2756 -95.31314 -104.24183 0 -0.28261733 7.4362864 3.7991865 0 0.785695 -0.08682057 -0.072790645 61.64017597618226
281260708 0 -74.20946 -95.41697 -102.92053 0 -0.27007475 7.5870876 3.617068 0 0.7333259 -0.08704401 -0.071317516 60.36588807330054
281260741 0 -74.15688 -95.484985 -102.01079 0 -0.26296225 7.733717 3.4504223 0 0.6914589 -0.08122652 -0.070758075 59.19826723468685
281260774 0 -74.09144 -95.59259 -101.170074 0 -0.2583261 7.866259 3.2940495 0 0.63641 -0.06841574 -0.070121475 58.23671320333244
281260807 0 -74.019005 -95.68629 -100.119156 0 -0.24993968 8.017853 3.0904534 0 0.59646773 -0.0616205 -0.065657355 57.07583376142958
281260840 0 -73.96864 -95.77875 -99.40591 0 -0.24255082 8.125317 2.9480906 0 0.56191427 -0.055914294 -0.059149954 56.285983855620145
281260873 0 -73.93893 -95.8344 -98.71135 0 -0.23426078 8.22499 2.8008952 0 0.5203855 -0.046739638 -0.05120588 55.515374592702585
281260905 0 -73.898865 -95.9186 -98.076675 0 -0.22184807 8.311228 2.6574798 0 0.4875712 -0.039880298 -0.047122773 54.706468459108805
281260939 0 -73.85358 -95.97938 -97.27786 0 -0.20013289 8.425002 2.4813714 0 0.4534737 -0.03742148 -0.040535714 53.57360986827592
281260972 0 -73.842636 -96.03159 -96.72125 0 -0.1667451 8.511101 2.3674862 0 0.42658433 -0.037813127 -0.03489482 52.317176079884575
281261005 0 -73.8092 -96.071976 -96.19787 0 -0.13937768 8.591676 2.2501192 0 0.39184672 -0.039089218 -0.03283357 51.17368629960856
281261038 0 -73.78364 -96.148895 -95.535034 0 -0.09534017 8.668793 2.1374545 0 0.3670847 -0.048161197 -0.031978972 49.56908361827578
281261071 0 -73.74521 -96.163025 -95.10101 0 -0.035243735 8.756352 2.0096657 0 0.3425181 -0.057657257 -0.03082078 47.16762667213976
281261103 0 -73.717094 -96.23119 -94.658775 0 0.011630978 8.816036 1.9308516 0 0.31945974 -0.06996995 -0.028536892 45.32892608719396
281261137 0 -73.663155 -96.281624 -94.22817 0 0.0551231 8.8775 1.8635958 0 0.2903793 -0.08953142 -0.023294639 43.55232899727656
281261170 0 -73.59269 -96.36637 -93.697044 0 0.13210627 8.9486685 1.767926 0 0.27484202 -0.112738684 -0.019336388 40.298737650289695
281261203 0 -73.52199 -96.39596 -93.34748 0 0.19518018 8.996982 1.7015743 0 0.26186782 -0.14239703 -0.0162873 37.50720177046503
281261236 0 -73.4291 -96.429726 -92.969376 0 0.25421798 9.039908 1.6365832 0 0.2484931 -0.17339484 -0.0153139485 34.73423034480447
281261269 0 -73.27442 -96.459305 -92.444695 0 0.30616292 9.08346 1.5826366 0 0.22078629 -0.22224763 -0.019792266 32.24318863751455
281261301 0 -73.14961 -96.52283 -92.10625 0 0.36005867 9.122901 1.5513703 0 0.20307127 -0.26638025 -0.024610618 29.795078084252737
281261335 0 -72.9689 -96.55236 -91.80708 0 0.40792203 9.169434 1.5280064 0 0.18883678 -0.31113485 -0.030132072 27.603205492798566
281261368 0 -72.75176 -96.596794 -91.48346 0 0.42654786 9.200288 1.5039634 0 0.1768939 -0.37235156 -0.03570856 26.54013777490485
281261401 0 -72.43342 -96.66512 -91.1144 0 0.43183687 9.233932 1.4819791 0 0.1610398 -0.41968516 -0.03907148 25.99781392461665
281261434 0 -72.15563 -96.699234 -90.853134 0 0.43442005 9.28026 1.4770823 0 0.14532612 -0.4704175 -0.042748965 25.781028843002332
281261467 0 -71.84542 -96.73701 -90.591644 0 0.4316617 9.307715 1.4748473 0 0.13554934 -0.52426344 -0.04485484 25.81483144920469
281261499 0 -71.36343 -96.77232 -90.28231 0 0.428941 9.343572 1.4780184 0 0.12271136 -0.59366804 -0.04761343 25.867934462454286
281261533 0 -70.961754 -96.8163 -90.08814 0 0.42528325 9.376014 1.4690657 0 0.11334218 -0.64411414 -0.0532479 25.771277040414816
281261566 0 -70.53347 -96.839806 -89.89133 0 0.4220612 9.418608 1.4425623 0 0.10173017 -0.7009829 -0.061772615 25.37829527632897
281261598 0 -70.05111 -96.84668 -89.71091 0 0.4152046 9.462261 1.4448115 0 0.08541167 -0.76333195 -0.072404884 25.534561466802415
281261632 0 -69.3465 -96.9135 -89.59914 0 0.4097991 9.50408 1.4740126 0 0.066902965 -0.8450633 -0.08924195 25.901267493151238
281261665 0 -68.75426 -96.91983 -89.55417 0 0.3917458 9.5222225 1.5114676 0 0.06347948 -0.900705 -0.10046691 26.90338089534447
281261697 0 -68.15532 -96.967476 -89.5008 0 0.35287464 9.516739 1.5547734 0 0.06068213 -0.9569824 -0.11029327 28.77957580373902
281261731 0 -67.27371 -97.00482 -89.46713 0 0.31974864 9.508146 1.5923357 0 0.057922475 -1.015942 -0.11777215 30.162853035206695
281261764 0 -66.565475 -97.02504 -89.47301 0 0.28245547 9.500292 1.6406753 0 0.052732725 -1.0941685 -0.12850367 31.82851077753014
281261796 0 -65.822365 -97.03523 -89.55268 0 0.24225184 9.486576 1.6933583 0 0.05099457 -1.1476918 -0.13850333 33.52871903177015
281261830 0 -65.056595 -97.03035 -89.65548 0 0.1681348 9.474116 1.7519059 0 0.046277527 -1.1946084 -0.15173933 36.431037164837846
281261863 0 -64.013405 -97.02611 -89.824005 0 0.09786354 9.475686 1.7958305 0 0.034096867 -1.2459701 -0.1694752 38.78945708901364
281261896 0 -63.212723 -97.02415 -90.03902 0 0.0050407387 9.494951 1.8334911 0 0.022948507 -1.2742925 -0.17817476 41.89805035011028
281261929 0 -62.386154 -97.04157 -90.31634 0 -0.11217575 9.536424 1.8693726 0 0.011584813 -1.297506 -0.18061355 45.679188433115996
281261962 0 -61.312027 -97.03472 -90.72021 0 -0.1624148 9.559398 1.9002825 0 -0.0010215878 -1.3135405 -0.18184893 46.83698062951402
281261995 0 -60.513096 -97.03976 -91.07062 0 -0.19975853 9.568704 1.9366181 0 -0.011139884 -1.3276106 -0.18451403 47.67091940641592
281262028 0 -59.74051 -97.017555 -91.45903 0 -0.20868705 9.553117 1.9649533 0 -0.008797362 -1.3355852 -0.18562695 47.52459284873214
281262061 0 -58.98597 -96.99764 -91.887474 0 -0.19353218 9.511679 1.9687413 0 -0.004925025 -1.3381212 -0.18574516 46.547906533271544
281262094 0 -58.01207 -96.98882 -92.47988 0 -0.17519435 9.487801 1.9617772 0 -0.00867003 -1.3333513 -0.18793267 45.25454874222714
281262127 0 -57.289394 -96.946365 -92.936935 0 -0.18365161 9.485117 1.9621159 0 -0.01716208 -1.323355 -0.18984395 45.02250672555425
281262160 0 -56.573055 -96.89847 -93.395584 0 -0.20081393 9.498601 1.9777759 0 -0.021812234 -1.3106722 -0.19126974 45.09341774951736
281262193 0 -55.679913 -96.86397 -94.05952 0 -0.23555861 9.530529 2.0077305 0 -0.02601352 -1.2890123 -0.19242045 45.5768004823629
281262226 0 -55.007206 -96.78618 -94.57419 0 -0.26803142 9.560442 2.0451663 0 -0.03156306 -1.2592772 -0.19118202 46.121350974320535
281262259 0 -54.355614 -96.737785 -95.09907 0 -0.31959176 9.592845 2.0661943 0 -0.025117837 -1.2060171 -0.17748995 47.24354080966987
281262291 0 -53.768337 -96.717995 -95.60917 0 -0.36558735 9.62939 2.0454206 0 -0.013552151 -1.1617898 -0.16471606 48.20583591654918
281262325 0 -53.03825 -96.680214 -96.23823 0 -0.37732577 9.672156 1.9994053 0 -0.005212109 -1.1230576 -0.15593727 47.991542146434654
281262358 0 -52.533974 -96.68788 -96.67823 0 -0.37776878 9.693078 1.9722089 0 0.002823123 -1.0854322 -0.15514366 47.61557779866587
281262391 0 -52.023457 -96.62613 -97.118126 0 -0.36991256 9.710011 1.9408196 0 0.018713698 -1.0308691 -0.15736592 46.97191784675681
281262424 0 -51.53564 -96.59181 -97.53045 0 -0.36859533 9.707354 1.8970624 0 0.030025711 -0.98159575 -0.15800472 46.614678462597624
281262456 0 -50.917847 -96.51171 -97.96608 0 -0.40098014 9.709387 1.8503819 0 0.03390025 -0.92921126 -0.1542072 47.36489278065346
281262490 0 -50.496696 -96.466995 -98.28094 0 -0.42248893 9.703698 1.8283912 0 0.042112906 -0.86082345 -0.13479997 47.86077817477474
281262523 0 -50.08784 -96.41287 -98.58591 0 -0.44531313 9.697958 1.8016784 0 0.04867159 -0.80771804 -0.11363929 48.44379287704328
281262556 0 -49.60139 -96.41184 -98.97337 0 -0.47128424 9.692854 1.7538797 0 0.054750115 -0.75287735 -0.09703958 49.18961196836824
281262589 0 -49.268417 -96.37985 -99.19244 0 -0.50021535 9.676389 1.6910359 0 0.057498157 -0.7041035 -0.08799424 50.31552767190982
281262622 0 -48.96278 -96.35129 -99.41792 0 -0.51039994 9.665145 1.644688 0 0.060126267 -0.6562566 -0.08136928 50.74599351416066
281262655 0 -48.5907 -96.337616 -99.6612 0 -0.5026926 9.659986 1.6192416 0 0.057117905 -0.6247509 -0.076916955 50.36952373239336
281262688 0 -48.333027 -96.30194 -99.81924 0 -0.4994503 9.664453 1.6046956 0 0.050680205 -0.58478343 -0.07332066 50.16243239675856
281262721 0 -48.076557 -96.27304 -99.9847 0 -0.5159515 9.67981 1.5792017 0 0.049831178 -0.5431996 -0.068614334 50.76686315716967
281262754 0 -47.823162 -96.26366 -100.10877 0 -0.53331065 9.687472 1.5505122 0 0.052240662 -0.4938197 -0.06152437 51.47087466058497
281262786 0 -47.596725 -96.224304 -100.24672 0 -0.5421588 9.695402 1.5206882 0 0.05079821 -0.46295246 -0.057769544 51.8905761247039
281262820 0 -47.315403 -96.18496 -100.4267 0 -0.52606577 9.700916 1.4853398 0 0.046351455 -0.43440348 -0.054540765 51.374183087599704
281262853 0 -47.097336 -96.17776 -100.56127 0 -0.5113186 9.707858 1.4580795 0 0.043743175 -0.40715164 -0.052455094 50.880613127607035
281262886 0 -46.837677 -96.112335 -100.689896 0 -0.50011456 9.717573 1.4330149 0 0.044147853 -0.37528834 -0.048633955 50.48047332527102
281262919 0 -46.656586 -96.080925 -100.78497 0 -0.4901567 9.724407 1.4201993 0 0.043243963 -0.35145319 -0.044942826 50.06901589948029
281262952 0 -46.482178 -96.05789 -100.83116 0 -0.49112105 9.729045 1.3943646 0 0.0418616 -0.3278054 -0.040124513 50.24772096892451
281262985 0 -46.329216 -96.06573 -100.90071 0 -0.481053 9.729401 1.3709651 0 0.040765293 -0.30754432 -0.036092862 49.96022123128574
281263018 0 -46.14754 -96.0912 -100.965034 0 -0.4591731 9.7273445 1.3481512 0 0.039716322 -0.28587168 -0.03221522 49.14874011637488
281263051 0 -46.020416 -96.06034 -101.00339 0 -0.43086067 9.732027 1.3241973 0 0.037344597 -0.2741943 -0.031036986 48.06998345395766
281263084 0 -45.91189 -96.01919 -101.02285 0 -0.37834403 9.738809 1.3037025 0 0.03482484 -0.26525688 -0.031208012 45.83964665219253
281263117 0 -45.802753 -96.01018 -101.0922 0 -0.32574397 9.739229 1.2821766 0 0.034008272 -0.25718218 -0.032231394 43.50825378656248
281263150 0 -45.67034 -96.03877 -101.178314 0 -0.26574793 9.737781 1.2621082 0 0.032818284 -0.2524172 -0.03265504 40.69359430130271
281263183 0 -45.56015 -96.076096 -101.25657 0 -0.20138949 9.7436285 1.2425582 0 0.029267127 -0.25505862 -0.031669505 37.54612018835576
281263216 0 -45.465343 -96.04511 -101.37252 0 -0.122497305 9.755854 1.2244922 0 0.027151007 -0.26198697 -0.029039314 33.50919835112228
281263249 0 -45.320747 -96.05678 -101.441505 0 -0.06797005 9.759263 1.2105058 0 0.027652148 -0.27485928 -0.027698567 30.595104971925537
281263282 0 -45.239143 -96.05883 -101.547325 0 -0.0031803306 9.754358 1.2063379 0 0.02831077 -0.29283726 -0.027096791 27.114908438845134
281263315 0 -45.15211 -96.057816 -101.679375 0 0.080298975 9.753797 1.2123914 0 0.028149368 -0.31672028 -0.028186047 22.67198308187318
281263348 0 -45.07098 -96.06133 -101.81955 0 0.14190167 9.754092 1.2163633 0 0.028975595 -0.34568352 -0.031211399 19.411378838155997
281263381 0 -44.952507 -96.020004 -102.07356 0 0.19517024 9.746813 1.2106171 0 0.030064825 -0.38887173 -0.038842704 16.48025950490569
281263414 0 -44.854454 -95.99662 -102.30604 0 0.23487021 9.743607 1.2123692 0 0.028486488 -0.42480913 -0.044359066 14.355437172986228
281263447 0 -44.756256 -95.997635 -102.519615 0 0.26545176 9.738843 1.2166426 0 0.027530493 -0.46441722 -0.048857655 12.75318236918065
281263479 0 -44.627243 -95.96532 -102.88124 0 0.2844285 9.733169 1.2260249 0 0.023374546 -0.5077707 -0.052375328 11.765998052965813
281263513 0 -44.53196 -95.96409 -103.18866 0 0.29406106 9.73106 1.2468396 0 0.015588416 -0.56515986 -0.058721285 11.434252349883707
281263545 0 -44.440212 -95.93724 -103.54025 0 0.29434347 9.728944 1.274375 0 0.012402239 -0.60973823 -0.06345616 11.63635935497166
281263578 0 -44.36073 -95.89816 -103.94088 0 0.28320304 9.720628 1.3130225 0 0.012783337 -0.6542318 -0.06659032 12.495317968576956
281263612 0 -44.258446 -95.804085 -104.47608 0 0.2700006 9.714298 1.3305142 0 0.015767876 -0.6996807 -0.06849417 13.131670471847713
281263645 0 -44.202362 -95.78995 -104.95324 0 0.2571895 9.712562 1.3316095 0 0.011229377 -0.763485 -0.07811883 13.60170616128147
281263678 0 -44.16703 -95.748024 -105.47345 0 0.23887916 9.716834 1.3321787 0 -2.9093167E-4 -0.81439805 -0.088081 14.325833425576093
281263711 0 -44.143898 -95.70324 -106.03855 0 0.2083326 9.742667 1.3705589 0 -0.012955895 -0.864677 -0.09747701 15.961088288356564
281263744 0 -44.181084 -95.59678 -106.85978 0 0.17453171 9.764443 1.4079486 0 -0.01926753 -0.92524207 -0.11010233 17.6338391821331
281263777 0 -44.216576 -95.496864 -107.49575 0 0.1502313 9.770723 1.4516964 0 -0.021060295 -0.97333413 -0.123464026 18.899210273053427
281263810 0 -44.271095 -95.462906 -108.17618 0 0.1352348 9.769741 1.5051908 0 -0.021224976 -1.0262105 -0.13672426 19.75979020281295
281263843 0 -44.37792 -95.33376 -109.14323 0 0.12960134 9.763436 1.594714 0 -0.018899975 -1.081438 -0.1486784 20.337472234887002
281263876 0 -44.47775 -95.22635 -109.921524 0 0.11685915 9.759433 1.6689544 0 -0.010684234 -1.1362251 -0.15971287 21.107878299676713
281263908 0 -44.61412 -95.1404 -110.70296 0 0.09382084 9.743368 1.728919 0 0.0021516748 -1.2023072 -0.1763848 22.17772498032167
281263942 0 -44.8382 -95.020935 -111.75097 0 0.03472683 9.723051 1.798308 0 0.0058880784 -1.2489946 -0.18866585 24.546895622251043
281263975 0 -45.077732 -94.94932 -112.56985 0 -0.03226175 9.709323 1.8449218 0 0.008020617 -1.290453 -0.1981756 27.062220359587684
281264008 0 -45.311436 -94.79994 -113.37278 0 -0.11349329 9.703533 1.8843582 0 0.004852696 -1.3369906 -0.2051108 29.955409944829626
281264041 0 -45.61026 -94.700584 -114.18765 0 -0.19930321 9.703622 1.9282627 0 0.0014924178 -1.3622625 -0.20771149 32.91330191207908
281264074 0 -45.922688 -94.57047 -115.00898 0 -0.28504297 9.698983 1.9743131 0 -0.0011925318 -1.3788188 -0.20832425 35.73370217133623
281264107 0 -46.421207 -94.452415 -116.08583 0 -0.3423345 9.679763 2.0247514 0 5.372993E-4 -1.3910497 -0.20480534 37.52394256412077
281264140 0 -46.812954 -94.33409 -116.8987 0 -0.35863414 9.666308 2.0408483 0 0.004189372 -1.3923187 -0.20275971 38.009104561245124
281264173 0 -47.388416 -94.22807 -117.9315 0 -0.3615486 9.657602 2.0460615 0 0.0028757458 -1.3846003 -0.20320566 38.11046456852807
281264206 0 -47.828 -94.11124 -118.63629 0 -0.37318683 9.649776 2.0474348 0 0.0010858863 -1.3656675 -0.20091435 38.51038921990528
281264239 0 -48.253952 -93.99828 -119.31415 0 -0.3972503 9.647961 2.035195 0 0.001259907 -1.3319143 -0.19562414 39.329216203268516
281264272 0 -48.703434 -93.88755 -119.97034 0 -0.42629275 9.656578 2.015963 0 -0.0013116554 -1.2743635 -0.1867407 40.336293445441015
281264304 0 -49.28433 -93.77371 -120.82735 0 -0.44938573 9.666814 1.9924417 0 -0.0024584401 -1.23168 -0.17916459 41.186187544244035
281264338 0 -49.702293 -93.67863 -121.43139 0 -0.4628937 9.688421 1.968621 0 -0.0023347216 -1.1904099 -0.17316976 41.72139433741705
281264371 0 -50.114014 -93.59034 -122.01808 0 -0.46047115 9.7064 1.9395624 0 0.005123278 -1.149172 -0.17005874 41.77791415279893
281264403 0 -50.673668 -93.51327 -122.74938 0 -0.46042243 9.718092 1.8982842 0 0.021871582 -1.0889689 -0.16973352 42.004300772838974
281264437 0 -51.050602 -93.48745 -123.23825 0 -0.45950148 9.720814 1.8488383 0 0.033869576 -1.0391942 -0.16455969 42.23803326133145
281264470 0 -51.41992 -93.45017 -123.68038 0 -0.46830243 9.699579 1.7782886 0 0.044092752 -0.984368 -0.15272856 42.95481380340004
281264503 0 -51.776955 -93.40379 -124.08636 0 -0.466696 9.676609 1.7198884 0 0.048189916 -0.91376996 -0.12865403 43.29606029961769
281264536 0 -52.241356 -93.3764 -124.59326 0 -0.46740904 9.676983 1.6838053 0 0.039639227 -0.86625355 -0.11044016 43.618656964306524
281264569 0 -52.588882 -93.351135 -124.94093 0 -0.46631324 9.699339 1.668522 0 0.036475293 -0.8221466 -0.0939241 43.727543840054864
281264602 0 -52.923874 -93.34505 -125.282585 0 -0.45023778 9.707928 1.6349807 0 0.04138991 -0.7785909 -0.08467615 43.41607013842935
281264635 0 -53.248684 -93.34358 -125.6046 0 -0.4471957 9.705856 1.6084437 0 0.041156854 -0.73706406 -0.085275635 43.54296139282985
281264668 0 -53.641903 -93.31889 -126.01356 0 -0.4468531 9.710505 1.5982753 0 0.033287995 -0.693483 -0.09005137 43.667605514993454
281264701 0 -53.93555 -93.3085 -126.32531 0 -0.45473784 9.70572 1.6010307 0 0.034907475 -0.65812343 -0.08718999 43.99750023681048
281264734 0 -54.208775 -93.30295 -126.63457 0 -0.47432524 9.694433 1.5728661 0 0.03941953 -0.6145861 -0.077416725 44.98243400569379
281264767 0 -54.54712 -93.322655 -127.00873 0 -0.49558005 9.696789 1.5373194 0 0.034492664 -0.55940664 -0.0645264 46.120558672376774
281264800 0 -54.768944 -93.29892 -127.25341 0 -0.49374366 9.704561 1.5044383 0 0.031612553 -0.52911603 -0.05909574 46.36463889746176
281264833 0 -55.006386 -93.3098 -127.480545 0 -0.4596782 9.715182 1.4735653 0 0.029496487 -0.5017885 -0.057678796 45.35188918318357
281264866 0 -55.287544 -93.27328 -127.74309 0 -0.4312827 9.722916 1.4572189 0 0.027226347 -0.47328284 -0.05827993 44.41287136099561
281264899 0 -55.480858 -93.2688 -127.94101 0 -0.40488395 9.734498 1.4500039 0 0.022722762 -0.43959513 -0.058579206 43.4354678756722
281264932 0 -55.649498 -93.27671 -128.1419 0 -0.37813786 9.747398 1.4506812 0 0.022366576 -0.41613013 -0.057975337 42.35939889269338
281264965 0 -55.81784 -93.26089 -128.34064 0 -0.3554203 9.764504 1.4424905 0 0.024523696 -0.39582652 -0.056684658 41.49904777427105
281264997 0 -56.01348 -93.2797 -128.57442 0 -0.34088272 9.767969 1.4377519 0 0.028482756 -0.37606165 -0.054717045 40.95607505601174
281265031 0 -56.151127 -93.275085 -128.7274 0 -0.32405198 9.763202 1.4160079 0 0.036820706 -0.34821647 -0.05104416 40.41625105495979
281265064 0 -56.28484 -93.273544 -128.84265 0 -0.29899386 9.75112 1.3858705 0 0.03966727 -0.33153057 -0.046199277 39.56719706942465
281265096 0 -56.45957 -93.30748 -129.02188 0 -0.2701497 9.741917 1.3485783 0 0.039414875 -0.31692258 -0.04008266 38.55922165737627
281265130 0 -56.592823 -93.30062 -129.11403 0 -0.24440092 9.746425 1.3254957 0 0.037384033 -0.30553356 -0.034319907 37.556754792893514
281265163 0 -56.720284 -93.2942 -129.19435 0 -0.20051666 9.754004 1.3055595 0 0.034339733 -0.29104206 -0.03008459 35.65458125999078
281265196 0 -56.820076 -93.251686 -129.29059 0 -0.15867421 9.761639 1.2799761 0 0.033518318 -0.28331852 -0.028966583 33.7838436727431
281265229 0 -56.98811 -93.250496 -129.37598 0 -0.0886497 9.771045 1.2486246 0 0.033286173 -0.28426373 -0.027319722 30.478981510751566
281265262 0 -57.128647 -93.28457 -129.44246 0 -0.022258922 9.773274 1.2381552 0 0.031508617 -0.2926941 -0.027360301 27.203929709392526
281265295 0 -57.281574 -93.3059 -129.52516 0 0.044912644 9.772113 1.2220703 0 0.03211051 -0.3006084 -0.028394487 23.81140206940387
281265328 0 -57.510666 -93.33538 -129.64677 0 0.13416183 9.760201 1.1974301 0 0.032043714 -0.3142497 -0.027823705 19.165357131799453
281265361 0 -57.686188 -93.32444 -129.738 0 0.18838385 9.75994 1.2001818 0 0.02934537 -0.3320556 -0.026702713 16.4921542793453
281265394 0 -57.88583 -93.336075 -129.82405 0 0.24137887 9.75207 1.2093817 0 0.028345456 -0.3604286 -0.026933916 13.991918283658833
281265427 0 -58.109215 -93.35223 -129.89792 0 0.29419822 9.739908 1.2154009 0 0.028994532 -0.38968498 -0.028400978 11.543594286985467
281265460 0 -58.45721 -93.3973 -130.00757 0 0.3606355 9.724058 1.2253731 0 0.030069537 -0.4240809 -0.030945247 8.616262293629916
281265493 0 -58.73312 -93.41031 -130.09969 0 0.40004963 9.719138 1.2383295 0 0.02870841 -0.46257353 -0.034380272 7.067510069140383
281265526 0 -59.035233 -93.43619 -130.18388 0 0.43610272 9.715455 1.2553219 0 0.025380027 -0.5202179 -0.03964686 5.8020719569888115
281265559 0 -59.378506 -93.45132 -130.26915 0 0.46179414 9.714465 1.2737483 0 0.022046959 -0.56385773 -0.04425623 5.082354006690252
281265592 0 -59.894417 -93.436844 -130.36395 0 0.47732237 9.718685 1.2965646 0 0.017419942 -0.6086594 -0.050189666 4.969277236772939
281265625 0 -60.301434 -93.42923 -130.45111 0 0.47439215 9.71749 1.3157208 0 0.01331893 -0.6567496 -0.05609366 5.551442434263436
281265658 0 -60.727478 -93.41619 -130.52798 0 0.47441053 9.71455 1.3326454 0 0.011357868 -0.72404575 -0.06286022 5.974220471716649
281265691 0 -61.199936 -93.401695 -130.56989 0 0.47495908 9.7162485 1.3483909 0 0.004738123 -0.77509546 -0.069546 6.376177531258691
281265724 0 -61.874393 -93.393036 -130.63503 0 0.46719193 9.742407 1.372578 0 -0.006017021 -0.8263413 -0.07918979 7.320309030700855
281265757 0 -62.414284 -93.36156 -130.65543 0 0.4589046 9.775601 1.4093311 0 -0.018599056 -0.8798337 -0.092253245 8.400508570580257
281265790 0 -62.995247 -93.31581 -130.69691 0 0.44897962 9.807547 1.4619747 0 -0.024525264 -0.9557291 -0.11549445 9.736524308086018
281265823 0 -63.80049 -93.32563 -130.73236 0 0.4191239 9.80969 1.5440948 0 -0.020937752 -1.011305 -0.13491789 12.237066808511429
281265856 0 -64.41429 -93.33655 -130.6964 0 0.3726632 9.797288 1.6016717 0 -0.01686496 -1.0621341 -0.15211426 14.898778721460758
281265889 0 -65.05122 -93.337814 -130.68134 0 0.31983408 9.773776 1.6549447 0 -0.007279738 -1.1272084 -0.1661309 17.658004391416625
281265922 0 -65.958466 -93.31528 -130.55438 0 0.259857 9.741712 1.7018727 0 3.8484507E-4 -1.1718537 -0.17248197 20.660821927931863
281265955 0 -66.654625 -93.35329 -130.4504 0 0.17078152 9.697021 1.7546613 0 0.003822182 -1.2160698 -0.17922437 24.58196181344988
281265988 0 -67.3611 -93.372284 -130.27151 0 0.09662066 9.680929 1.7911705 0 0.0034627311 -1.2577423 -0.18648806 27.759866126696522
281266021 0 -68.08465 -93.3757 -130.06921 0 0.028977988 9.676152 1.8254236 0 0.0013074713 -1.3028046 -0.1940704 30.61613512437998
281266054 0 -69.065155 -93.41919 -129.73373 0 -0.046445526 9.674721 1.8431945 0 -0.0013538592 -1.3276329 -0.19872756 33.75480512348679
281266087 0 -69.79199 -93.48809 -129.45898 0 -0.15623103 9.691693 1.8815336 0 -0.009616852 -1.3468336 -0.2046219 37.90417919521536
281266120 0 -70.52153 -93.53459 -129.16968 0 -0.24326871 9.700807 1.9145482 0 -0.015112637 -1.3584385 -0.20873708 41.14378914497121
281266153 0 -71.478836 -93.610886 -128.75407 0 -0.31468803 9.70676 1.9372855 0 -0.0166714 -1.35991 -0.20395254 43.89607875782497
281266186 0 -72.18911 -93.658104 -128.4097 0 -0.36214474 9.70812 1.9630699 0 -0.01719107 -1.3494344 -0.19683576 45.70346292542621
281266218 0 -72.88687 -93.690926 -128.05795 0 -0.39261365 9.700592 1.9789172 0 -0.0147802085 -1.3343257 -0.19327497 46.96622146898898
281266252 0 -73.55536 -93.747406 -127.63713 0 -0.40696952 9.673165 1.9766543 0 -0.009625855 -1.3159163 -0.19364803 47.78433128248935
281266284 0 -74.39931 -93.80949 -127.11355 0 -0.42560616 9.653785 1.9697269 0 -0.009692303 -1.2732075 -0.1968977 48.82957562174391
281266317 0 -75.00363 -93.842926 -126.71837 0 -0.45142218 9.6516695 1.9666065 0 -0.012638444 -1.2297666 -0.19340385 49.95513274035409
281266351 0 -75.60991 -93.9202 -126.36066 0 -0.47886595 9.663855 1.9407927 0 -0.011292766 -1.1814889 -0.18431425 51.19447398034748
281266384 0 -76.33651 -94.000244 -125.89615 0 -0.48321623 9.673294 1.9056653 0 -0.00823591 -1.1175289 -0.16787899 51.83301470547366
281266417 0 -76.840515 -94.01814 -125.54374 0 -0.46845427 9.696267 1.882971 0 -0.009170788 -1.0703226 -0.15801148 51.701523318667114
281266450 0 -77.33933 -94.05089 -125.178474 0 -0.44314778 9.722957 1.8661656 0 -0.0034497506 -1.0252159 -0.15262759 51.19923803729358
281266482 0 -77.80577 -94.07382 -124.853745 0 -0.41610584 9.7486 1.848792 0 0.0054111555 -0.9825464 -0.14991705 50.607436296657795
281266516 0 -78.400314 -94.155846 -124.39381 0 -0.40228057 9.751052 1.8392997 0 0.017628618 -0.93529004 -0.14664043 50.50851808200309
281266549 0 -78.812935 -94.24799 -124.06443 0 -0.39163622 9.736489 1.8106767 0 0.03921376 -0.86556953 -0.13272983 50.49381609981464
281266582 0 -79.21865 -94.31314 -123.70534 0 -0.39210284 9.708707 1.7398553 0 0.052412618 -0.808605 -0.11588157 51.02692944000705
281266615 0 -79.715 -94.39528 -123.28491 0 -0.38047698 9.690255 1.6615162 0 0.058014404 -0.75631523 -0.09701424 51.240342115718704
281266648 0 -80.0766 -94.42579 -123.01212 0 -0.36216298 9.693346 1.6054064 0 0.04589007 -0.699716 -0.072133414 51.016759288332935
281266681 0 -80.432556 -94.47434 -122.73718 0 -0.32945627 9.718731 1.5905453 0 0.038086414 -0.66146183 -0.057733897 50.03241291571817
281266714 0 -80.76395 -94.494484 -122.434166 0 -0.27765685 9.730378 1.5636601 0 0.042748615 -0.62480503 -0.05177072 48.333051604935235
281266746 0 -81.17054 -94.50954 -122.03268 0 -0.2608552 9.715856 1.529274 0 0.04803801 -0.5901041 -0.0554915 48.03482164011041
281266779 0 -81.44414 -94.51811 -121.74465 0 -0.26375523 9.705033 1.4999876 0 0.042043496 -0.54681295 -0.06702647 48.42152987544364
281266813 0 -81.68179 -94.565506 -121.46797 0 -0.27901003 9.69681 1.4733813 0 0.037556853 -0.5175834 -0.07024463 49.29892231584512
281266846 0 -81.97768 -94.603226 -121.11328 0 -0.30129683 9.695117 1.4547391 0 0.03416907 -0.48642883 -0.06766865 50.48570525017527
281266879 0 -82.18515 -94.60599 -120.88538 0 -0.32178786 9.699153 1.4451454 0 0.028877074 -0.4528705 -0.06180303 51.49962292680158
281266911 0 -82.385124 -94.628654 -120.683075 0 -0.33318543 9.7108135 1.4497888 0 0.02116411 -0.41519746 -0.05273716 52.052137419331416
281266944 0 -82.575264 -94.65004 -120.492325 0 -0.3343739 9.72363 1.4598858 0 0.021678597 -0.3893534 -0.04371247 52.14982278484092
281266978 0 -82.75341 -94.66635 -120.32148 0 -0.32295516 9.739346 1.4466515 0 0.025238555 -0.36301324 -0.03540911 51.85306472578219
281267011 0 -82.99073 -94.67241 -120.113846 0 -0.30840525 9.740896 1.4181137 0 0.026857322 -0.33825347 -0.03090291 51.53795394842365
281267044 0 -83.159874 -94.69158 -119.95542 0 -0.2911443 9.746104 1.3912315 0 0.025197776 -0.31277025 -0.027776886 51.04861870571642
281267076 0 -83.32706 -94.689896 -119.78079 0 -0.2644055 9.747708 1.3688985 0 0.025056802 -0.2939053 -0.027566295 50.10953941182595
281267109 0 -83.51496 -94.69608 -119.56259 0 -0.2359219 9.743863 1.3288463 0 0.024787799 -0.27439585 -0.026815558 49.156581173542065
281267142 0 -83.638336 -94.7012 -119.43075 0 -0.19649354 9.743934 1.2985554 0 0.019829344 -0.25916082 -0.025886921 47.55400705839281
281267176 0 -83.7517 -94.68552 -119.268845 0 -0.1405621 9.745932 1.2810795 0 0.015400832 -0.25592136 -0.026470933 45.05802029414377
281267208 0 -83.907 -94.65915 -119.057495 0 -0.057847507 9.744395 1.2560856 0 0.012644416 -0.25783387 -0.0285309 41.197395884672005
281267241 0 -84.02629 -94.670555 -118.91962 0 0.013033634 9.7339735 1.2321464 0 0.0100051435 -0.26641035 -0.03241339 37.7310646356068
281267275 0 -84.15219 -94.73861 -118.80984 0 0.087998375 9.723544 1.2084813 0 0.0028475956 -0.29267868 -0.03777756 33.929395003956074
281267308 0 -84.27963 -94.76189 -118.68756 0 0.17025538 9.711087 1.1898546 0 -0.0036609597 -0.3259858 -0.044058952 29.696979492298453
281267341 0 -84.43152 -94.79741 -118.50382 0 0.28603083 9.700062 1.1883811 0 -0.013967296 -0.36847633 -0.0525216 24.00463836630729
281267373 0 -84.55921 -94.81561 -118.31808 0 0.36566365 9.700134 1.2137804 0 -0.023419878 -0.41469434 -0.0598818 20.656319125721552
281267406 0 -84.655495 -94.8203 -118.15239 0 0.4255888 9.69911 1.2437764 0 -0.033527885 -0.4