name=GpsLocations vendor=Google current_time_ms=1561446802437
recordedAtMs deviceDirectionDegrees deviceDirectionDegrees northDirectionRadians northDirectionDegrees
 282510021 0.0 0.0
 282510053 0.0 0.0
 282510056 0.0 0.0
 282510087 126.05309456668795 126.05309456668795
 282510089 124.3236906688407 124.3236906688407
 282510120 125.92470067067006 125.92470067067006
 282510123 124.28430779808639 124.28430779808639
 282510152 125.8242422483575 125.8242422483575
 282510156 124.30097345966124 124.30097345966124
 282510186 125.81578647416501 125.81578647416501
 282510188 124.3933859191315 124.3933859191315
 282510218 125.88184806381742 125.88184806381742
 282510221 124.52680683437853 124.52680683437853
 282510251 125.95900188068185 125.95900188068185
 282510254 124.69482948796087 124.69482948796087
 282510284 125.93654421869087 125.93654421869087
 282510287 124.6850759778261 124.6850759778261
 282510317 125.76529771582028 125.76529771582028
 282510320 124.62626804907228 124.62626804907228
 282510350 125.69329386159 125.69329386159
 282510353 124.61363219910777 124.61363219910777
 282510384 125.69009733305847 125.69009733305847
 282510386 124.66832835398122 124.66832835398122
 282510416 125.66105536870754 125.66105536870754
 282510419 124.69137341224086 124.69137341224086
 282510449 125.62521053594332 125.62521053594332
 282510452 124.72465009387713 124.72465009387713
 282510482 125.61857159207005 125.61857159207005
 282510485 124.73776405708355 124.73776405708355
 282510515 125.48737731849246 125.48737731849246
 282510518 124.69335416710015 124.69335416710015
 282510548 125.45492025955656 125.45492025955656
 282510551 124.72291522582793 124.72291522582793
 282510581 125.40852961471387 125.40852961471387
 282510584 124.69844948822094 124.69844948822094
 282510614 125.35429791270394 125.35429791270394
 282510617 124.66331499513046 124.66331499513046
 282510647 125.30278462598369 125.30278462598369
 282510650 124.70004775248674 124.70004775248674
 282510680 125.28867345515846 125.28867345515846
 282510683 124.70313499799158 124.70313499799158
 282510713 125.20915639284118 125.20915639284118
 282510716 124.65670337201385 124.65670337201385
 282510746 125.07894566650407 125.07894566650407
 282510749 124.50954011615676 124.50954011615676
 282510779 124.92198791937716 124.92198791937716
 282510782 124.45179769691345 124.45179769691345
 282510812 124.8587676884195 124.8587676884195
 282510815 124.4021558820258 124.4021558820258
 282510845 124.7657951534373 124.7657951534373
 282510848 124.33449602810765 124.33449602810765
 282510878 124.72858428283905 124.72858428283905
 282510881 124.32508402743139 124.32508402743139
 282510911 124.75638315276103 124.75638315276103
 282510914 124.38047686160019 124.38047686160019
 282510944 124.78546609824696 124.78546609824696
 282510947 124.43129346902509 124.43129346902509
 282510977 124.76821304040345 124.76821304040345
 282510980 124.43442169566498 124.43442169566498
 282511011 124.66916163705997 124.66916163705997
 282511013 124.341257915386 124.341257915386
 282511043 124.58907083885242 124.58907083885242
 282511046 124.29742176129287 124.29742176129287
 282511076 124.5313694007441 124.5313694007441
 282511079 124.25579858849079 124.25579858849079
 282511109 124.549524043558 124.549524043558
 282511112 124.28944410034228 124.28944410034228
 282511142 124.6327977099188 124.6327977099188
 282511145 124.4203788267314 124.4203788267314
 282511175 124.76768028564823 124.76768028564823
 282511178 124.53890992958782 124.53890992958782
 282511208 124.93059395773139 124.93059395773139
 282511211 124.71462337617555 124.71462337617555
 282511241 125.11562378234703 125.11562378234703
 282511244 124.9653596206067 124.9653596206067
 282511274 125.32812462780447 125.32812462780447
 282511277 125.1399255954139 125.1399255954139
 282511307 125.59521234510862 125.59521234510862
 282511310 125.4183104456053 125.4183104456053
 282511340 125.89187478151894 125.89187478151894
 282511343 125.7530580168276 125.7530580168276
 282511373 126.2054077851792 126.2054077851792
 282511376 126.11994845828406 126.11994845828406
 282511406 126.5529414705278 126.5529414705278
 282511409 126.4111194226017 126.4111194226017
 282511439 126.76712254252107 126.76712254252107
 282511442 126.6344939292178 126.6344939292178
 282511472 127.01912920213783 127.01912920213783
 282511475 126.94793131022965 126.94793131022965
 282511505 127.30562831706322 127.30562831706322
 282511508 127.20701404582655 127.20701404582655
 282511538 127.53256818242608 127.53256818242608
 282511541 127.43592100567037 127.43592100567037
 282511571 127.76330563296744 127.76330563296744
 282511574 127.7354111403971 127.7354111403971
 282511604 128.03420459582844 128.03420459582844
 282511607 127.94392315537925 127.94392315537925
 282511637 128.13645252770357 128.13645252770357
 282511640 127.99546376285616 127.99546376285616
 282511670 128.11171358252977 128.11171358252977
 282511673 128.03551599214916 128.03551599214916
 282511703 128.12978626307364 128.12978626307364
 282511706 128.14142490541934 128.14142490541934
 282511736 128.25434159277802 128.25434159277802
 282511739 128.18862151258412 128.18862151258412
 282511769 128.3068657474954 128.3068657474954
 282511772 128.1656037750812 128.1656037750812
 282511802 128.31760280487066 128.31760280487066
 282511805 128.2615542725415 128.2615542725415
 282511835 128.50386206353687 128.50386206353687
 282511838 128.54070410391995 128.54070410391995
 282511868 128.89319650660593 128.89319650660593
 282511871 128.89583295962558 128.89583295962558
 282511902 129.2480931358798 129.2480931358798
 282511904 129.19166211295715 129.19166211295715
 282511934 129.4384914891831 129.4384914891831
 282511937 129.49046922876687 129.49046922876687
 282511967 129.68459686535698 129.68459686535698
 282511970 129.6482465985942 129.6482465985942
 282512000 129.792746080675 129.792746080675
 282512003 129.71137120690344 129.71137120690344
 282512033 129.79909815660312 129.79909815660312
 282512036 129.76852622987815 129.76852622987815
 282512066 129.84908148094928 129.84908148094928
 282512069 129.8709517466716 129.8709517466716
 282512099 129.92078480685603 129.92078480685603
 282512102 129.89391484266122 129.89391484266122
 282512132 129.93436322292604 129.93436322292604
 282512135 129.89253514444886 129.89253514444886
 282512165 130.00531522802413 130.00531522802413
 282512168 130.01291039838117 130.01291039838117
 282512198 130.15116708756057 130.15116708756057
 282512201 130.1285864821645 130.1285864821645
 282512231 130.32921645884448 130.32921645884448
 282512234 130.30791992901237 130.30791992901237
 282512264 130.56204394727183 130.56204394727183
 282512267 130.6025333086717 130.6025333086717
 282512298 130.76806977339612 130.76806977339612
 282512300 130.75962765958195 130.75962765958195
 282512330 130.79443430359237 130.79443430359237
 282512333 130.77682607591208 130.77682607591208
 282512363 130.59215142113328 130.59215142113328
 282512366 130.4768441675651 130.4768441675651
 282512396 130.14939123837638 130.14939123837638
 282512399 130.13809410548913 130.13809410548913
 282512429 129.71109799933663 129.71109799933663
 282512432 129.69555248878567 129.69555248878567
 282512462 129.43932477226184 129.43932477226184
 282512465 129.4244622806279 129.4244622806279
 282512495 129.48175390738595 129.48175390738595
 282512498 129.49112492692723 129.49112492692723
 282512528 129.62040674753723 129.62040674753723
 282512531 129.60737474660084 129.60737474660084
 282512561 129.65775422191882 129.65775422191882
 282512564 129.64539157952112 129.64539157952112
 282512594 129.43778114950942 129.43778114950942
 282512597 129.42600590338031 129.42600590338031
 282512627 129.0831987089374 129.0831987089374
 282512630 128.94962752952858 128.94962752952858
 282512660 128.6388812430497 128.6388812430497
 282512663 128.62833543097122 128.62833543097122
 282512693 128.56236946396723 128.56236946396723
 282512696 128.55241104815735 128.55241104815735
 282512726 128.49548825161446 128.49548825161446
 282512729 128.48610357169485 128.48610357169485
 282512759 128.20811487247533 128.20811487247533
 282512762 128.08071818407626 128.08071818407626
 282512792 127.67523717380931 127.67523717380931
 282512795 127.66690434302188 127.66690434302188
 282512825 127.25885518162698 127.25885518162698
 282512828 127.25089118105473 127.25089118105473
 282512858 126.93095145995301 126.93095145995301
 282512861 126.92102036489979 126.92102036489979
 282512891 126.61558796559518 126.61558796559518
 282512894 126.52650863843985 126.52650863843985
 282512924 126.36046673971686 126.36046673971686
 282512927 126.35369119206018 126.35369119206018
 282512957 126.2621529968037 126.2621529968037
 282512960 126.25573261898387 126.25573261898387
 282512991 126.19544936936933 126.19544936936933
 282512993 126.22282476756277 126.22282476756277
 282513023 126.29835299940476 126.29835299940476
 282513026 126.32815994494268 126.32815994494268
 282513057 126.47357467237225 126.47357467237225
 282513059 126.46826078519803 126.46826078519803
 282513089 126.6822232911378 126.6822232911378
 282513092 126.66893174301299 126.66893174301299
 282513123 126.89919108031245 126.89919108031245
 282513125 127.00568738985129 127.00568738985129
 282513156 127.44150810041145 127.44150810041145
 282513158 127.43712311896434 127.43712311896434
 282513188 127.96732338347573 127.96732338347573
 282513192 127.9451389290515 127.9451389290515
 282513221 128.52050040435506 128.52050040435506
 282513224 128.4953243270744 128.4953243270744
 282513254 129.03841998873878 129.03841998873878
 282513257 129.0348273092353 129.0348273092353
 282513288 129.8573186890883 129.8573186890883
 282513290 129.85402653790834 129.85402653790834
 282513321 130.620947498674 130.620947498674
 282513323 130.56059594716783 130.56059594716783
 282513353 131.33636883309788 131.33636883309788
 282513356 131.33345917251143 131.33345917251143
 282513387 132.12778285222726 132.12778285222726
 282513389 132.48603993457277 132.48603993457277
 282513419 133.4157379636382 133.4157379636382
 282513422 133.41330641629372 133.41330641629372
 282513452 134.17895696187378 134.17895696187378
 282513455 134.05624578324534 134.05624578324534
 282513485 134.66007548700946 134.66007548700946
 282513488 134.6579444679884 134.6579444679884
 282513519 135.13156344541545 135.13156344541545
 282513521 135.3622189336868 135.3622189336868
 282513551 135.65830763420684 135.65830763420684
 282513554 135.51965479405555 135.51965479405555
 282513584 135.71633692139528 135.71633692139528
 282513587 135.7146157137244 135.7146157137244
 282513617 135.78674251135976 135.78674251135976
 282513620 135.93243044635614 135.93243044635614
 282513650 135.83739519424455 135.83739519424455
 282513653 135.8358379111138 135.8358379111138
 282513684 135.6658754838072 135.6658754838072
 282513686 135.497415698118 135.497415698118
 282513716 135.2510371143773 135.2510371143773
 282513719 135.24953447275993 135.24953447275993
 282513749 135.2510371143773 135.2510371143773
 282513752 135.24953447275993 135.24953447275993
 282513782 133.6838092281829 133.6838092281829
 282513785 133.48428574214847 133.48428574214847
 282513815 132.6836919487746 132.6836919487746
 282513818 132.68225760904886 132.68225760904886
 282513848 131.8822102308086 131.8822102308086
 282513851 131.88080321183958 131.88080321183958
 282513881 130.99801492199379 130.99801492199379
 282513885 130.68149029547703 130.68149029547703
 282513914 129.98164179236085 129.98164179236085
 282513917 129.76597173912853 129.76597173912853
 282513947 128.8736211844447 128.8736211844447
 282513950 128.87233710888074 128.87233710888074
 282513980 127.8668103196498 127.8668103196498
 282513983 127.86555356484251 127.86555356484251
 282514013 126.35415564492376 126.35415564492376
 282514016 125.83456949438255 125.83456949438255
 282514046 124.26373526830633 124.26373526830633
 282514049 124.26254681539075 124.26254681539075
 282514079 123.03603608575321 123.03603608575321
 282514082 123.034902274351 123.034902274351
 282514113 121.82280324386221 121.82280324386221
 282514115 121.82171041359499 121.82171041359499
 282514145 120.57891651297615 120.57891651297615
 282514148 120.16772546456309 120.16772546456309
 282514178 118.89414107116579 118.89414107116579
 282514181 118.89315752392531 118.89315752392531
 282514211 117.65779486912345 117.65779486912345
 282514214 117.65685230301801 117.65685230301801
 282514244 116.45744376400705 116.45744376400705
 282514247 116.45652851865827 116.45652851865827
 282514277 115.19687771116787 115.19687771116787
 282514280 115.1960307677108 115.1960307677108
 282514311 114.46819897956505 114.46819897956505
 282514313 114.46738618705382 114.46738618705382
 282514343 113.82183085765007 113.82183085765007
 282514346 113.82105904627383 113.82105904627383
 282514377 113.11497458044545 113.11497458044545
 282514379 112.84624761774046 112.84624761774046
 282514410 112.1323835664474 112.1323835664474
 282514412 112.00154446270665 112.00154446270665
 282514442 111.18438746059547 111.18438746059547
 282514445 111.18373859262431 111.18373859262431
 282514475 110.49608880736582 110.49608880736582
 282514478 110.33687026762362 110.33687026762362
 282514508 109.64908387858168 109.64908387858168
 282514511 109.59100678006905 109.59100678006905
 282514541 109.04294557087803 109.04294557087803
 282514544 108.95577869669034 108.95577869669034
 282514575 108.28727393167537 108.28727393167537
 282514577 108.28674800710928 108.28674800710928
 282514608 107.64571426293605 107.64571426293605
 282514610 107.50354387536225 107.50354387536225
 282514640 106.76904582258658 106.76904582258658
 282514643 106.6356590582854 106.6356590582854
 282514674 105.82814628328231 105.82814628328231
 282514676 105.82769549079711 105.82769549079711
 282514707 105.10648215595711 105.10648215595711
 282514709 105.10605868422857 105.10605868422857
 282514740 104.398963350403 104.398963350403
 282514742 104.39856036924198 104.39856036924198
 282514773 103.76331179529575 103.76331179529575
 282514775 103.76292247451306 103.76292247451306
 282514806 102.8407239931563 102.8407239931563
 282514808 102.84036199313027 102.84036199313027
 282514839 102.03353906723333 102.03353906723333
 282514841 101.97595374234095 101.97595374234095
 282514872 101.51035340699957 101.51035340699957
 282514874 101.5100187277302 101.5100187277302
 282514905 101.57105329815346 101.57105329815346
 282514907 101.67871757004036 101.67871757004036
 282514937 101.60180280979682 101.60180280979682
 282514940 101.54228454136933 101.54228454136933
 282514971 100.89925638195848 100.89925638195848
 282514973 100.89896951401334 100.89896951401334
 282515004 99.95899205024705 99.95899205024705
 282515006 99.95871884268024 99.95871884268024
 282515036 98.6951816575521 98.6951816575521
 282515039 98.69492894055281 98.69492894055281
 282515070 98.27290521211603 98.27290521211603
 282515072 98.24363102133339 98.24363102133339
 282515103 98.38061729532711 98.38061729532711
 282515105 98.38039189908454 98.38039189908454
 282515135 98.52013756950299 98.52013756950299
 282515138 98.52242568287494 98.52242568287494
 282515169 98.20129067866844 98.20129067866844
 282515171 98.20109260318253 98.20109260318253
 282515202 97.72153819136673 97.72153819136673
 282515204 97.72134694606996 97.72134694606996
 282515234 97.31706121890778 97.31706121890778
 282515237 97.31688363398933 97.31688363398933
 282515268 96.98777096883225 96.98777096883225
 282515270 96.88036624413382 96.88036624413382
 282515301 96.37671492492626 96.37671492492626
 282515303 96.34337677158743 96.34337677158743
 282515333 95.82442582863905 95.82442582863905
 282515336 95.82428239466645 95.82428239466645
 282515367 95.43469523459811 95.43469523459811
 282515369 95.43455180062551 95.43455180062551
 282515399 95.10745404127363 95.10745404127363
 282515402 95.03945950808611 95.03945950808611
 282515432 94.83163734221017 94.83163734221017
 282515435 94.8315143988051 94.8315143988051
 282515465 94.60051740107531 94.60051740107531
 282515468 94.60040128785937 94.60040128785937
 282515499 94.43015882279678 94.43015882279678
 282515501 94.4300427095809 94.4300427095809
 282515531 94.35915217618538 94.35915217618538
 282515534 94.37217734693257 94.37217734693257
 282515564 94.4855789777223 94.4855789777223
 282515567 94.48546286450642 94.48546286450642
 282515597 94.78088903667697 94.78088903667697
 282515600 94.78077975365022 94.78077975365022
 282515630 95.06837852903197 95.06837852903197
 282515633 95.06828290638362 95.06828290638362
 282515663 95.33414801982633 95.33414801982633
 282515666 95.4754031620514 95.4754031620514
 282515696 95.96871357485554 95.96871357485554
 282515699 95.96862478239632 95.96862478239632
 282515729 96.58404531718202 96.58404531718202
 282515732 96.58397018510112 96.58397018510112
 282515762 97.2912089528993 97.2912089528993
 282515765 97.50661262875394 97.50661262875394
 282515795 98.13069384340719 98.13069384340719
 282515798 98.13063237170468 98.13063237170468
 282515828 98.66042965505505 98.66042965505505
 282515831 98.66038184373087 98.66038184373087
 282515861 99.26870581196886 99.26870581196886
 282515864 99.268671661023 99.268671661023
 282515894 99.78842856629348 99.78842856629348
 282515897 99.97048042843102 99.97048042843102
 282515927 100.18121225489341 100.18121225489341
 282515930 100.18117810394756 100.18117810394756
 282515961 100.12983557195656 100.12983557195656
 282515963 100.1298082511999 100.1298082511999
 282515994 99.94702555882117 99.94702555882117
 282515996 99.92482744401866 99.92482744401866
 282516027 99.54948805855895 99.54948805855895
 282516029 99.38757842428379 99.38757842428379
 282516060 99.1541498792094 99.1541498792094
 282516062 99.15411572826355 99.15411572826355
 282516093 99.44006159786613 99.44006159786613
 282516095 99.46114639183395 99.46114639183395
 282516126 99.91840706619882 99.91840706619882
 282516128 99.91837974544217 99.91837974544217
 282516159 100.11267813676147 100.11267813676147
 282516161 100.09543873929636 100.09543873929636
 282516191 100.09380632408477 100.09380632408477
 282516194 100.09377900332805 100.09377900332805
 282516225 99.98279525950454 99.98279525950454
 282516227 100.01148205401859 100.01148205401859
 282516258 99.9343623881 99.9343623881
 282516260 99.93434189753248 99.93434189753248
 282516291 99.96311748450574 99.96311748450574
 282516293 100.00866801608055 100.00866801608055
 282516323 100.2931795459574 100.2931795459574
 282516326 100.29315905538988 100.29315905538988
 282516356 100.54239948839285 100.54239948839285
 282516359 100.54238582801452 100.54238582801452
 282516390 100.54531597916844 100.54531597916844
 282516392 100.46079921837872 100.46079921837872
 282516423 100.30088399934118 100.30088399934118
 282516425 100.30087033896285 100.30087033896285
 282516456 100.1920585952954 100.1920585952954
 282516458 100.24254052345094 100.24254052345094
 282516489 100.24719871246486 100.24719871246486
 282516491 100.24718505208659 100.24718505208659
 282516522 100.37635758966985 100.37635758966985
 282516524 100.38154170324987 100.38154170324987
 282516555 100.64097277849447 100.64097277849447
 282516557 100.64095911811614 100.64095911811614
 282516588 100.88881985290675 100.88881985290675
 282516590 100.95352223491426 100.95352223491426
 282516621 101.07933431942593 101.07933431942593
 282516623 101.07932748923673 101.07932748923673
 282516654 101.19762636566134 101.19762636566134
 282516656 101.1730581752168 101.1730581752168
 282516687 101.37413894438197 101.37413894438197
 282516689 101.4398726849542 101.4398726849542
 282516720 101.521138275699 101.521138275699
 282516722 101.52113144550981 101.52113144550981
 282516753 101.5080789540059 101.5080789540059
 282516755 101.5080789540059 101.5080789540059
 282516786 101.50601623687658 101.50601623687658
 282516788 101.48838068843963 101.48838068843963
 282516819 101.65789915345016 101.65789915345016
 282516821 101.70749998720282 101.70749998720282
 282516851 101.86777720626628 101.86777720626628
 282516854 101.86777037607715 101.86777037607715
 282516885 101.91147675657606 101.91147675657606
 282516887 101.91146992638687 101.91146992638687
 282516918 101.80549954141412 101.80549954141412
 282516920 101.84091407226066 101.84091407226066
 282516951 101.73344787585967 101.73344787585967
 282516953 101.73344787585967 101.73344787585967
 282516984 101.54791261724546 101.54791261724546
 282516986 101.54791261724546 101.54791261724546
 282517017 101.41102879608923 101.41102879608923
 282517019 101.36564901924368 101.36564901924368
 282517050 101.42059106092722 101.42059106092722
 282517052 101.44920955354962 101.44920955354962
 282517083 101.58851126167201 101.58851126167201
 282517085 101.58851126167201 101.58851126167201
 282517116 101.65650579485947 101.65650579485947
 282517118 101.65650579485947 101.65650579485947
 282517149 101.82551199568229 101.82551199568229
 282517151 101.82551199568229 101.82551199568229
 282517182 102.0200904247576 102.0200904247576
 282517184 102.0200904247576 102.0200904247576
 282517215 102.10338458168587 102.10338458168587
 282517217 102.10338458168587 102.10338458168587
 282517248 102.0914522412059 102.0914522412059
 282517250 102.0914522412059 102.0914522412059
 282517281 102.09320076963343 102.09320076963343
 282517283 102.12932564015364 102.12932564015364
 282517314 102.2809831604846 102.2809831604846
 282517316 102.2809831604846 102.2809831604846
 282517347 102.46828743809385 102.46828743809385
 282517349 102.46828743809385 102.46828743809385
 282517380 102.70767873831358 102.70767873831358
 282517382 102.71388738026917 102.71388738026917
 282517413 103.06109321653759 103.06109321653759
 282517415 103.18626326326722 103.18626326326722
 282517446 103.65431563652066 103.65431563652066
 282517448 103.65431563652066 103.65431563652066
 282517479 104.19226816574007 104.19226816574007
 282517481 104.19226816574007 104.19226816574007
 282517512 104.90139206574912 104.90139206574912
 282517514 104.92990127534478 104.92990127534478
 282517545 105.73067265363704 105.73067265363704
 282517547 105.97094504825975 105.97094504825975
 282517578 106.76394367127659 106.76394367127659
 282517580 106.76394367127659 106.76394367127659
 282517611 107.5775421448302 107.5775421448302
 282517613 107.5775421448302 107.5775421448302
 282517644 108.48202311547993 108.48202311547993
 282517646 108.48202311547993 108.48202311547993
 282517677 109.72664067660719 109.72664067660719
 282517679 109.72664067660719 109.72664067660719
 282517710 110.67553153724037 110.67553153724037
 282517712 110.67553153724037 110.67553153724037
 282517743 111.5351245046648 111.5351245046648
 282517745 111.62471609600789 111.62471609600789
 282517776 112.36155690366883 112.36155690366883
 282517778 112.36155690366883 112.36155690366883
 282517809 112.83028546565015 112.83028546565015
 282517811 112.83028546565015 112.83028546565015
 282517842 113.098165484898 113.098165484898
 282517844 113.21556960654141 113.21556960654141
 282517875 113.40113901610147 113.40113901610147
 282517877 113.40113901610147 113.40113901610147
 282517908 113.54183408281455 113.54183408281455
 282517910 113.45065788758404 113.45065788758404
 282517940 113.53312559162282 113.53312559162282
 282517943 113.53312559162282 113.53312559162282
 282517974 113.62404223966485 113.62404223966485
 282517976 113.76552960832163 113.76552960832163
 282518007 113.9835150956826 113.9835150956826
 282518009 113.9835150956826 113.9835150956826
 282518039 114.25703685118492 114.25703685118492
 282518042 114.21011345158695 114.21011345158695
 282518073 114.4361858829252 114.4361858829252
 282518075 114.5684456660133 114.5684456660133
 282518106 114.61635261285181 114.61635261285181
 282518108 114.61635261285181 114.61635261285181
 282518138 114.7732147373303 114.7732147373303
 282518141 114.7732147373303 114.7732147373303
 282518172 115.13305642356329 115.13305642356329
 282518174 115.15875159522085 115.15875159522085
 282518205 115.45869252243278 115.45869252243278
 282518207 115.58062505949584 115.58062505949584
 282518237 116.32705545275155 116.32705545275155
 282518240 116.32705545275155 116.32705545275155
 282518270 117.01566146449386 117.01566146449386
 282518273 117.19409332637127 117.19409332637127
 282518303 117.86162137433496 117.86162137433496
 282518306 117.95557745655765 117.95557745655765
 282518336 118.46068360605847 118.46068360605847
 282518339 118.46068360605847 118.46068360605847
 282518369 118.62549607073083 118.62549607073083
 282518372 118.62549607073083 118.62549607073083
 282518403 118.618310711724 118.618310711724
 282518405 118.53809697011138 118.53809697011138
 282518437 118.79653766792632 118.79653766792632
 282518438 118.91151707241431 118.91151707241431
 282518469 119.440925034982 119.440925034982
 282518471 119.440925034982 119.440925034982
 282518502 120.03375813418245 120.03375813418245
 282518504 120.03375813418245 120.03375813418245
 282518534 120.36581461087178 120.36581461087178
 282518537 120.36581461087178 120.36581461087178
 282518568 120.36261808234019 120.36261808234019
 282518570 120.39030766923543 120.39030766923543
 282518601 120.58783674003223 120.58783674003223
 282518603 120.58783674003223 120.58783674003223
 282518633 120.58119779615896 120.58119779615896
 282518636 120.58119779615896 120.58119779615896
 282518667 120.53075001894922 120.53075001894922
 282518669 120.57439492774563 120.57439492774563
 282518700 120.69217470979333 120.69217470979333
 282518702 120.69217470979333 120.69217470979333
 282518732 120.42249152060452 120.42249152060452
 282518735 120.42249152060452 120.42249152060452
 282518766 120.16294433214404 120.16294433214404
 282518768 120.1592560299922 120.1592560299922
 282518799 120.33033860832273 120.33033860832273
 282518801 120.20116607073942 120.20116607073942
 282518831 120.01957866146546 120.01957866146546
 282518834 120.01957866146546 120.01957866146546
 282518865 119.59920783880784 119.59920783880784
 282518867 119.59920783880784 119.59920783880784
 282518898 119.07369308406709 119.07369308406709
 282518900 118.80638680070945 118.80638680070945
 282518930 118.38331122314054 118.38331122314054
 282518933 118.00579300733557 118.00579300733557
 282518964 117.16028388997972 117.16028388997972
 282518966 117.16028388997972 117.16028388997972
 282518997 116.24073552202088 116.24073552202088
 282518999 116.38825394771482 116.38825394771482
 282519030 115.39186595159339 115.39186595159339
 282519032 115.39186595159339 115.39186595159339
 282519063 113.72250624673973 113.72250624673973
 282519065 113.72250624673973 113.72250624673973
 282519096 112.43832822993977 112.43832822993977
 282519098 112.43832822993977 112.43832822993977
 282519129 111.12774470180858 111.12774470180858
 282519131 111.34743090627285 111.34743090627285
 282519162 109.9842002800192 109.9842002800192
 282519164 109.28142162574909 109.28142162574909
 282519195 107.77737298937723 107.77737298937723
 282519197 107.77737298937723 107.77737298937723
 282519227 105.99444089900464 105.99444089900464
 282519230 106.25523118189403 106.25523118189403
 282519261 104.35984685702635 104.35984685702635
 282519263 104.35984685702635 104.35984685702635
 282519293 102.40183652765876 102.40183652765876
 282519296 101.43977706230578 101.43977706230578
 282519326 99.3351908733498 99.3351908733498
 282519329 99.3351908733498 99.3351908733498
 282519359 97.07103780500393 97.07103780500393
 282519362 97.34829567398225 97.34829567398225
 282519392 94.95308493584218 94.95308493584218
 282519395 94.95308493584218 94.95308493584218
 282519425 92.52136000639922 92.52136000639922
 282519428 91.42522392763885 91.42522392763885
 282519458 88.89267857585736 88.89267857585736
 282519461 89.18361048355405 89.18361048355405
 282519491 86.37813760272797 86.37813760272797
 282519494 86.37813760272797 86.37813760272797
 282519524 83.47734260184524 83.47734260184524
 282519527 83.47734260184524 83.47734260184524
 282519558 80.79012761630878 80.79012761630878
 282519560 79.68679934835245 79.68679934835245
 282519590 77.21046645344012 77.21046645344012
 282519593 77.48192549181312 77.48192549181312
 282519623 75.1251004168085 75.1251004168085
 282519626 75.1251004168085 75.1251004168085
 282519656 72.91436625796132 72.91436625796132
 282519659 71.95107052836858 71.95107052836858
 282519690 69.83520086690368 69.83520086690368
 282519692 70.07235869526482 70.07235869526482
 282519722 67.93538374926464 67.93538374926464
 282519725 67.93538374926464 67.93538374926464
 282519755 65.75149223385557 65.75149223385557
 282519758 65.75149223385557 65.75149223385557
 282519788 63.84255681367455 63.84255681367455
 282519791 63.16302812333919 63.16302812333919
 282519821 61.70453684873132 61.70453684873132
 282519824 61.87109101164208 61.87109101164208
 282519854 60.42244203962821 60.42244203962821
 282519857 60.42244203962821 60.42244203962821
 282519887 59.14052481544354 59.14052481544354
 282519890 59.14052481544354 59.14052481544354
 282519920 57.85696834585809 57.85696834585809
 282519923 57.48564511163033 57.48564511163033
 282519953 56.588964217012744 56.588964217012744
 282519956 56.588964217012744 56.588964217012744
 282519986 55.71768479591839 55.71768479591839
 282519989 55.71768479591839 55.71768479591839
 282520020 54.69140447689438 54.69140447689438
 282520022 54.69140447689438 54.69140447689438
 282520053 53.918650534577466 53.918650534577466
 282520055 53.65755972336456 53.65755972336456
 282520086 52.857252797935814 52.857252797935814
 282520088 52.857252797935814 52.857252797935814
 282520119 52.03946400332643 52.03946400332643
 282520121 52.03946400332643 52.03946400332643
 282520151 51.53206291026453 51.53206291026453
 282520154 51.53206291026453 51.53206291026453
 282520184 51.12203640910491 51.12203640910491
 282520187 50.87615301407902 50.87615301407902
 282520217 49.934819757762455 49.934819757762455
 282520220 49.934819757762455 49.934819757762455
 282520250 48.75491140883196 48.75491140883196
 282520253 48.75491140883196 48.75491140883196
 282520284 47.246351432513336 47.246351432513336
 282520286 46.76145922786117 46.76145922786117
 282520317 45.49383075942018 45.49383075942018
 282520319 45.49383075942018 45.49383075942018
 282520350 43.55899867700106 43.55899867700106
 282520352 43.55899867700106 43.55899867700106
 282520383 41.317689176334284 41.317689176334284
 282520385 41.360022688810034 41.360022688810034
 282520416 39.158594662707 39.158594662707
 282520418 38.40533408028131 38.40533408028131
 282520449 36.42855097597999 36.42855097597999
 282520451 36.42855097597999 36.42855097597999
 282520482 34.38760165952095 34.38760165952095
 282520484 34.38760165952095 34.38760165952095
 282520515 32.63196983526086 32.63196983526086
 282520517 32.63196983526086 32.63196983526086
 282520547 31.25740109498497 31.25740109498497
 282520550 30.659540976555434 30.659540976555434
 282520581 28.852549544831447 28.852549544831447
 282520583 28.852549544831447 28.852549544831447
 282520614 27.373424268740962 27.373424268740962
 282520616 27.381331920252535 27.381331920252535
 282520646 26.5253862738449 26.5253862738449
 282520649 26.5253862738449 26.5253862738449
 282520680 26.533760085767312 26.533760085767312
 282520682 26.694450531275663 26.694450531275663
 282520713 27.496227654923246 27.496227654923246
 282520715 27.496227654923246 27.496227654923246
 282520746 28.757473311584818 28.757473311584818
 282520748 28.73489270618876 28.73489270618876
 282520778 29.400173621915542 29.400173621915542
 282520781 29.400173621915542 29.400173621915542
 282520812 29.242215252075255 29.242215252075255
 282520814 29.242215252075255 29.242215252075255
 282520844 29.613705825937643 29.613705825937643
 282520847 29.613705825937643 29.613705825937643
 282520877 31.920062633165003 31.920062633165003
 282520880 31.920062633165003 31.920062633165003
 282520911 35.20617592588485 35.20617592588485
 282520913 36.33211211999395 36.33211211999395
 282520943 37.787796186852916 37.787796186852916
 282520946 38.31407933787534 38.31407933787534
 282520976 38.71913346131919 38.71913346131919
 282520979 38.633178945709176 38.633178945709176
 282521009 38.62830219064176 38.62830219064176
 282521012 38.62830219064176 38.62830219064176
 282521042 38.72176308414964 38.72176308414964
 282521045 39.07073452431854 39.07073452431854
 282521075 40.648747279212444 40.648747279212444
 282521078 40.535386629557706 40.535386629557706
 282521108 43.06430856598456 43.06430856598456
 282521111 43.06430856598456 43.06430856598456
 282521141 46.12973161643214 46.12973161643214
 282521144 46.12973161643214 46.12973161643214
 282521175 49.01288765378331 49.01288765378331
 282521177 49.98824891254492 49.98824891254492
 282521208 52.06154600491311 52.06154600491311
 282521210 51.908215088235465 51.908215088235465
 282521240 53.701873990699596 53.701873990699596
 282521243 53.701873990699596 53.701873990699596
 282521274 54.52550942723849 54.52550942723849
 282521276 54.52550942723849 54.52550942723849
 282521307 53.9190057044143 53.9190057044143
 282521309 53.396988006528545 53.396988006528545
 282521339 51.63026395505642 51.63026395505642
 282521342 51.48110286886708 51.48110286886708
 282521373 49.60207343196697 49.60207343196697
 282521375 49.60207343196697 49.60207343196697
 282521406 48.51263093859325 48.51263093859325
 282521408 48.51263093859325 48.51263093859325
 282521438 47.95526701175271 47.95526701175271
 282521441 47.810074265471144 47.810074265471144
 282521472 47.733985958117216 47.733985958117216
 282521474 47.733985958117216 47.733985958117216
 282521505 47.53736871757462 47.53736871757462
 282521507 47.53736871757462 47.53736871757462
 282521537 47.63469549815272 47.63469549815272
 282521540 47.63469549815272 47.63469549815272
 282521571 48.019822544693056 48.019822544693056
 282521573 48.394673571627095 48.394673571627095
 282521604 49.59528422393197 49.59528422393197
 282521606 49.59528422393197 49.59528422393197
 282521636 51.552679836274194 51.552679836274194
 282521639 51.552679836274194 51.552679836274194
 282521670 52.73441184571311 52.73441184571311
 282521672 52.81663024784717 52.81663024784717
 282521703 52.549761096596455 52.549761096596455
 282521705 52.57022775844439 52.57022775844439
 282521736 52.766773282000656 52.766773282000656
 282521738 52.766773282000656 52.766773282000656
 282521769 53.07706536089978 53.07706536089978
 282521771 53.07706536089978 53.07706536089978
 282521802 53.73333384201669 53.73333384201669
 282521804 54.085341301271626 54.085341301271626
 282521834 54.95512491093774 54.95512491093774
 282521837 54.95512491093774 54.95512491093774
 282521868 55.52305172532971 55.52305172532971
 282521870 55.52305172532971 55.52305172532971
 282521901 56.20582134042627 56.20582134042627
 282521903 56.12625646678481 56.12625646678481
 282521933 56.65548684443405 56.65548684443405
 282521936 56.91244539119913 56.91244539119913
 282521967 57.61801417774518 57.61801417774518
 282521969 57.61801417774518 57.61801417774518
 282522000 58.43433106658841 58.43433106658841
 282522002 58.43433106658841 58.43433106658841
 282522032 58.90576438348103 58.90576438348103
 282522035 58.85593132329666 58.85593132329666
 282522066 58.905907817453624 58.905907817453624
 282522068 58.849060152991626 58.849060152991626
 282522099 58.44714450147137 58.44714450147137
 282522101 58.44714450147137 58.44714450147137
 282522131 57.71708607165624 57.71708607165624
 282522134 57.676808446120674 57.676808446120674
 282522165 56.787732967143825 56.787732967143825
 282522167 56.787732967143825 56.787732967143825
 282522198 55.697648435988185 55.697648435988185
 282522200 55.42054083117159 55.42054083117159
 282522230 54.36751690645235 54.36751690645235
 282522233 54.36751690645235 54.36751690645235
 282522263 53.344217965001064 53.344217965001064
 282522266 53.31283666085943 53.31283666085943
 282522296 52.10488014010224 52.10488014010224
 282522299 51.68146988326396 51.68146988326396
 282522329 50.56571067101822 50.56571067101822
 282522332 50.0241654622954 50.0241654622954
 282522363 48.19473344405333 48.19473344405333
 282522365 48.16355021539766 48.16355021539766
 282522396 45.88231825903216 45.88231825903216
 282522398 45.88231825903216 45.88231825903216
 282522429 42.72331820186082 42.72331820186082
 282522431 41.62041340563303 41.62041340563303
 282522462 39.299720031337756 39.299720031337756
 282522464 38.1599322135919 38.1599322135919
 282522495 33.982540705887914 33.982540705887914
 282522497 33.947932137363466 33.947932137363466
 282522528 28.915404360668447 28.915404360668447
 282522530 28.915404360668447 28.915404360668447
 282522561 23.50278167930412 23.50278167930412
 282522563 21.795977169873197 21.795977169873197
 282522594 17.29536232762399 17.29536232762399
 282522596 17.260461768512528 17.260461768512528
 282522627 12.633406464348013 12.633406464348013
 282522629 12.633406464348013 12.633406464348013
 282522660 8.660689259086269 8.660689259086269
 282522662 8.660689259086269 8.660689259086269
 282522693 5.928966199597085 5.928966199597085
 282522695 5.148399801530161 5.148399801530161
 282522726 3.099666630738227 3.099666630738227
 282522728 3.0561169177034344 3.0561169177034344
 282522759 1.7212204774479005 1.7212204774479005
 282522761 1.7212204774479005 1.7212204774479005
 282522792 0.8678596307542534 0.8678596307542534
 282522794 0.8678596307542534 0.8678596307542534
 282522824 0.9917446414245887 0.9917446414245887
 282522827 1.2992823398191717 1.2992823398191717
 282522858 2.5830238648425166 2.5830238648425166
 282522860 2.5830238648425166 2.5830238648425166
 282522891 4.18125654100055 4.18125654100055
 282522893 4.18125654100055 4.18125654100055
 282522924 5.938141278086505 5.938141278086505
 282522926 6.719776173871708 6.719776173871708
 282522957 9.161919276233107 9.161919276233107
 282522959 9.112009376420474 9.112009376420474
 282522990 10.864068157971019 10.864068157971019
 282522992 10.864068157971019 10.864068157971019
 282523023 12.359982892815026 12.359982892815026
 282523025 12.359982892815026 12.359982892815026
 282523056 14.220877323695106 14.220877323695106
 282523059 14.969083566134941 14.969083566134941
 282523089 17.146920118844776 17.146920118844776
 282523091 17.146920118844776 17.146920118844776
 282523122 19.244561712962195 19.244561712962195
 282523124 19.244561712962195 19.244561712962195
 282523155 21.063671607821107 21.063671607821107
 282523157 21.063671607821107 21.063671607821107
 282523188 22.578235320420163 22.578235320420163
 282523190 23.191384817306812 23.191384817306812
 282523220 25.08586243456216 25.08586243456216
 282523223 25.08586243456216 25.08586243456216
 282523253 26.704671909368585 26.704671909368585
 282523256 26.704671909368585 26.704671909368585
 282523286 29.095400335865804 29.095400335865804
 282523289 29.070295975571412 29.070295975571412
 282523319 32.27541688511326 32.27541688511326
 282523322 33.37050794493058 33.37050794493058
 282523353 36.63204963211132 36.63204963211132
 282523355 36.63204963211132 36.63204963211132
 282523386 39.93560381287682 39.93560381287682
 282523388 39.93560381287682 39.93560381287682
 282523419 42.87897479795083 42.87897479795083
 282523421 42.865222212057006 42.865222212057006
 282523452 45.163194962078194 45.163194962078194
 282523454 45.71761507738648 45.71761507738648
 282523485 46.616761670294466 46.616761670294466
 282523487 46.616761670294466 46.616761670294466
 282523517 47.37227621514626 47.37227621514626
 282523520 47.374120366222144 47.374120366222144
 282523550 47.81914134159433 47.81914134159433
 282523553 47.74079907181431 47.74079907181431
 282523583 47.45929282517221 47.45929282517221
 282523586 47.31622426772253 47.31622426772253
 282523616 46.9770131678776 46.9770131678776
 282523619 46.9770131678776 46.9770131678776
 282523649 46.48254162291454 46.48254162291454
 282523652 46.48926594415241 46.48926594415241
 282523682 45.99316539907227 45.99316539907227
 282523685 45.771187666141486 45.771187666141486
 282523715 45.533732724551385 45.533732724551385
 282523718 45.568802330844846 45.568802330844846
 282523748 45.79740876236514 45.79740876236514
 282523751 45.80719300835119 45.80719300835119
 282523781 45.66498846983154 45.66498846983154
 282523784 45.66498846983154 45.66498846983154
 282523814 45.48666247588625 45.48666247588625
 282523817 45.46669441784769 45.46669441784769
 282523847 45.259138629349366 45.259138629349366
 282523850 45.259138629349366 45.259138629349366
 282523880 45.29278072610629 45.29278072610629
 282523883 45.30227127395801 45.30227127395801
 282523913 45.68755882994384 45.68755882994384
 282523916 45.68755882994384 45.68755882994384
 282523946 45.87607546613077 45.87607546613077
 282523949 45.88562065549587 45.88562065549587
 282523979 45.539555460818804 45.539555460818804
 282523982 45.54306959314681 45.54306959314681
 282524012 45.6117915414809 45.6117915414809
 282524015 45.6117915414809 45.6117915414809
 282524045 45.25192936468045 45.25192936468045
 282524048 45.077554635169975 45.077554635169975
 282524078 44.719881533998546 44.719881533998546
 282524081 44.719881533998546 44.719881533998546
 282524111 45.139702526427925 45.139702526427925
 282524114 45.148096828917915 45.148096828917915
 282524144 45.882150919397475 45.882150919397475
 282524147 45.882150919397475 45.882150919397475
 282524177 46.452673205674046 46.452673205674046
 282524180 46.56163521350328 46.56163521350328
 282524210 46.69549326085718 46.69549326085718
 282524213 46.69549326085718 46.69549326085718
 282524243 46.79033726767199 46.79033726767199
 282524246 46.79033726767199 46.79033726767199
 282524276 46.777503342221564 46.777503342221564
 282524279 46.777503342221564 46.777503342221564
 282524309 47.23408441276399 47.23408441276399
 282524312 47.37812627217039 47.37812627217039
 282524342 47.41274850107317 47.41274850107317
 282524345 47.4134690860306 47.4134690860306
 282524375 47.72696110855583 47.72696110855583
 282524378 47.72696110855583 47.72696110855583
 282524408 47.947968954624514 47.947968954624514
 282524411 47.947968954624514 47.947968954624514
 282524441 47.44497333357731 47.44497333357731
 282524444 47.204123787969706 47.204123787969706
 282524474 46.410151862996145 46.410151862996145
 282524477 46.410151862996145 46.410151862996145
 282524507 44.93122807748625 44.93122807748625
 282524510 44.93122807748625 44.93122807748625
 282524540 42.892542968737075 42.892542968737075
 282524543 42.892542968737075 42.892542968737075
 282524573 40.417104828606 40.417104828606
 282524576 39.54110233170064 39.54110233170064
 282524606 37.1914626157029 37.1914626157029
 282524609 37.1914626157029 37.1914626157029
 282524639 34.28919229395939 34.28919229395939
 282524642 34.28919229395939 34.28919229395939
 282524672 30.77456819236761 30.77456819236761
 282524675 30.77456819236761 30.77456819236761
 282524706 27.135967619603605 27.135967619603605
 282524708 25.89851151182114 25.89851151182114
 282524738 22.437687102774248 22.437687102774248
 282524741 22.437687102774248 22.437687102774248
 282524771 19.550907650068325 19.550907650068325
 282524774 19.550907650068325 19.550907650068325
 282524804 16.752628665985583 16.752628665985583
 282524807 16.774850686450236 16.774850686450236
 282524837 14.259965642541431 14.259965642541431
 282524840 13.567453616367459 13.567453616367459
 282524870 11.647926280331092 11.647926280331092
 282524873 11.647926280331092 11.647926280331092
 282524903 10.5259908695283 10.5259908695283
 282524906 10.56262117404708 10.56262117404708
 282524936 10.148125167849344 10.148125167849344
 282524939 10.19528506274736 10.19528506274736
 282524969 9.818232153579629 9.818232153579629
 282524972 9.589541198468282 9.589541198468282
 282525002 9.353317398476122 9.353317398476122
 282525005 9.353317398476122 9.353317398476122
 282525035 9.939115402831419 9.939115402831419
 282525038 10.011534191053784 10.011534191053784
 282525068 11.241011784112061 11.241011784112061
 282525071 11.580216907541455 11.580216907541455
 282525102 13.283197364810803 13.283197364810803
 282525104 13.283197364810803 13.283197364810803
 282525134 15.874350008539295 15.874350008539295
 282525137 15.874350008539295 15.874350008539295
 282525167 18.28481938928519 18.28481938928519
 282525170 18.380283235767138 18.380283235767138
 282525201 20.08047782962882 20.08047782962882
 282525203 20.297729071653976 20.297729071653976
 282525233 20.88426302889235 20.88426302889235
 282525236 20.88426302889235 20.88426302889235
 282525266 22.731856520137512 22.731856520137512
 282525269 22.83886680141137 22.83886680141137
 282525300 25.888957784719594 25.888957784719594
 282525302 25.888957784719594 25.888957784719594
 282525332 29.044259294455344 29.044259294455344
 282525335 29.962499681188092 29.962499681188092
 282525366 33.079582867423085 33.079582867423085
 282525368 33.18450140326365 33.18450140326365
 282525399 36.07847304516554 36.07847304516554
 282525401 36.07847304516554 36.07847304516554
 282525431 38.803725354189794 38.803725354189794
 282525434 39.56376148427216 39.56376148427216
 282525465 41.36807889693608 41.36807889693608
 282525467 42.14792599070603 42.14792599070603
 282525498 45.10318492003046 45.10318492003046
 282525500 45.21231426749432 45.21231426749432
 282525530 48.56075986657976 48.56075986657976
 282525533 48.56075986657976 48.56075986657976
 282525563 52.17472223946021 52.17472223946021
 282525566 53.223852956352516 53.223852956352516
 282525596 56.76081519162483 56.76081519162483
 282525599 56.86759153891967 56.86759153891967
 282525629 59.95216985489452 59.95216985489452
 282525632 59.95216985489452 59.95216985489452
 282525662 61.66632877051427 61.66632877051427
 282525665 61.66632877051427 61.66632877051427
 282525695 62.0281785323632 62.0281785323632
 282525698 61.783159156267345 61.783159156267345
 282525728 60.93226101965632 60.93226101965632
 282525731 61.0154868746929 61.0154868746929
 282525761 59.71977266838485 59.71977266838485
 282525764 59.71977266838485 59.71977266838485
 282525794 58.00060039391428 58.00060039391428
 282525797 58.00060039391428 58.00060039391428
 282525827 56.306737385413214 56.306737385413214
 282525830 55.8037759153118 55.8037759153118
 282525860 54.261635313938825 54.261635313938825
 282525863 54.261635313938825 54.261635313938825
 282525894 52.696418918454924 52.696418918454924
 282525896 52.696418918454924 52.696418918454924
 282525926 51.52233330579185 51.52233330579185
 282525929 51.52233330579185 51.52233330579185
 282525960 50.765001930620826 50.765001930620826
 282525962 50.573182897970185 50.573182897970185
 282525992 50.25862878102902 50.25862878102902
 282525995 50.25862878102902 50.25862878102902
 282526025 50.32825914452269 50.32825914452269
 282526028 50.32825914452269 50.32825914452269
 282526058 50.54792485841949 50.54792485841949
 282526061 50.54792485841949 50.54792485841949
 282526091 51.098605445157204 51.098605445157204
 282526094 51.21653207627202 51.21653207627202
 282526124 51.270685231106484 51.270685231106484
 282526127 51.270685231106484 51.270685231106484
 282526157 51.69361737470285 51.69361737470285
 282526160 51.69361737470285 51.69361737470285
 282526190 52.23066490385719 52.23066490385719
 282526193 52.3837943299543 52.3837943299543
 282526223 52.77622967890653 52.77622967890653
 282526226 52.95302912557236 52.95302912557236
 282526256 53.37194170284215 53.37194170284215
 282526259 53.37194170284215 53.37194170284215
 282526289 53.36373523055437 53.36373523055437
 282526292 53.403193233389516 53.403193233389516
 282526322 53.240204429225514 53.240204429225514
 282526325 53.15704004589145 53.15704004589145
 282526355 53.29112690458254 53.29112690458254
 282526358 53.29112690458254 53.29112690458254
 282526388 53.63233924985428 53.63233924985428
 282526391 53.63233924985428 53.63233924985428
 282526421 54.188009289780666 54.188009289780666
 282526424 54.2084759516286 54.2084759516286
 282526454 54.388837341946555 54.388837341946555
 282526457 54.367909642329664 54.367909642329664
 282526487 54.35659543396952 54.35659543396952
 282526490 54.35659543396952 54.35659543396952
 282526521 54.1735429491186 54.1735429491186
 282526523 54.19060476166527 54.19060476166527
 282526554 53.50055416491347 53.50055416491347
 282526556 53.51896493982122 53.51896493982122
 282526587 52.652944764387826 52.652944764387826
 282526589 52.20031154318565 52.20031154318565
 282526620 50.30886140727989 50.30886140727989
 282526622 50.30886140727989 50.30886140727989
 282526652 47.784928924041765 47.784928924041765
 282526655 47.80059396290318 47.80059396290318
 282526686 44.301846636037055 44.301846636037055
 282526688 44.301846636037055 44.301846636037055
 282526719 40.59488099232311 40.59488099232311
 282526721 39.43525147503834 39.43525147503834
 282526751 36.13425861521159 36.13425861521159
 282526754 36.13425861521159 36.13425861521159
 282526784 32.325379718891895 32.325379718891895
 282526787 32.35571941918511 32.35571941918511
 282526818 28.781129671775204 28.781129671775204
 282526820 28.781129671775204 28.781129671775204
 282526850 26.062845863251653 26.062845863251653
 282526853 25.213231802204575 25.213231802204575
 282526883 23.400443247422515 23.400443247422515
 282526886 23.43915846718545 23.43915846718545
 282526916 21.957753615459524 21.957753615459524
 282526919 21.957753615459524 21.957753615459524
 282526949 21.584102994272087 21.584102994272087
 282526952 21.740066948874755 21.740066948874755
 282526983 22.96257348011136 22.96257348011136
 282526985 22.96257348011136 22.96257348011136
 282527015 24.698956123743073 24.698956123743073
 282527018 24.75154687280485 24.75154687280485
 282527048 26.164830832843677 26.164830832843677
 282527051 26.164830832843677 26.164830832843677
 282527081 26.398886047774397 26.398886047774397
 282527084 26.088397600936673 26.088397600936673
 282527115 25.029002817269088 25.029002817269088
 282527117 25.098124331669624 25.098124331669624
 282527147 24.18609600198704 24.18609600198704
 282527150 24.18609600198704 24.18609600198704
 282527180 24.69706416134295 24.69706416134295
 282527183 24.69706416134295 24.69706416134295
 282527213 26.272594142473565 26.272594142473565
 282527216 26.80129176536758 26.80129176536758
 282527246 28.41449877750722 28.41449877750722
 282527249 28.490330952767295 28.490330952767295
 282527279 30.58424497114521 30.58424497114521
 282527282 30.58424497114521 30.58424497114521
 282527312 32.866774663452986 32.866774663452986
 282527315 32.866774663452986 32.866774663452986
 282527345 35.295227932283524 35.295227932283524
 282527348 36.11671868942301 36.11671868942301
 282527378 38.815377656913824 38.815377656913824
 282527381 38.815377656913824 38.815377656913824
 282527411 42.79826928271797 42.79826928271797
 282527414 42.79826928271797 42.79826928271797
 282527444 46.56869421401052 46.56869421401052
 282527447 46.56869421401052 46.56869421401052
 282527477 49.88223071624793 49.88223071624793
 282527480 49.94177972052671 49.94177972052671
 282527510 52.042185833710676 52.042185833710676
 282527513 52.042185833710676 52.042185833710676
 282527543 54.66297722956875 54.66297722956875
 282527546 54.66297722956875 54.66297722956875
 282527576 57.31341506151932 57.31341506151932
 282527579 58.0955741743233 58.0955741743233
 282527609 59.491384802917935 59.491384802917935
 282527612 60.09365039336217 60.09365039336217
 282527642 61.86717731324768 61.86717731324768
 282527645 61.86717731324768 61.86717731324768
 282527675 63.720009559586174 63.720009559586174
 282527678 63.720009559586174 63.720009559586174
 282527708 65.18274921185775 65.18274921185775
 282527711 65.57870210823262 65.57870210823262
 282527741 67.04060164723626 67.04060164723626
 282527744 67.04060164723626 67.04060164723626
 282527774 69.05186696156244 69.05186696156244
 282527777 69.05186696156244 69.05186696156244
 282527807 70.84274256193976 70.84274256193976
 282527810 70.86880656381254 70.86880656381254
 282527840 72.213950849144 72.213950849144
 282527843 72.46328007460613 72.46328007460613
 282527874 72.76000398271901 72.76000398271901
 282527876 72.76000398271901 72.76000398271901
 282527907 72.58414027196955 72.58414027196955
 282527909 72.58414027196955 72.58414027196955
 282527939 71.76302859032893 71.76302859032893
 282527942 71.77384077978508 71.77384077978508
 282527972 70.6748018706275 70.6748018706275
 282527975 70.20683145964404 70.20683145964404
 282528006 68.96730238944849 68.96730238944849
 282528008 68.96730238944849 68.96730238944849
 282528038 68.27890128338123 68.27890128338123
 282528041 68.2880059255449 68.2880059255449
 282528071 67.30593400592375 67.30593400592375
 282528074 67.015842211495 67.015842211495
 282528104 66.6958888300149 66.6958888300149
 282528107 66.60073063449829 66.60073063449829
 282528137 66.46110790748492 66.46110790748492
 282528140 66.46110790748492 66.46110790748492
 282528170 66.14683041320507 66.14683041320507
 282528173 66.15365377218592 66.15365377218592
 282528203 65.69291653153357 65.69291653153357
 282528206 65.62570747010062 65.62570747010062
 282528236 65.80898876628873 65.80898876628873
 282528239 65.96891081551541 65.96891081551541
 282528269 66.28748449878316 66.28748449878316
 282528272 66.28874808377964 66.28874808377964
 282528302 66.56500874513915 66.56500874513915
 282528305 66.56500874513915 66.56500874513915
 282528335 66.68623094252848 66.68623094252848
 282528338 66.68623094252848 66.68623094252848
 282528368 66.16941784879032 66.16941784879032
 282528371 66.16941784879032 66.16941784879032
 282528401 65.73882223294521 65.73882223294521
 282528404 65.74429321447042 65.74429321447042
 282528434 65.62481271531936 65.62481271531936
 282528437 65.62481271531936 65.62481271531936
 282528467 65.67736419079341 65.67736419079341
 282528470 65.77937306604758 65.77937306604758
 282528500 66.25382532655334 66.25382532655334
 282528503 66.25280079817782 66.25280079817782
 282528533 66.61952048490502 66.61952048490502
 282528536 66.61952048490502 66.61952048490502
 282528566 66.73817453116646 66.73817453116646
 282528569 66.73817453116646 66.73817453116646
 282528599 66.65908094057772 66.65908094057772
 282528602 66.573881160871 66.573881160871
 282528632 66.2291205323254 66.2291205323254
 282528635 66.2275222680596 66.2275222680596
 282528665 66.09012618271561 66.09012618271561
 282528668 66.09012618271561 66.09012618271561
 282528698 66.46528115306774 66.46528115306774
 282528701 66.46528115306774 66.46528115306774
 282528731 67.129817578175 67.129817578175
 282528734 67.129817578175 67.129817578175
 282528764 67.80112272074967 67.80112272074967
 282528767 67.80112272074967 67.80112272074967
 282528797 69.4177875161567 69.4177875161567
 282528800 69.4177875161567 69.4177875161567
 282528830 70.97654596778034 70.97654596778034
 282528833 70.80674063482462 70.80674063482462
 282528863 70.14419862495504 70.14419862495504
 282528866 70.1380651150804 70.1380651150804
 282528896 70.87741260216671 70.87741260216671
 282528899 70.87741260216671 70.87741260216671
 282528929 72.32319972491837 72.32319972491837
 282528932 72.32319972491837 72.32319972491837
 282528962 72.37936437046335 72.37936437046335
 282528965 72.38202814423971 72.38202814423971
 282528995 72.63899352119392 72.63899352119392
 282528998 72.90619735171396 72.90619735171396
 282529028 73.56830905966581 73.56830905966581
 282529031 73.56830905966581 73.56830905966581
 282529061 73.73137299591076 73.73137299591076
 282529064 73.73137299591076 73.73137299591076
 282529094 73.45868452348714 73.45868452348714
 282529097 73.26567703792091 73.26567703792091
 282529127 72.26507481508156 72.26507481508156
 282529130 72.26507481508156 72.26507481508156
 282529160 70.79944599279105 70.79944599279105
 282529163 70.79944599279105 70.79944599279105
 282529193 68.54890549146103 68.54890549146103
 282529196 68.54890549146103 68.54890549146103
 282529226 64.4767535384886 64.4767535384886
 282529229 62.57848687379112 62.57848687379112
 282529259 54.96724849671449 54.96724849671449
 282529262 54.96724849671449 54.96724849671449
 282529292 46.67528956129229 46.67528956129229
 282529295 46.67528956129229 46.67528956129229
 282529325 42.617214628199235 42.617214628199235
 282529328 42.57388049301011 42.57388049301011
 282529358 40.65742161945832 40.65742161945832
 282529361 39.37090426286767 39.37090426286767
