name=GpsLocations vendor=Google current_time_ms=1561445543546
recordedAtMs deviceDirectionDegrees deviceDirectionDegrees northDirectionRadians northDirectionDegrees
 281251020 0.0 0.0
 281251038 0.0 0.0
 281251053 119.11444199265537 119.11444199265537
 281251072 119.34972834918398 119.34972834918398
 281251086 119.48772549117496 119.48772549117496
 281251104 119.72847599903952 119.72847599903952
 281251119 120.0561338339034 120.0561338339034
 281251138 120.31953324905578 120.31953324905578
 281251152 120.48446865713322 120.48446865713322
 281251171 120.88168513850451 120.88168513850451
 281251185 121.06037654757034 121.06037654757034
 281251203 121.53976020465689 121.53976020465689
 281251218 121.80421146894145 121.80421146894145
 281251236 121.87327834182861 121.87327834182861
 281251251 121.91759260916365 121.91759260916365
 281251269 121.93506423306053 121.93506423306053
 281251284 121.87439849285249 121.87439849285249
 281251302 121.9498037812894 121.9498037812894
 281251317 121.97566287748708 121.97566287748708
 281251335 122.13430085114982 122.13430085114982
 281251350 122.2103481773687 122.2103481773687
 281251368 122.27776214447675 122.27776214447675
 281251383 122.23678100945665 122.23678100945665
 281251401 122.23918523604453 122.23918523604453
 281251416 122.19265798741839 122.19265798741839
 281251434 122.25137029352379 122.25137029352379
 281251449 122.2576404071819 122.2576404071819
 281251467 122.3821410953729 122.3821410953729
 281251482 122.46163083693352 122.46163083693352
 281251500 122.53090261549573 122.53090261549573
 281251515 122.56506722172418 122.56506722172418
 281251533 122.60220979043072 122.60220979043072
 281251548 122.5739191468885 122.5739191468885
 281251566 122.56815446722902 122.56815446722902
 281251581 122.53877099341963 122.53877099341963
 281251599 122.55624261731651 122.55624261731651
 281251614 122.55147514527584 122.55147514527584
 281251632 122.58038050584332 122.58038050584332
 281251647 122.55396133413376 122.55396133413376
 281251665 122.57943793973789 122.57943793973789
 281251680 122.57607748666624 122.57607748666624
 281251698 122.65457002060805 122.65457002060805
 281251713 122.68134436215445 122.68134436215445
 281251731 122.71994859134338 122.71994859134338
 281251746 122.69496375935944 122.69496375935944
 281251764 122.70548225068131 122.70548225068131
 281251779 122.69161696666617 122.69161696666617
 281251797 122.71410194941382 122.71410194941382
 281251812 122.7103043642353 122.7103043642353
 281251830 122.75915387717924 122.75915387717924
 281251845 122.7790024069073 122.7790024069073
 281251863 122.80618655980396 122.80618655980396
 281251878 122.80961531476731 122.80961531476731
 281251896 122.90577071790278 122.90577071790278
 281251911 122.9235292097448 122.9235292097448
 281251929 123.01087366885088 123.01087366885088
 281251944 123.02736174550733 123.02736174550733
 281251962 123.0983000902271 123.0983000902271
 281251977 123.1092420532774 123.1092420532774
 281251996 123.14072922535115 123.14072922535115
 281252010 123.13161775299841 123.13161775299841
 281252029 123.18202454907305 123.18202454907305
 281252043 123.19606741800663 123.19606741800663
 281252062 123.27733300875144 123.27733300875144
 281252076 123.32271278559699 123.32271278559699
 281252095 123.42442796271683 123.42442796271683
 281252109 123.57507461505065 123.57507461505065
 281252128 123.72017515377837 123.72017515377837
 281252142 123.88062995776033 123.88062995776033
 281252161 124.0212635527709 124.0212635527709
 281252175 124.0830357836245 124.0830357836245
 281252194 124.24750673883841 124.24750673883841
 281252208 124.33121753730609 124.33121753730609
 281252227 124.53087762712391 124.53087762712391
 281252241 124.71183665899423 124.71183665899423
 281252260 124.97702558370912 124.97702558370912
 281252274 125.09890347925881 125.09890347925881
 281252293 125.36049972447029 125.36049972447029
 281252307 125.48255520493842 125.48255520493842
 281252326 125.59840887364021 125.59840887364021
 281252340 125.6925015596463 125.6925015596463
 281252358 125.85072972195883 125.85072972195883
 281252373 125.95830520138651 125.95830520138651
 281252391 126.11295434457395 126.11295434457395
 281252406 126.19553133163936 126.19553133163936
 281252424 126.40523179953709 126.40523179953709
 281252439 126.54370705476992 126.54370705476992
 281252457 126.71338261413143 126.71338261413143
 281252472 126.75814767395167 126.75814767395167
 281252491 126.88748413607505 126.88748413607505
 281252505 126.91938111949901 126.91938111949901
 281252523 127.04788429854364 127.04788429854364
 281252538 127.17467993029572 127.17467993029572
 281252557 127.23628823660925 127.23628823660925
 281252571 127.33350914925518 127.33350914925518
 281252590 127.34677337662339 127.34677337662339
 281252604 127.20646763069294 127.20646763069294
 281252623 127.23887004811553 127.23887004811553
 281252637 127.09714362283773 127.09714362283773
 281252656 127.13816573899283 127.13816573899283
 281252670 127.27774748487121 127.27774748487121
 281252689 127.49915489700635 127.49915489700635
 281252703 127.61047332009923 127.61047332009923
 281252722 127.79163725764465 127.79163725764465
 281252736 127.81130820245426 127.81130820245426
 281252755 127.95371764664907 127.95371764664907
 281252769 128.0385349357623 128.0385349357623
 281252788 128.08227546720707 128.08227546720707
 281252802 128.2617045367033 128.2617045367033
 281252821 128.5213063666771 128.5213063666771
 281252835 128.66284154665811 128.66284154665811
 281252854 128.89456254443996 128.89456254443996
 281252868 128.97274088967993 128.97274088967993
 281252887 129.1358594674382 129.1358594674382
 281252901 129.29302212024015 129.29302212024015
 281252920 129.46567564207976 129.46567564207976
 281252934 129.57499964993497 129.57499964993497
 281252953 129.82819476246732 129.82819476246732
 281252967 129.93384412854914 129.93384412854914
 281252986 130.12749365189734 130.12749365189734
 281253000 130.24219984881847 130.24219984881847
 281253019 130.29208755051627 130.29208755051627
 281253033 130.41978476723887 130.41978476723887
 281253052 130.55283685227067 130.55283685227067
 281253066 130.5975472705776 130.5975472705776
 281253085 130.64468923622906 130.64468923622906
 281253099 130.6520248593976 130.6520248593976
 281253118 130.71176169387854 130.71176169387854
 281253132 130.74807097950634 130.74807097950634
 281253151 130.76449075427104 130.76449075427104
 281253165 130.76040630114738 130.76040630114738
 281253184 130.71965739255904 130.71965739255904
 281253198 130.70068312704478 130.70068312704478
 281253217 130.73286697841388 130.73286697841388
 281253231 130.78963951079504 130.78963951079504
 281253250 130.93143423796448 130.93143423796448
 281253264 131.1280207426558 131.1280207426558
 281253283 131.35956415551925 131.35956415551925
 281253297 131.47386054109023 131.47386054109023
 281253316 131.63607753387805 131.63607753387805
 281253330 131.67328840447624 131.67328840447624
 281253349 131.7287495405368 131.7287495405368
 281253363 131.74292901325373 131.74292901325373
 281253382 131.7250612383849 131.7250612383849
 281253396 131.55552228280692 131.55552228280692
 281253415 131.174711915822 131.174711915822
 281253429 130.94986208834518 130.94986208834518
 281253448 130.5096290755812 130.5096290755812
 281253462 130.3015541927059 130.3015541927059
 281253480 130.0533860994027 130.0533860994027
 281253495 129.9048021641982 129.9048021641982
 281253514 129.79816925087596 129.79816925087596
 281253528 129.75494781380814 129.75494781380814
 281253547 129.72500426448676 129.72500426448676
 281253561 129.7169992827795 129.7169992827795
 281253580 129.72695769858944 129.72695769858944
 281253594 129.7194718112591 129.7194718112591
 281253613 129.86031031194477 129.86031031194477
 281253627 130.05047643881625 130.05047643881625
 281253646 130.1715073909089 130.1715073909089
 281253660 130.1637619563901 130.1637619563901
 281253679 130.01841553085217 130.01841553085217
 281253693 129.91547091968175 129.91547091968175
 281253712 129.7456860772936 129.7456860772936
 281253726 129.65159339128752 129.65159339128752
 281253745 129.56745912109125 129.56745912109125
 281253759 129.5497552707626 129.5497552707626
 281253778 129.55822470533343 129.55822470533343
 281253792 129.55677670522937 129.55677670522937
 281253811 129.50941617352453 129.50941617352453
 281253825 129.44962469753023 129.44962469753023
 281253844 129.2358261161305 129.2358261161305
 281253858 128.94230556673836 128.94230556673836
 281253877 128.8331454834232 128.8331454834232
 281253891 128.62863595929468 128.62863595929468
 281253910 128.50607504482798 128.50607504482798
 281253924 128.46946523087672 128.46946523087672
 281253943 128.4120506607136 128.4120506607136
 281253957 128.40511118851686 128.40511118851686
 281253976 128.3510707318037 128.3510707318037
 281253990 128.36463548749532 128.36463548749532
 281254009 128.40009782966604 128.40009782966604
 281254023 128.3734464315247 128.3734464315247
 281254042 128.32929608872973 128.32929608872973
 281254056 128.31443359709579 128.31443359709579
 281254075 128.30548604928305 128.30548604928305
 281254089 128.30116936972763 128.30116936972763
 281254108 128.27903955681677 128.27903955681677
 281254122 128.28235902875338 128.28235902875338
 281254141 128.3076307286824 128.3076307286824
 281254155 128.37459390330525 128.37459390330525
 281254174 128.45060024838915 128.45060024838915
 281254188 128.51653889463648 128.51653889463648
 281254207 128.64042486580217 128.64042486580217
 281254221 128.69972456817618 128.69972456817618
 281254240 128.8157694821747 128.8157694821747
 281254254 128.87541069400726 128.87541069400726
 281254273 128.95946300193344 128.95946300193344
 281254287 129.00313523148645 129.00313523148645
 281254306 129.14100943007236 129.14100943007236
 281254320 129.2187916243405 129.2187916243405
 281254339 129.41096582682792 129.41096582682792
 281254353 129.67775301580866 129.67775301580866
 281254372 129.7812303817343 129.7812303817343
 281254386 130.05527123161357 130.05527123161357
 281254405 130.38049751913292 130.38049751913292
 281254419 130.47640703545824 130.47640703545824
 281254437 130.78839641636608 130.78839641636608
 281254452 130.9652983158694 130.9652983158694
 281254471 131.3871307990094 131.3871307990094
 281254485 131.92846427186794 131.92846427186794
 281254503 132.11655402123176 132.11655402123176
 281254518 132.58144401689947 132.58144401689947
 281254537 132.97952110210616 132.97952110210616
 281254551 133.11122080968232 133.11122080968232
 281254570 133.26413508482062 133.26413508482062
 281254584 133.2945567473838 133.2945567473838
 281254603 133.28581410524623 133.28581410524623
 281254617 133.23886338489154 133.23886338489154
 281254636 133.2101082884858 133.2101082884858
 281254650 133.18847024919523 133.18847024919523
 281254669 133.34548263783546 133.34548263783546
 281254683 133.4788625719475 133.4788625719475
 281254701 133.8694810905805 133.8694810905805
 281254716 134.12789446763873 134.12789446763873
 281254735 134.7050591128832 134.7050591128832
 281254749 134.84315187752247 134.84315187752247
 281254768 135.47025886597805 135.47025886597805
 281254782 135.83780500559476 135.83780500559476
 281254800 135.8380508924049 135.8380508924049
 281254815 136.14632465040427 136.14632465040427
 281254833 136.20684012645057 136.20684012645057
 281254848 136.23354616610527 136.23354616610527
 281254867 136.1073515910001 136.1073515910001
 281254881 135.71497088356125 135.71497088356125
 281254899 135.1000352922067 135.1000352922067
 281254914 134.73834945489784 134.73834945489784
 281254933 133.94622509609474 133.94622509609474
 281254947 133.51099178180323 133.51099178180323
 281254965 132.63286168097136 132.63286168097136
 281254980 132.00417008862837 132.00417008862837
 281254998 131.57731058625927 131.57731058625927
 281255013 131.22622520254225 131.22622520254225
 281255032 131.08485394710135 131.08485394710135
 281255046 131.05594858653382 131.05594858653382
 281255065 130.90136774523808 130.90136774523808
 281255079 130.71281354301072 130.71281354301072
 281255097 130.06749727022793 130.06749727022793
 281255112 129.39369910860614 129.39369910860614
 281255131 128.52722131049836 128.52722131049836
 281255145 127.96799274201436 127.96799274201436
 281255164 127.18032166655019 127.18032166655019
 281255178 126.79998941280718 126.79998941280718
 281255196 125.97346822134392 125.97346822134392
 281255211 125.23967367805278 125.23967367805278
 281255230 124.16292167615694 124.16292167615694
 281255244 123.3323023711917 123.3323023711917
 281255263 122.54729506950378 122.54729506950378
 281255277 121.798528751552 121.798528751552
 281255296 120.90412914011716 120.90412914011716
 281255310 120.49486420505002 120.49486420505002
 281255329 119.72264301748834 119.72264301748834
 281255343 119.12972795601786 119.12972795601786
 281255362 118.4340868494304 118.4340868494304
 281255376 117.98573957193241 117.98573957193241
 281255395 117.39029734046909 117.39029734046909
 281255409 116.89248583300184 116.89248583300184
 281255428 116.128693098876 116.128693098876
 281255442 115.53217169752378 115.53217169752378
 281255461 115.01586403778418 115.01586403778418
 281255475 114.49741852883437 114.49741852883437
 281255494 113.93655071494959 113.93655071494959
 281255508 113.67252292239357 113.67252292239357
 281255527 113.22563047518884 113.22563047518884
 281255541 112.97889672161125 112.97889672161125
 281255560 112.48277227086908 112.48277227086908
 281255574 112.07046107143208 112.07046107143208
 281255593 111.47939016103749 111.47939016103749
 281255607 111.21420806651179 111.21420806651179
 281255626 110.77825075216822 110.77825075216822
 281255640 110.59911538080627 110.59911538080627
 281255659 110.30370286901405 110.30370286901405
 281255673 110.02329628282837 110.02329628282837
 281255692 109.82405283454989 109.82405283454989
 281255706 109.52101783164392 109.52101783164392
 281255725 109.06605893102937 109.06605893102937
 281255739 108.70181177278175 108.70181177278175
 281255758 108.38009620249585 108.38009620249585
 281255772 108.07337289743805 108.07337289743805
 281255791 107.76908796991404 107.76908796991404
 281255805 107.52784568842912 107.52784568842912
 281255824 107.31714118272345 107.31714118272345
 281255838 107.19489445695854 107.19489445695854
 281255857 106.88496779318007 106.88496779318007
 281255871 106.61348826423955 106.61348826423955
 281255890 106.34127790505784 106.34127790505784
 281255904 106.00530089978497 106.00530089978497
 281255923 105.80704782893616 105.80704782893616
 281255937 105.62481838188023 105.62481838188023
 281255956 105.44717882194652 105.44717882194652
 281255970 105.36393247634237 105.36393247634237
 281255989 105.17266668901453 105.17266668901453
 281256003 104.96021365488127 104.96021365488127
 281256022 104.73885405407032 104.73885405407032
 281256036 104.36377421579908 104.36377421579908
 281256055 104.02684098404234 104.02684098404234
 281256069 103.90234712604052 103.90234712604052
 281256088 103.6969769980766 103.6969769980766
 281256102 103.60821868981225 103.60821868981225
 281256121 103.50357336153854 103.50357336153854
 281256135 103.42654931826826 103.42654931826826
 281256154 103.36220893628678 103.36220893628678
 281256168 103.223897605594 103.223897605594
 281256187 103.02724279901099 103.02724279901099
 281256201 102.94685830266911 102.94685830266911
 281256220 102.82760319976069 102.82760319976069
 281256234 102.75600915688062 102.75600915688062
 281256253 102.66087828212068 102.66087828212068
 281256267 102.56619136965679 102.56619136965679
 281256286 102.46433958875355 102.46433958875355
 281256300 102.4151144154053 102.4151144154053
 281256319 102.3205367859681 102.3205367859681
 281256333 102.29467768977042 102.29467768977042
 281256352 102.2715848201866 102.2715848201866
 281256366 102.29031319889083 102.29031319889083
 281256385 102.3976837726434 102.3976837726434
 281256399 102.52757348008953 102.52757348008953
 281256418 102.67169047157682 102.67169047157682
 281256432 102.71168122916725 102.71168122916725
 281256451 102.82164044461524 102.82164044461524
 281256465 102.9175977722648 102.9175977722648
 281256484 103.19667247156235 103.19667247156235
 281256498 103.29294398791365 103.29294398791365
 281256517 103.6338182388215 103.6338182388215
 281256531 104.08340861074839 104.08340861074839
 281256550 104.37300863155696 104.37300863155696
 281256564 104.48524229999862 104.48524229999862
 281256583 104.62484453644447 104.62484453644447
 281256597 104.5470555119872 104.5470555119872
 281256616 104.63633974481763 104.63633974481763
 281256630 104.6297417820794 104.6297417820794
 281256649 104.56160381491935 104.56160381491935
 281256663 104.79891190744229 104.79891190744229
 281256682 105.00062105401105 105.00062105401105
 281256696 105.13234808234392 105.13234808234392
 281256715 105.52380671424487 105.52380671424487
 281256729 105.67030061156333 105.67030061156333
 281256748 106.06713460234107 106.06713460234107
 281256762 106.50766814342853 106.50766814342853
 281256781 106.60768260344503 106.60768260344503
 281256795 107.07753814663937 107.07753814663937
 281256814 107.41930715232849 107.41930715232849
 281256828 107.51670564989286 107.51670564989286
 281256847 107.7664446867052 107.7664446867052
 281256861 107.75742200681162 107.75742200681162
 281256880 107.84562023956403 107.84562023956403
 281256894 107.97545530549678 107.97545530549678
 281256913 108.01305549687771 108.01305549687771
 281256927 108.02208500696042 108.02208500696042
 281256946 107.99014021221228 107.99014021221228
 281256960 107.90578737596263 107.90578737596263
 281256979 107.71007513548511 107.71007513548511
 281256993 107.55632074707893 107.55632074707893
 281257012 107.2144902696873 107.2144902696873
 281257026 106.95884311924294 106.95884311924294
 281257045 106.83564016699421 106.83564016699421
 281257059 106.80577174975372 106.80577174975372
 281257078 106.7496002740196 106.7496002740196
 281257092 106.73676634856912 106.73676634856912
 281257111 106.72648008367906 106.72648008367906
 281257125 106.69664581738448 106.69664581738448
 281257144 106.54500195743185 106.54500195743185
 281257158 106.34499352796638 106.34499352796638
 281257177 106.13857155087021 106.13857155087021
 281257191 106.05973067728075 106.05973067728075
 281257210 105.82478583021066 105.82478583021066
 281257224 105.70383001019889 105.70383001019889
 281257243 105.42063670683183 105.42063670683183
 281257257 105.15839159364918 105.15839159364918
 281257276 105.09906457051846 105.09906457051846
 281257290 104.89706172581532 104.89706172581532
 281257309 104.71158793890368 104.71158793890368
 281257323 104.72666216640187 104.72666216640187
 281257342 104.77359239618903 104.77359239618903
 281257356 104.83733855171278 104.83733855171278
 281257375 104.96323259849441 104.96323259849441
 281257389 105.01379648892004 105.01379648892004
 281257408 105.0568471712586 105.0568471712586
 281257422 105.13076347845652 105.13076347845652
 281257441 105.15098766858893 105.15098766858893
 281257455 105.14580355500885 105.14580355500885
 281257474 105.1581388766499 105.1581388766499
 281257488 105.19115601109775 105.19115601109775
 281257507 105.31192741600194 105.31192741600194
 281257521 105.53124479025104 105.53124479025104
 281257540 105.65431113871631 105.65431113871631
 281257554 105.73599337100052 105.73599337100052
 281257573 105.61475068304361 105.61475068304361
 281257587 105.50074116541776 105.50074116541776
 281257606 105.21559442794808 105.21559442794808
 281257620 105.11200777899563 105.11200777899563
 281257639 104.96249493806408 104.96249493806408
 281257653 104.93866440804993 104.93866440804993
 281257672 104.97226893876638 104.97226893876638
 281257686 104.98422176981387 104.98422176981387
 281257705 104.96899044796476 104.96899044796476
 281257719 104.94792614456446 104.94792614456446
 281257738 104.86517157258055 104.86517157258055
 281257752 104.82272877707811 104.82272877707811
 281257771 104.79053809551982 104.79053809551982
 281257785 104.79545583172222 104.79545583172222
 281257804 104.90278542433981 104.90278542433981
 281257818 104.99040309101275 104.99040309101275
 281257837 105.1708566888845 105.1708566888845
 281257851 105.24272393933137 105.24272393933137
 281257870 105.35342081520974 105.35342081520974
 281257884 105.41283663079969 105.41283663079969
 281257903 105.4174333481111 105.4174333481111
 281257917 105.40252304515298 105.40252304515298
 281257936 105.40081549786044 105.40081549786044
 281257950 105.40418961131047 105.40418961131047
 281257969 105.38132213796928 105.38132213796928
 281257983 105.38089866624068 105.38089866624068
 281258001 105.3209910770305 105.3209910770305
 281258016 105.2564526195631 105.2564526195631
 281258035 105.25061280782273 105.25061280782273
 281258049 105.20391480446733 105.20391480446733
 281258068 105.19667480394713 105.19667480394713
 281258082 105.20028114382887 105.20028114382887
 281258101 105.20207065339144 105.20207065339144
 281258115 105.19720072851322 105.19720072851322
 281258134 105.1665946508424 105.1665946508424
 281258148 105.12050453432312 105.12050453432312
 281258167 105.11889943986819 105.11889943986819
 281258181 105.15137698937161 105.15137698937161
 281258200 105.23193224044275 105.23193224044275
 281258214 105.27454579067444 105.27454579067444
 281258233 105.37499055260866 105.37499055260866
 281258247 105.4297345188063 105.4297345188063
 281258266 105.47645301272917 105.47645301272917
 281258280 105.47658961651257 105.47658961651257
 281258298 105.49593954243124 105.49593954243124
 281258313 105.5114577322255 105.5114577322255
 281258332 105.59079720962438 105.59079720962438
 281258346 105.67112706445289 105.67112706445289
 281258365 105.74946250404378 105.74946250404378
 281258379 105.81185628211182 105.81185628211182
 281258398 105.94646565027443 105.94646565027443
 281258412 106.0730017348381 106.0730017348381
 281258431 106.20496098960274 106.20496098960274
 281258445 106.28316665559942 106.28316665559942
 281258464 106.4673358763796 106.4673358763796
 281258478 106.61175339619035 106.61175339619035
 281258496 106.91379802166671 106.91379802166671
 281258511 107.20992770332174 107.20992770332174
 281258530 107.3959205846104 107.3959205846104
 281258544 107.75609695011264 107.75609695011264
 281258563 108.17963015035593 108.17963015035593
 281258577 108.44697058465943 108.44697058465943
 281258596 108.84324449992522 108.84324449992522
 281258610 109.12599384099627 109.12599384099627
 281258629 109.65680882253298 109.65680882253298
 281258643 110.11284006284723 110.11284006284723
 281258662 110.44769008690707 110.44769008690707
 281258676 110.90141272328185 110.90141272328185
 281258695 111.45297098932792 111.45297098932792
 281258709 111.8173820721156 111.8173820721156
 281258728 112.34435848733875 112.34435848733875
 281258742 112.62719662086897 112.62719662086897
 281258761 113.11588299560503 113.11588299560503
 281258775 113.42849392372739 113.42849392372739
 281258794 113.82991780162735 113.82991780162735
 281258808 114.15356631544842 114.15356631544842
 281258827 114.47929120677713 114.47929120677713
 281258841 114.64991616243321 114.64991616243321
 281258860 115.00779075418524 115.00779075418524
 281258874 115.199937635916 115.199937635916
 281258893 115.59806936263607 115.59806936263607
 281258907 115.90765451695609 115.90765451695609
 281258926 116.38486617388651 116.38486617388651
 281258940 116.7827383534181 116.7827383534181
 281258959 117.19036404308446 117.19036404308446
 281258973 117.38563915145511 117.38563915145511
 281258992 117.71344725048073 117.71344725048073
 281259006 117.84603488264901 117.84603488264901
 281259025 118.16989513233432 118.16989513233432
 281259039 118.3809479776877 118.3809479776877
 281259058 118.51454647785317 118.51454647785317
 281259072 118.55320534855542 118.55320534855542
 281259091 118.59313463444335 118.59313463444335
 281259105 118.57922836929322 118.57922836929322
 281259124 118.54073342313097 118.54073342313097
 281259138 118.33554088008549 118.33554088008549
 281259157 118.47896119227744 118.47896119227744
 281259171 118.44220111416439 118.44220111416439
 281259190 118.52543379939016 118.52543379939016
 281259204 118.59172761547433 118.59172761547433
 281259223 118.70147509505807 118.70147509505807
 281259237 118.72064060586911 118.72064060586911
 281259256 118.66487894148514 118.66487894148514
 281259270 118.78839608243567 118.78839608243567
 281259289 118.60973199412649 118.60973199412649
 281259303 118.59380399298198 118.59380399298198
 281259322 118.52580262960532 118.52580262960532
 281259336 118.4792617206009 118.4792617206009
 281259355 118.35741114580787 118.35741114580787
 281259369 118.32927076642738 118.32927076642738
 281259388 118.33152472885354 118.33152472885354
 281259402 118.29087144291361 118.29087144291361
 281259421 118.19806283247146 118.19806283247146
 281259435 118.18324132197256 118.18324132197256
 281259454 118.22314328710377 118.22314328710377
 281259468 118.2403690241905 118.2403690241905
 281259487 118.2683591394092 118.2683591394092
 281259501 118.4634976439965 118.4634976439965
 281259520 118.49621425012083 118.49621425012083
 281259534 118.35753408921289 118.35753408921289
 281259553 118.59433674773726 118.59433674773726
 281259567 118.6675017341264 118.6675017341264
 281259586 118.8003215927265 118.8003215927265
 281259600 118.85773616288964 118.85773616288964
 281259619 118.89071231620244 118.89071231620244
 281259633 119.02312236345233 119.02312236345233
 281259652 118.93305948905652 118.93305948905652
 281259666 118.62556437262253 118.62556437262253
 281259685 118.396466167482 118.396466167482
 281259699 118.2081168709297 118.2081168709297
 281259718 117.5920474681729 117.5920474681729
 281259732 117.45003417495002 117.45003417495002
 281259751 116.77818944743086 116.77818944743086
 281259765 116.3607282853597 116.3607282853597
 281259784 115.5700929077957 115.5700929077957
 281259798 114.63647435014667 114.63647435014667
 281259817 113.97137784952747 113.97137784952747
 281259831 113.64415714677051 113.64415714677051
 281259850 112.93542939773329 112.93542939773329
 281259864 112.69491794648968 112.69491794648968
 281259883 111.71950546130932 111.71950546130932
 281259897 111.00892673100702 111.00892673100702
 281259916 110.84474947392744 110.84474947392744
 281259930 109.90908868971655 109.90908868971655
 281259949 109.12704569012845 109.12704569012845
 281259963 108.95474733812569 108.95474733812569
 281259982 107.89037846919507 107.89037846919507
 281259996 107.66180618862063 107.66180618862063
 281260015 106.74395170757595 106.74395170757595
 281260029 105.55788935820328 105.55788935820328
 281260048 104.52633954823455 104.52633954823455
 281260062 104.04395060791325 104.04395060791325
 281260081 102.99441690985992 102.99441690985992
 281260095 102.72769119258174 102.72769119258174
 281260114 101.58347741225373 101.58347741225373
 281260128 100.94054487549124 100.94054487549124
 281260147 99.65209799045999 99.65209799045999
 281260161 98.02358281684303 98.02358281684303
 281260180 96.58160010945915 96.58160010945915
 281260194 96.14567011587224 96.14567011587224
 281260213 94.29475032250133 94.29475032250133
 281260227 93.84393734671295 93.84393734671295
 281260246 92.30060146223525 92.30060146223525
 281260260 90.50982148450623 90.50982148450623
 281260279 90.0698548491199 90.0698548491199
 281260293 88.3269749880402 88.3269749880402
 281260312 86.84198257945275 86.84198257945275
 281260326 86.39263126414676 86.39263126414676
 281260345 84.77700465749359 84.77700465749359
 281260359 83.96270950464469 83.96270950464469
 281260378 82.18065167848584 82.18065167848584
 281260392 80.15134100437251 80.15134100437251
 281260411 79.64272413763831 79.64272413763831
 281260425 78.08088527069901 78.08088527069901
 281260444 76.2739314050155 76.2739314050155
 281260458 75.77094944434657 75.77094944434657
 281260477 74.24195695712586 74.24195695712586
 281260491 73.5205113958541 73.5205113958541
 281260510 72.1347548057177 72.1347548057177
 281260524 70.50520144334689 70.50520144334689
 281260543 70.03589231528616 70.03589231528616
 281260557 68.63107949736548 68.63107949736548
 281260576 67.22892362303185 67.22892362303185
 281260590 66.54313847941671 66.54313847941671
 281260609 65.21347140274452 65.21347140274452
 281260623 64.59588569799195 64.59588569799195
 281260642 63.585099663100095 63.585099663100095
 281260656 62.69453178778963 62.69453178778963
 281260675 61.64017597618226 61.64017597618226
 281260689 61.322059915588966 61.322059915588966
 281260708 60.36588807330054 60.36588807330054
 281260722 59.924480267999286 59.924480267999286
 281260741 59.19826723468685 59.19826723468685
 281260755 58.85463358735433 58.85463358735433
 281260774 58.23671320333244 58.23671320333244
 281260788 57.6345295751583 57.6345295751583
 281260807 57.07583376142958 57.07583376142958
 281260821 56.79576868470235 56.79576868470235
 281260840 56.285983855620145 56.285983855620145
 281260854 56.05970310351222 56.05970310351222
 281260873 55.515374592702585 55.515374592702585
 281260887 54.930703569560364 54.930703569560364
 281260905 54.706468459108805 54.706468459108805
 281260920 54.26044344592867 54.26044344592867
 281260939 53.57360986827592 53.57360986827592
 281260953 53.13534053489832 53.13534053489832
 281260972 52.317176079884575 52.317176079884575
 281260986 51.9466758834518 51.9466758834518
 281261005 51.17368629960856 51.17368629960856
 281261019 50.751946024022345 50.751946024022345
 281261038 49.56908361827578 49.56908361827578
 281261052 48.27001578908522 48.27001578908522
 281261071 47.16762667213976 47.16762667213976
 281261085 46.57507702578988 46.57507702578988
 281261103 45.32892608719396 45.32892608719396
 281261118 44.79346657702166 44.79346657702166
 281261137 43.55232899727656 43.55232899727656
 281261151 42.09630342095909 42.09630342095909
 281261170 40.298737650289695 40.298737650289695
 281261184 39.366389507826284 39.366389507826284
 281261203 37.50720177046503 37.50720177046503
 281261217 36.57796819426318 36.57796819426318
 281261236 34.73423034480447 34.73423034480447
 281261250 33.92164956943725 33.92164956943725
 281261269 32.24318863751455 32.24318863751455
 281261283 30.576229744154205 30.576229744154205
 281261301 29.795078084252737 29.795078084252737
 281261316 28.54346128677355 28.54346128677355
 281261335 27.603205492798566 27.603205492798566
 281261349 27.208345426690926 27.208345426690926
 281261368 26.54013777490485 26.54013777490485
 281261382 26.288204539821606 26.288204539821606
 281261401 25.99781392461665 25.99781392461665
 281261415 25.793651032588514 25.793651032588514
 281261434 25.781028843002332 25.781028843002332
 281261448 25.753836152369217 25.753836152369217
 281261467 25.81483144920469 25.81483144920469
 281261481 25.87149982120104 25.87149982120104
 281261499 25.867934462454286 25.867934462454286
 281261514 25.841414545454427 25.841414545454427
 281261533 25.771277040414816 25.771277040414816
 281261547 25.619843208779173 25.619843208779173
 281261566 25.37829527632897 25.37829527632897
 281261580 25.36188062420615 25.36188062420615
 281261598 25.534561466802415 25.534561466802415
 281261613 25.61092810436503 25.61092810436503
 281261632 25.901267493151238 25.901267493151238
 281261646 26.162411238330208 26.162411238330208
 281261665 26.90338089534447 26.90338089534447
 281261679 27.868681285458592 27.868681285458592
 281261697 28.77957580373902 28.77957580373902
 281261712 29.16616109566712 29.16616109566712
 281261731 30.162853035206695 30.162853035206695
 281261745 30.736541114163572 30.736541114163572
 281261764 31.82851077753014 31.82851077753014
 281261778 33.013101221136765 33.013101221136765
 281261796 33.52871903177015 33.52871903177015
 281261811 34.89392016759939 34.89392016759939
 281261830 36.431037164837846 36.431037164837846
 281261844 37.0375340574729 37.0375340574729
 281261863 38.78945708901364 38.78945708901364
 281261877 39.78875133062695 39.78875133062695
 281261896 41.89805035011028 41.89805035011028
 281261910 44.067256958803796 44.067256958803796
 281261929 45.679188433115996 45.679188433115996
 281261943 46.08175636770193 46.08175636770193
 281261962 46.83698062951402 46.83698062951402
 281261976 47.15462199196003 47.15462199196003
 281261995 47.67091940641592 47.67091940641592
 281262009 47.75234209151159 47.75234209151159
 281262028 47.52459284873214 47.52459284873214
 281262042 47.28782434115362 47.28782434115362
 281262061 46.547906533271544 46.547906533271544
 281262075 45.969147038855965 45.969147038855965
 281262094 45.25454874222714 45.25454874222714
 281262108 45.05386753912842 45.05386753912842
 281262127 45.02250672555425 45.02250672555425
 281262141 45.02709319758196 45.02709319758196
 281262160 45.09341774951736 45.09341774951736
 281262174 45.341462899415546 45.341462899415546
 281262193 45.5768004823629 45.5768004823629
 281262207 45.68950543385728 45.68950543385728
 281262226 46.121350974320535 46.121350974320535
 281262240 46.463891791385834 46.463891791385834
 281262259 47.24354080966987 47.24354080966987
 281262273 47.621588365135494 47.621588365135494
 281262291 48.20583591654918 48.20583591654918
 281262306 48.28588573362174 48.28588573362174
 281262325 47.991542146434654 47.991542146434654
 281262339 47.82199294557279 47.82199294557279
 281262358 47.61557779866587 47.61557779866587
 281262372 47.469114637198686 47.469114637198686
 281262391 46.97191784675681 46.97191784675681
 281262405 46.63778499255977 46.63778499255977
 281262424 46.614678462597624 46.614678462597624
 281262438 46.939733995387655 46.939733995387655
 281262456 47.36489278065346 47.36489278065346
 281262471 47.53380677392249 47.53380677392249
 281262490 47.86077817477474 47.86077817477474
 281262504 47.9310027647262 47.9310027647262
 281262523 48.44379287704328 48.44379287704328
 281262537 49.023351503591755 49.023351503591755
 281262556 49.18961196836824 49.18961196836824
 281262570 49.739343158811266 49.739343158811266
 281262589 50.31552767190982 50.31552767190982
 281262603 50.56318691611989 50.56318691611989
 281262622 50.74599351416066 50.74599351416066
 281262636 50.63620505344193 50.63620505344193
 281262655 50.36952373239336 50.36952373239336
 281262669 50.217162702577866 50.217162702577866
 281262688 50.16243239675856 50.16243239675856
 281262702 50.4416163790828 50.4416163790828
 281262721 50.76686315716967 50.76686315716967
 281262735 50.92182307396433 50.92182307396433
 281262754 51.47087466058497 51.47087466058497
 281262768 51.629304313477974 51.629304313477974
 281262786 51.8905761247039 51.8905761247039
 281262801 51.74108377433987 51.74108377433987
 281262820 51.374183087599704 51.374183087599704
 281262834 51.20797384924202 51.20797384924202
 281262853 50.880613127607035 50.880613127607035
 281262867 50.71173328528391 50.71173328528391
 281262886 50.48047332527102 50.48047332527102
 281262900 50.33131565417631 50.33131565417631
 281262919 50.06901589948029 50.06901589948029
 281262933 50.13101352657651 50.13101352657651
 281262952 50.24772096892451 50.24772096892451
 281262966 50.20847128685904 50.20847128685904
 281262985 49.96022123128574 49.96022123128574
 281262999 49.71629468545706 49.71629468545706
 281263018 49.14874011637488 49.14874011637488
 281263032 48.49806897528276 48.49806897528276
 281263051 48.06998345395766 48.06998345395766
 281263065 47.07349642009319 47.07349642009319
 281263084 45.83964665219253 45.83964665219253
 281263098 45.10713618446533 45.10713618446533
 281263117 43.50825378656248 43.50825378656248
 281263131 42.606453665161894 42.606453665161894
 281263150 40.69359430130271 40.69359430130271
 281263164 38.645545003201505 38.645545003201505
 281263183 37.54612018835576 37.54612018835576
 281263197 35.50069026780125 35.50069026780125
 281263216 33.50919835112228 33.50919835112228
 281263230 32.54654465931151 32.54654465931151
 281263249 30.595104971925537 30.595104971925537
 281263263 29.4936140248559 29.4936140248559
 281263282 27.114908438845134 27.114908438845134
 281263296 24.88168417460838 24.88168417460838
 281263315 22.67198308187318 22.67198308187318
 281263329 21.532386509424043 21.532386509424043
 281263348 19.411378838155997 19.411378838155997
 281263362 18.368866574569438 18.368866574569438
 281263381 16.48025950490569 16.48025950490569
 281263395 15.653685379476372 15.653685379476372
 281263414 14.355437172986228 14.355437172986228
 281263428 13.451575188229981 13.451575188229981
 281263447 12.75318236918065 12.75318236918065
 281263461 12.369775676537529 12.369775676537529
 281263479 11.765998052965813 11.765998052965813
 281263494 11.552462433849087 11.552462433849087
 281263513 11.434252349883707 11.434252349883707
 281263527 11.59452786139991 11.59452786139991
 281263545 11.63635935497166 11.63635935497166
 281263560 11.986726715052157 11.986726715052157
 281263578 12.495317968576956 12.495317968576956
 281263593 12.70108680883368 12.70108680883368
 281263612 13.131670471847713 13.131670471847713
 281263626 13.308666286452137 13.308666286452137
 281263645 13.60170616128147 13.60170616128147
 281263659 13.822078799757321 13.822078799757321
 281263678 14.325833425576093 14.325833425576093
 281263692 15.017757201707752 15.017757201707752
 281263711 15.961088288356564 15.961088288356564
 281263725 16.504583516087393 16.504583516087393
 281263744 17.6338391821331 17.6338391821331
 281263758 18.061214363784586 18.061214363784586
 281263777 18.899210273053427 18.899210273053427
 281263791 19.56825633056019 19.56825633056019
 281263810 19.75979020281295 19.75979020281295
 281263824 20.009483135848427 20.009483135848427
 281263843 20.337472234887002 20.337472234887002
 281263857 20.56820797788106 20.56820797788106
 281263876 21.107878299676713 21.107878299676713
 281263890 21.404733688931117 21.404733688931117
 281263908 22.17772498032167 22.17772498032167
 281263923 23.26941119083773 23.26941119083773
 281263942 24.546895622251043 24.546895622251043
 281263956 25.297415591272284 25.297415591272284
 281263975 27.062220359587684 27.062220359587684
 281263989 28.02075373978164 28.02075373978164
 281264008 29.955409944829626 29.955409944829626
 281264022 30.893334936750364 30.893334936750364
 281264041 32.91330191207908 32.91330191207908
 281264055 34.89818903583068 34.89818903583068
 281264074 35.73370217133623 35.73370217133623
 281264088 36.89376199053868 36.89376199053868
 281264107 37.52394256412077 37.52394256412077
 281264121 37.73716399453565 37.73716399453565
 281264140 38.009104561245124 38.009104561245124
 281264154 38.08324626468561 38.08324626468561
 281264173 38.11046456852807 38.11046456852807
 281264187 38.15423925091869 38.15423925091869
 281264206 38.51038921990528 38.51038921990528
 281264220 38.751211444756166 38.751211444756166
 281264239 39.329216203268516 39.329216203268516
 281264253 39.67467009601478 39.67467009601478
 281264272 40.336293445441015 40.336293445441015
 281264286 40.93716567729456 40.93716567729456
 281264304 41.186187544244035 41.186187544244035
 281264319 41.53564392784398 41.53564392784398
 281264338 41.72139433741705 41.72139433741705
 281264352 41.758550566501924 41.758550566501924
 281264371 41.77791415279893 41.77791415279893
 281264385 41.831633590621095 41.831633590621095
 281264403 42.004300772838974 42.004300772838974
 281264418 42.13372944251614 42.13372944251614
 281264437 42.23803326133145 42.23803326133145
 281264451 42.55001922714467 42.55001922714467
 281264470 42.95481380340004 42.95481380340004
 281264484 43.11321613553639 43.11321613553639
 281264503 43.29606029961769 43.29606029961769
 281264517 43.41894906316452 43.41894906316452
 281264536 43.618656964306524 43.618656964306524
 281264550 43.716437952464446 43.716437952464446
 281264569 43.727543840054864 43.727543840054864
 281264583 43.524864806623896 43.524864806623896
 281264602 43.41607013842935 43.41607013842935
 281264616 43.44572681980554 43.44572681980554
 281264635 43.54296139282985 43.54296139282985
 281264649 43.623386870306774 43.623386870306774
 281264668 43.667605514993454 43.667605514993454
 281264682 43.71744199027245 43.71744199027245
 281264701 43.99750023681048 43.99750023681048
 281264715 44.25568821762613 44.25568821762613
 281264734 44.98243400569379 44.98243400569379
 281264748 45.412104130906414 45.412104130906414
 281264767 46.120558672376774 46.120558672376774
 281264781 46.3388002918316 46.3388002918316
 281264800 46.36463889746176 46.36463889746176
 281264814 45.92953877185903 45.92953877185903
 281264833 45.35188918318357 45.35188918318357
 281264847 45.023903499239566 45.023903499239566
 281264866 44.41287136099561 44.41287136099561
 281264880 44.128960887765686 44.128960887765686
 281264899 43.4354678756722 43.4354678756722
 281264913 43.04840447050219 43.04840447050219
 281264932 42.35939889269338 42.35939889269338
 281264946 41.910119294373715 41.910119294373715
 281264965 41.49904777427105 41.49904777427105
 281264979 41.30495087353222 41.30495087353222
 281264997 40.95607505601174 40.95607505601174
 281265012 40.77046466531664 40.77046466531664
 281265031 40.41625105495979 40.41625105495979
 281265045 39.88428860164248 39.88428860164248
 281265064 39.56719706942465 39.56719706942465
 281265078 39.01328921830412 39.01328921830412
 281265096 38.55922165737627 38.55922165737627
 281265111 38.288828128513785 38.288828128513785
 281265130 37.556754792893514 37.556754792893514
 281265144 37.014325074673195 37.014325074673195
 281265163 35.65458125999078 35.65458125999078
 281265177 34.36645880894514 34.36645880894514
 281265196 33.7838436727431 33.7838436727431
 281265210 32.32028781286567 32.32028781286567
 281265229 30.478981510751566 30.478981510751566
 281265243 29.448930927305696 29.448930927305696
 281265262 27.203929709392526 27.203929709392526
 281265276 26.110739149711776 26.110739149711776
 281265295 23.81140206940387 23.81140206940387
 281265309 21.445714823951164 21.445714823951164
 281265328 19.165357131799453 19.165357131799453
 281265342 18.23285360253243 18.23285360253243
 281265361 16.4921542793453 16.4921542793453
 281265375 15.628181453115587 15.628181453115587
 281265394 13.991918283658833 13.991918283658833
 281265408 13.203667495888851 13.203667495888851
 281265427 11.543594286985467 11.543594286985467
 281265441 9.966397739697413 9.966397739697413
 281265460 8.616262293629916 8.616262293629916
 281265474 8.063092956713433 8.063092956713433
 281265493 7.067510069140383 7.067510069140383
 281265507 6.631469511866271 6.631469511866271
 281265526 5.8020719569888115 5.8020719569888115
 281265540 5.5390456409198805 5.5390456409198805
 281265559 5.082354006690252 5.082354006690252
 281265573 4.902863465491464 4.902863465491464
 281265592 4.969277236772939 4.969277236772939
 281265606 5.179379832058032 5.179379832058032
 281265625 5.551442434263436 5.551442434263436
 281265639 5.7201741468589375 5.7201741468589375
 281265658 5.974220471716649 5.974220471716649
 281265672 6.229229853247318 6.229229853247318
 281265691 6.376177531258691 6.376177531258691
 281265705 6.762418325520571 6.762418325520571
 281265724 7.320309030700855 7.320309030700855
 281265738 7.672168787115027 7.672168787115027
 281265757 8.400508570580257 8.400508570580257
 281265771 8.907014055087245 8.907014055087245
 281265790 9.736524308086018 9.736524308086018
 281265804 10.858323115105406 10.858323115105406
 281265823 12.237066808511429 12.237066808511429
 281265837 13.053942919093004 13.053942919093004
 281265856 14.898778721460758 14.898778721460758
 281265870 15.83217359041447 15.83217359041447
 281265889 17.658004391416625 17.658004391416625
 281265903 18.714494637139637 18.714494637139637
 281265922 20.660821927931863 20.660821927931863
 281265936 22.565712168576965 22.565712168576965
 281265955 24.58196181344988 24.58196181344988
 281265969 25.635154785351062 25.635154785351062
 281265988 27.759866126696522 27.759866126696522
 281266002 28.853959978895034 28.853959978895034
 281266021 30.61613512437998 30.61613512437998
 281266035 31.702739674153577 31.702739674153577
 281266054 33.75480512348679 33.75480512348679
 281266068 35.73834328487726 35.73834328487726
 281266087 37.90417919521536 37.90417919521536
 281266101 39.002173085429945 39.002173085429945
 281266120 41.14378914497121 41.14378914497121
 281266134 42.23421177049079 42.23421177049079
 281266153 43.89607875782497 43.89607875782497
 281266167 44.565406560634926 44.565406560634926
 281266186 45.70346292542621 45.70346292542621
 281266200 46.51522407809307 46.51522407809307
 281266218 46.96622146898898 46.96622146898898
 281266233 47.30971168234896 47.30971168234896
 281266252 47.78433128248935 47.78433128248935
 281266266 48.17480978224444 48.17480978224444
 281266284 48.82957562174391 48.82957562174391
 281266299 49.22720874465455 49.22720874465455
 281266317 49.95513274035409 49.95513274035409
 281266332 50.55078670768171 50.55078670768171
 281266351 51.19447398034748 51.19447398034748
 281266365 51.55300768535437 51.55300768535437
 281266384 51.83301470547366 51.83301470547366
 281266398 51.845165612007065 51.845165612007065
 281266417 51.701523318667114 51.701523318667114
 281266431 51.264490249529274 51.264490249529274
 281266450 51.19923803729358 51.19923803729358
 281266464 50.91333997901518 50.91333997901518
 281266482 50.607436296657795 50.607436296657795
 281266497 50.605971221080836 50.605971221080836
 281266516 50.50851808200309 50.50851808200309
 281266530 50.49860406242283 50.49860406242283
 281266549 50.49381609981464 50.49381609981464
 281266563 50.67797507531111 50.67797507531111
 281266582 51.02692944000705 51.02692944000705
 281266596 51.2020315846641 51.2020315846641
 281266615 51.240342115718704 51.240342115718704
 281266629 51.22268949180881 51.22268949180881
 281266648 51.016759288332935 51.016759288332935
 281266662 50.74759519352108 50.74759519352108
 281266681 50.03241291571817 50.03241291571817
 281266695 49.11264598170595 49.11264598170595
 281266714 48.333051604935235 48.333051604935235
 281266728 48.1686865176535 48.1686865176535
 281266746 48.03482164011041 48.03482164011041
 281266761 48.066127812171146 48.066127812171146
 281266779 48.42152987544364 48.42152987544364
 281266794 48.96208812183136 48.96208812183136
 281266813 49.29892231584512 49.29892231584512
 281266827 49.788493200078676 49.788493200078676
 281266846 50.48570525017527 50.48570525017527
 281266860 50.85149261608069 50.85149261608069
 281266879 51.49962292680158 51.49962292680158
 281266893 51.73328369830767 51.73328369830767
 281266911 52.052137419331416 52.052137419331416
 281266926 52.149703256530415 52.149703256530415
 281266944 52.14982278484092 52.14982278484092
 281266959 52.0765519305196 52.0765519305196
 281266978 51.85306472578219 51.85306472578219
 281266992 51.76229151171276 51.76229151171276
 281267011 51.53795394842365 51.53795394842365
 281267025 51.432267016301466 51.432267016301466
 281267044 51.04861870571642 51.04861870571642
 281267058 50.41790196228453 50.41790196228453
 281267076 50.10953941182595 50.10953941182595
 281267091 49.60832647015212 49.60832647015212
 281267109 49.156581173542065 49.156581173542065
 281267124 48.76935042873731 48.76935042873731
 281267142 47.55400705839281 47.55400705839281
 281267157 46.71923499841216 46.71923499841216
 281267176 45.05802029414377 45.05802029414377
 281267190 43.26635580691726 43.26635580691726
 281267208 41.197395884672005 41.197395884672005
 281267223 40.079116332622505 40.079116332622505
 281267241 37.7310646356068 37.7310646356068
 281267256 36.54412460692572 36.54412460692572
 281267275 33.929395003956074 33.929395003956074
 281267289 32.58503619037913 32.58503619037913
 281267308 29.696979492298453 29.696979492298453
 281267322 26.848391042336686 26.848391042336686
 281267341 24.00463836630729 24.00463836630729
 281267355 22.70544588616434 22.70544588616434
 281267373 20.656319125721552 20.656319125721552
 281267388 19.83018042485179 19.83018042485179
 281267406 18.480897044883307 18.480897044883307
 281267421 17.526842561237572 17.526842561237572
 281267439 17.188623546369627 17.188623546369627
 281267454 16.66275020669741 16.66275020669741
 281267472 16.5577906897218 16.5577906897218
 281267487 16.67258909419678 16.67258909419678
 281267505 17.103871144053528 17.103871144053528
 281267520 17.54552312861756 17.54552312861756
 281267538 18.70787106119201 18.70787106119201
 281267553 19.68784099009605 19.68784099009605
 281267571 20.059866026261034 20.059866026261034
 281267586 20.260279144434833 20.260279144434833
 281267604 20.07905715028147 20.07905715028147
 281267619 19.827830839777334 19.827830839777334
 281267637 19.061599728117812 19.061599728117812
 281267652 18.767865735314103 18.767865735314103
 281267670 18.22103737526828 18.22103737526828
 281267685 17.77919585295473 17.77919585295473
 281267703 17.75561291729798 17.75561291729798
 281267718 17.88274152077213 17.88274152077213
 281267736 18.35542134718827 18.35542134718827
 281267751 18.802619445358403 18.802619445358403
 281267769 19.57526581219588 19.57526581219588
 281267784 20.057769158185806 20.057769158185806
 281267802 20.936000004307914 20.936000004307914
 281267817 21.929355396437927 21.929355396437927
 281267836 22.65228481630686 22.65228481630686
 281267850 23.783751756096365 23.783751756096365
 281267869 24.816560028419644 24.816560028419644
 281267883 25.4129345807047 25.4129345807047
 281267901 26.489775375059764 26.489775375059764
 281267916 27.14299417671225 27.14299417671225
 281267935 28.51418709599085 28.51418709599085
 281267949 30.219273812845586 30.219273812845586
 281267968 32.28987298049162 32.28987298049162
 281267982 33.393327606947594 33.393327606947594
 281268000 35.28973304509623 35.28973304509623
 281268015 36.33392212012404 36.33392212012404
 281268034 38.21570753835425 38.21570753835425
 281268048 39.13935401981507 39.13935401981507
 281268067 40.75937243810455 40.75937243810455
 281268081 41.976075016093944 41.976075016093944
 281268099 42.88842094957295 42.88842094957295
 281268114 43.34068534055996 43.34068534055996
 281268133 44.122786396756 44.122786396756
 281268147 44.66726517172731 44.66726517172731
 281268166 46.09961048219236 46.09961048219236
 281268180 47.85041336270922 47.85041336270922
 281268198 48.84071907537481 48.84071907537481
 281268213 50.85091546509585 50.85091546509585
 281268232 52.749021620347776 52.749021620347776
 281268246 53.64731785470411 53.64731785470411
 281268265 55.39881399942175 55.39881399942175
 281268279 56.215636322263606 56.215636322263606
 281268297 57.73445524271557 57.73445524271557
 281268312 59.42908664749825 59.42908664749825
 281268331 60.37272509265972 60.37272509265972
 281268345 62.10953291556723 62.10953291556723
 281268364 63.410984480778154 63.410984480778154
 281268378 63.88519085447376 63.88519085447376
 281268396 64.65720713636034 64.65720713636034
 281268411 64.98122448039658 64.98122448039658
 281268430 65.53210655771477 65.53210655771477
 281268444 66.03558712219308 66.03558712219308
 281268463 66.35054763538989 66.35054763538989
 281268477 66.93237046964828 66.93237046964828
 281268496 67.21212818786279 67.21212818786279
 281268510 67.27562845657644 67.27562845657644
 281268529 67.17706882685314 67.17706882685314
 281268543 66.93538258307223 66.93538258307223
 281268562 66.18260011388844 66.18260011388844
 281268576 65.32930458087878 65.32930458087878
 281268595 64.98289104655407 64.98289104655407
 281268609 64.4590838391058 64.4590838391058
 281268628 64.27266748608861 64.27266748608861
 281268642 64.27406767486843 64.27406767486843
 281268661 64.3932954570202 64.3932954570202
 281268675 64.44842874400058 64.44842874400058
 281268694 64.4509422536151 64.4509422536151
 281268708 64.2709394482286 64.2709394482286
 281268727 63.80574892423738 63.80574892423738
 281268741 63.47167754174285 63.47167754174285
 281268760 62.615581631173484 62.615581631173484
 281268774 62.1654311837346 62.1654311837346
 281268793 61.41220475225475 61.41220475225475
 281268807 61.08900020072974 61.08900020072974
 281268826 60.71115413584465 60.71115413584465
 281268840 60.55099302999702 60.55099302999702
 281268859 60.46143558959983 60.46143558959983
 281268873 60.42156777541447 60.42156777541447
 281268892 60.26923406635569 60.26923406635569
 281268906 60.147970887831264 60.147970887831264
 281268925 59.857858602834995 59.857858602834995
 281268939 59.51753076706075 59.51753076706075
 281268957 59.31501565816984 59.31501565816984
 281268972 58.904043175810216 58.904043175810216
 281268991 58.57855051091326 58.57855051091326
 281269005 58.40464023426637 58.40464023426637
 281269024 58.0183588857563 58.0183588857563
 281269038 57.81959355071979 57.81959355071979
 281269057 57.493779866931845 57.493779866931845
 281269071 57.18965886394784 57.18965886394784
 281269090 56.96638339507467 56.96638339507467
 281269104 56.476809095746546 56.476809095746546
 281269123 56.01726372310429 56.01726372310429
 281269137 55.81586535014276 55.81586535014276
 281269156 55.38413933799001 55.38413933799001
 281269170 55.14677318885913 55.14677318885913
 281269189 54.760252783728106 54.760252783728106
 281269203 54.448048251861394 54.448048251861394
 281269222 54.15680557055748 54.15680557055748
 281269236 54.04990969495219 54.04990969495219
 281269255 53.961349462173814 53.961349462173814
 281269269 54.281603371977326 54.281603371977326
 281269288 54.821912316460384 54.821912316460384
 281269302 54.69615828855672 54.69615828855672
 281269321 54.774705464011845 54.774705464011845
 281269335 54.47346680085758 54.47346680085758
 281269354 54.182227534648234 54.182227534648234
 281269368 54.35589875467417 54.35589875467417
 281269387 53.962473028292266 53.962473028292266
 281269401 53.76196599501736 53.76196599501736
 281269420 53.10854911787891 53.10854911787891
 281269434 52.780242415043915 52.780242415043915
 281269453 52.756258205773406 52.756258205773406
 281269467 53.31957122738106 53.31957122738106
 281269486 54.089733112907936 54.089733112907936
 281269500 54.30996914760044 54.30996914760044
 281269519 54.863006149601745 54.863006149601745
 281269533 55.05473638979322 55.05473638979322
 281269552 55.99762692924054 55.99762692924054
 281269566 57.365829933209966 57.365829933209966
 281269585 57.671187200433735 57.671187200433735
 281269599 58.43510970815379 58.43510970815379
 281269618 59.07918288650768 59.07918288650768
 281269632 59.199339574386556 59.199339574386556
 281269651 59.65597187134773 59.65597187134773
 281269665 59.966383478557304 59.966383478557304
 281269684 60.50398083793982 60.50398083793982
 281269698 61.07341370904379 61.07341370904379
 281269717 61.71602522691529 61.71602522691529
 281269731 62.09265551812814 62.09265551812814
 281269750 63.41107327323732 63.41107327323732
 281269764 64.23736223826882 64.23736223826882
 281269783 65.60876860095902 65.60876860095902
 281269797 66.07254527579204 66.07254527579204
 281269816 66.78666887427357 66.78666887427357
 281269830 67.3120333648526 67.3120333648526
 281269849 67.96719877041858 67.96719877041858
 281269863 68.19273161681235 68.19273161681235
 281269882 68.92421072597489 68.92421072597489
 281269896 69.24309859794442 69.24309859794442
 281269915 69.65087455177252 69.65087455177252
 281269929 69.77532742863934 69.77532742863934
 281269948 70.0809988845649 70.0809988845649
 281269962 70.7117668544156 70.7117668544156
 281269981 71.38803754451692 71.38803754451692
 281269995 71.74085096609394 71.74085096609394
 281270014 72.37016410565138 72.37016410565138
 281270028 72.64073521943226 72.64073521943226
 281270046 73.45154697580449 73.45154697580449
 281270061 74.02051539404488 74.02051539404488
 281270079 74.29519828170612 74.29519828170612
 281270094 74.98346278398992 74.98346278398992
 281270112 75.30064310866703 75.30064310866703
 281270127 75.87382575362528 75.87382575362528
 281270145 75.87382575362528 75.87382575362528
 281270160 76.63065169479773 76.63065169479773
 281270178 77.08796701067592 77.08796701067592
 281270192 77.22571826585676 77.22571826585676
 281270211 77.530331042461 77.530331042461
 281270226 78.05055923078419 78.05055923078419
 281270244 78.41587189854232 78.41587189854232
 281270259 78.50916545241552 78.50916545241552
 281270277 78.67489316243672 78.67489316243672
 281270292 78.78064498135603 78.78064498135603
 281270310 78.95667261664556 78.95667261664556
 281270325 78.95221250311755 78.95221250311755
 281270343 78.76493554626495 78.76493554626495
 281270358 78.64932776437337 78.64932776437337
 281270376 78.41231336998476 78.41231336998476
 281270391 78.34793200686818 78.34793200686818
 281270409 78.31145196651119 78.31145196651119
 281270424 78.18796214631732 78.18796214631732
 281270442 78.21199075181744 78.21199075181744
 281270457 78.41238167187646 78.41238167187646
 281270475 78.5568401728222 78.5568401728222
 281270490 78.61364002596002 78.61364002596002
 281270508 78.68978980501652 78.68978980501652
 281270523 78.65218961363558 78.65218961363558
 281270541 78.89119842326181 78.89119842326181
 281270556 78.9277262749431 78.9277262749431
 281270574 79.20704686105074 79.20704686105074
 281270589 79.5250194876715 79.5250194876715
 281270607 79.68346621603746 79.68346621603746
 281270622 79.68346621603746 79.68346621603746
