name=LIS2MDL Magnetometer vendor=STMicro current_time_ms=1561446802424
measured_at recorded_at accuracy value_x value_y value_z
282509784268389 0 0 -64.37334 -76.86983 -122.14009
282509794319379 0 0 -64.52017 -77.049995 -122.41897
282509804368389 0 0 -64.66155 -77.22234 -122.69255
282509814416879 0 0 -64.79822 -77.39063 -122.94559
282509824462712 0 0 -64.938484 -77.547134 -123.17836
282509834512556 0 0 -65.07787 -77.70072 -123.4091
282509844559847 0 0 -65.2037 -77.8547 -123.632484
282509854607347 0 0 -65.32206 -77.99695 -123.84275
282509864652243 0 0 -65.43494 -78.12835 -124.05826
282509874699327 0 0 -65.52611 -78.25272 -124.284256
282509884746202 0 0 -65.60978 -78.37472 -124.51675
282509894793910 0 0 -65.694244 -78.49864 -124.75046
282509904842712 0 0 -65.770775 -78.6158 -124.98099
282509914891722 0 0 -65.836555 -78.70643 -125.2261
282509924936722 0 0 -65.90461 -78.808495 -125.49427
282509934984483 0 0 -65.97698 -78.90832 -125.74297
282509945033025 0 0 -66.05322 -78.97785 -125.98562
282509955082035 0 0 -66.12978 -79.047195 -126.25715
282509965126202 0 0 -66.19924 -79.10248 -126.51739
282509975172504 0 0 -66.27501 -79.14395 -126.74722
282509985221410 0 0 -66.35304 -79.18483 -126.974495
282509995268858 0 0 -66.425865 -79.212 -127.18154
282510005314066 0 0 -66.49591 -79.242546 -127.38203
282510015358181 0 0 -66.56133 -79.277176 -127.6016
282510025403337 0 0 -66.63488 -79.311325 -127.81086
282510035452139 0 0 -66.71135 -79.34882 -128.00883
282510045497191 0 0 -66.78506 -79.37787 -128.21794
282510055543806 0 0 -66.865875 -79.42765 -128.4409
282510065592816 0 0 -66.94368 -79.49241 -128.652
282510075637920 0 0 -67.020035 -79.54288 -128.83578
282510085682712 0 0 -67.0991 -79.60848 -129.00674
282510095729170 0 0 -67.17908 -79.676636 -129.16458
282510105773702 0 0 -67.25003 -79.7304 -129.30472
282510115820525 0 0 -67.310844 -79.77485 -129.45016
282510125868545 0 0 -67.37231 -79.8191 -129.61086
282510135917556 0 0 -67.4368 -79.87841 -129.75296
282510145966879 0 0 -67.50449 -79.928 -129.87454
282510156018597 0 0 -67.571556 -79.96857 -129.99588
282510166068441 0 0 -67.6416 -80.013054 -130.12943
282510176117868 0 0 -67.7172 -80.05248 -130.24847
282510186166306 0 0 -67.80621 -80.1048 -130.38985
282510196213910 0 0 -67.89907 -80.15697 -130.54851
282510206260108 0 0 -67.97757 -80.19899 -130.69135
282510216305941 0 0 -68.05698 -80.24402 -130.8216
282510226351254 0 0 -68.14407 -80.3011 -130.96004
282510236397504 0 0 -68.231895 -80.361626 -131.10782
282510246444743 0 0 -68.31489 -80.41299 -131.26216
282510256491618 0 0 -68.395515 -80.47093 -131.39877
282510266537816 0 0 -68.47184 -80.546776 -131.49788
282510276585420 0 0 -68.54038 -80.61723 -131.60898
282510286631254 0 0 -68.61142 -80.674255 -131.71866
282510296677400 0 0 -68.687996 -80.72618 -131.82057
282510306723337 0 0 -68.76679 -80.7775 -131.92868
282510316767816 0 0 -68.84341 -80.82378 -132.0375
282510326814952 0 0 -68.91837 -80.881584 -132.15158
282510336861202 0 0 -68.99183 -80.938126 -132.26022
282510346907452 0 0 -69.05943 -80.98962 -132.37697
282510356953754 0 0 -69.1244 -81.0438 -132.48277
282510367002504 0 0 -69.18927 -81.104485 -132.56816
282510377052712 0 0 -69.25602 -81.1604 -132.663
282510387100837 0 0 -69.314575 -81.20668 -132.75407
282510397148650 0 0 -69.367485 -81.259735 -132.83604
282510407194847 0 0 -69.43123 -81.31619 -132.9132
282510417240264 0 0 -69.49793 -81.387764 -132.98277
282510427287556 0 0 -69.560814 -81.45427 -133.06693
282510437334795 0 0 -69.61631 -81.5027 -133.14348
282510447382087 0 0 -69.66954 -81.541336 -133.19939
282510457427035 0 0 -69.72532 -81.591965 -133.26666
282510467473650 0 0 -69.78115 -81.6502 -133.34547
282510477521462 0 0 -69.83599 -81.69513 -133.42467
282510487570108 0 0 -69.88656 -81.74272 -133.49112
282510497616827 0 0 -69.9348 -81.79339 -133.55699
282510507663077 0 0 -69.98655 -81.83523 -133.62569
282510517709900 0 0 -70.03726 -81.87613 -133.6899
282510527758129 0 0 -70.08553 -81.93291 -133.76721
282510537805108 0 0 -70.13012 -82.00844 -133.83316
282510547853389 0 0 -70.17584 -82.06986 -133.8836
282510557899900 0 0 -70.22334 -82.110146 -133.94283
282510567947035 0 0 -70.271645 -82.16213 -134.00769
282510577994066 0 0 -70.320854 -82.21345 -134.08005
282510588040733 0 0 -70.36851 -82.2589 -134.12892
282510598086358 0 0 -70.41142 -82.303314 -134.17793
282510608131097 0 0 -70.449684 -82.34722 -134.24266
282510618178493 0 0 -70.48272 -82.397964 -134.29883
282510628225941 0 0 -70.52264 -82.44794 -134.35162
282510638272920 0 0 -70.56919 -82.508766 -134.38356
282510648317608 0 0 -70.61349 -82.57292 -134.43118
282510658363025 0 0 -70.65122 -82.63612 -134.49513
282510668409170 0 0 -70.68691 -82.701675 -134.54608
282510678455160 0 0 -70.72271 -82.74574 -134.60013
282510688499535 0 0 -70.7592 -82.77265 -134.65117
282510698545160 0 0 -70.79178 -82.8031 -134.70563
282510708592556 0 0 -70.817345 -82.84079 -134.75853
282510718639014 0 0 -70.846756 -82.881836 -134.80632
282510728683806 0 0 -70.87863 -82.93031 -134.85298
282510738729327 0 0 -70.90681 -82.96966 -134.902
282510748773650 0 0 -70.93383 -83.004005 -134.9467
282510758821670 0 0 -70.964096 -83.0376 -134.98315
282510768870993 0 0 -70.99625 -83.07437 -135.00917
282510778919275 0 0 -71.028915 -83.118706 -135.03818
282510788965941 0 0 -71.05526 -83.162056 -135.0714
282510799013806 0 0 -71.07742 -83.19228 -135.10704
282510809062243 0 0 -71.10422 -83.218094 -135.1432
282510819110212 0 0 -71.130356 -83.25542 -135.17355
282510829157295 0 0 -71.152176 -83.29238 -135.22
282510839205368 0 0 -71.16613 -83.316216 -135.26973
282510849255316 0 0 -71.181 -83.34726 -135.30327
282510859308077 0 0 -71.19748 -83.377335 -135.3231
282510869356931 0 0 -71.213615 -83.4068 -135.34253
282510879403493 0 0 -71.23612 -83.45692 -135.38014
282510889450681 0 0 -71.26135 -83.50226 -135.42192
282510899502243 0 0 -71.28244 -83.534134 -135.4566
282510909550004 0 0 -71.31007 -83.56109 -135.47565
282510919598077 0 0 -71.33657 -83.582886 -135.47853
282510929647452 0 0 -71.35804 -83.612885 -135.50215
282510939695525 0 0 -71.38344 -83.6465 -135.52437
282510949745629 0 0 -71.40339 -83.67091 -135.54063
282510959794170 0 0 -71.424095 -83.70335 -135.56631
282510969842452 0 0 -71.44555 -83.743744 -135.60435
282510979888650 0 0 -71.46349 -83.77547 -135.65425
282510989936254 0 0 -71.47991 -83.79805 -135.6934
282510999985889 0 0 -71.49719 -83.82807 -135.72282
282511010033077 0 0 -71.51849 -83.8614 -135.74136
282511020078597 0 0 -71.532524 -83.88566 -135.76082
282511030125629 0 0 -71.54933 -83.91791 -135.78595
282511040172139 0 0 -71.569 -83.94522 -135.7999
282511050219691 0 0 -71.57897 -83.95923 -135.80898
282511060267608 0 0 -71.58744 -83.9771 -135.82176
282511070312139 0 0 -71.595604 -84.00704 -135.84167
282511080357243 0 0 -71.604195 -84.040596 -135.8645
282511090404483 0 0 -71.6158 -84.0695 -135.88556
282511100453441 0 0 -71.62469 -84.09399 -135.91591
282511110503285 0 0 -71.634094 -84.11005 -135.95093
282511120551670 0 0 -71.639435 -84.137375 -135.97192
282511130598962 0 0 -71.648445 -84.16418 -135.98827
282511140645889 0 0 -71.6561 -84.18213 -136.00076
282511150692712 0 0 -71.65605 -84.19947 -136.01526
282511160738181 0 0 -71.654106 -84.21681 -136.04248
282511170787347 0 0 -71.65103 -84.2254 -136.06253
282511180835264 0 0 -71.65228 -84.24956 -136.06058
282511190882660 0 0 -71.64714 -84.28118 -136.06131
282511200929847 0 0 -71.63394 -84.30854 -136.0859
282511210979900 0 0 -71.61841 -84.34354 -136.11465
282511221028493 0 0 -71.59259 -84.3689 -136.13275
282511231078702 0 0 -71.570595 -84.377426 -136.1449
282511241126097 0 0 -71.5553 -84.39007 -136.1553
282511251173025 0 0 -71.53816 -84.42729 -136.18085
282511261220837 0 0 -71.513115 -84.471756 -136.2122
282511271268025 0 0 -71.48684 -84.50198 -136.21115
282511281315212 0 0 -71.46311 -84.51902 -136.19594
282511291364379 0 0 -71.43102 -84.53919 -136.17467
282511301412243 0 0 -71.39629 -84.57475 -136.14383
282511311458806 0 0 -71.36295 -84.60218 -136.13449
282511321508650 0 0 -71.31587 -84.620735 -136.13823
282511331556150 0 0 -71.274704 -84.64703 -136.13493
282511341601879 0 0 -71.241325 -84.66905 -136.13237
282511351647868 0 0 -71.20105 -84.69111 -136.15393
282511361692556 0 0 -71.152756 -84.71629 -136.17183
282511371738389 0 0 -71.10167 -84.74023 -136.17178
282511381784952 0 0 -71.05408 -84.76805 -136.17761
282511391832191 0 0 -71.00543 -84.807495 -136.18504
282511401877556 0 0 -70.953415 -84.84181 -136.19012
282511411925889 0 0 -70.89548 -84.87909 -136.19131
282511421974900 0 0 -70.82986 -84.9192 -136.18925
282511432021879 0 0 -70.76886 -84.9428 -136.20035
282511442067816 0 0 -70.70663 -84.96146 -136.20222
282511452114847 0 0 -70.63738 -84.98783 -136.2135
282511462163337 0 0 -70.56881 -85.02182 -136.22551
282511472207920 0 0 -70.49094 -85.05801 -136.2159
282511482256722 0 0 -70.40836 -85.08867 -136.19237
282511492306670 0 0 -70.32732 -85.13117 -136.17671
282511502355472 0 0 -70.24152 -85.181076 -136.17337
282511512404379 0 0 -70.141174 -85.22158 -136.18355
282511522455420 0 0 -70.04213 -85.2688 -136.17577
282511532504379 0 0 -69.94191 -85.31914 -136.17258
282511542552139 0 0 -69.83557 -85.36442 -136.18086
282511552600472 0 0 -69.73007 -85.41262 -136.1835
282511562647347 0 0 -69.61364 -85.446754 -136.17639
282511572693389 0 0 -69.49203 -85.47954 -136.1592
282511582740629 0 0 -69.37459 -85.52459 -136.16165
282511592788910 0 0 -69.25195 -85.56838 -136.16318
282511602837868 0 0 -69.121765 -85.60647 -136.15482
282511612885056 0 0 -68.99303 -85.635994 -136.15869
282511622931306 0 0 -68.85298 -85.67231 -136.15804
282511632976827 0 0 -68.70444 -85.70783 -136.1701
282511643022087 0 0 -68.56006 -85.75063 -136.1761
282511653067191 0 0 -68.41541 -85.79613 -136.17082
282511663114170 0 0 -68.25562 -85.81961 -136.16603
282511673161410 0 0 -68.08713 -85.83835 -136.17075
282511683211097 0 0 -67.917496 -85.864525 -136.1712
282511693260785 0 0 -67.74693 -85.88543 -136.15698
282511703310368 0 0 -67.56542 -85.897064 -136.14035
282511713358129 0 0 -67.38192 -85.90848 -136.13197
282511723404639 0 0 -67.193405 -85.911316 -136.12874
282511733451618 0 0 -66.99416 -85.9179 -136.13649
282511743498077 0 0 -66.79198 -85.9282 -136.14653
282511753543910 0 0 -66.589516 -85.933655 -136.14482
282511763590525 0 0 -66.3904 -85.94693 -136.13788
282511773635941 0 0 -66.18036 -85.94699 -136.12817
282511783683545 0 0 -65.96646 -85.93087 -136.13202
282511793732400 0 0 -65.74976 -85.930954 -136.13316
282511803782920 0 0 -65.51782 -85.938034 -136.12526
282511813830264 0 0 -65.28189 -85.93662 -136.12248
282511823877712 0 0 -65.049515 -85.92714 -136.12248
282511833926202 0 0 -64.82614 -85.922386 -136.13092
282511843976097 0 0 -64.60607 -85.9089 -136.12007
282511854025525 0 0 -64.37924 -85.88275 -136.1023
282511864073806 0 0 -64.13929 -85.86533 -136.1096
282511874122556 0 0 -63.894707 -85.84815 -136.12581
282511884170941 0 0 -63.6514 -85.81875 -136.13542
282511894218077 0 0 -63.411865 -85.781006 -136.12262
282511904265525 0 0 -63.17266 -85.751724 -136.1028
282511914308650 0 0 -62.934002 -85.718925 -136.08742
282511924350212 0 0 -62.685806 -85.67795 -136.06966
282511934393233 0 0 -62.4224 -85.6414 -136.06485
282511944437035 0 0 -62.162502 -85.593285 -136.05956
282511954480368 0 0 -61.904785 -85.53757 -136.04518
282511964524639 0 0 -61.643482 -85.47503 -136.04852
282511974570837 0 0 -61.38112 -85.40987 -136.06577
282511984617243 0 0 -61.120235 -85.3463 -136.09625
282511994664379 0 0 -60.860252 -85.27874 -136.09587
282512004712972 0 0 -60.596764 -85.20314 -136.06927
282512014757764 0 0 -60.33369 -85.1216 -136.0689
282512024802816 0 0 -60.07151 -85.03829 -136.09439
282512034847712 0 0 -59.811543 -84.948296 -136.11642
282512044891827 0 0 -59.557545 -84.851456 -136.12146
282512054937712 0 0 -59.299164 -84.756546 -136.13857
282512064985212 0 0 -59.037907 -84.647354 -136.16869
282512075032295 0 0 -58.79324 -84.54042 -136.18549
282512085078077 0 0 -58.554092 -84.44017 -136.21461
282512095123806 0 0 -58.307365 -84.32163 -136.26056
282512105169066 0 0 -58.067623 -84.193 -136.29451
282512115214535 0 0 -57.831985 -84.07498 -136.32562
282512125257295 0 0 -57.593597 -83.95922 -136.36147
282512135302920 0 0 -57.358162 -83.83366 -136.40224
282512145350160 0 0 -57.126713 -83.718636 -136.44003
282512155396097 0 0 -56.89864 -83.61018 -136.48405
282512165439900 0 0 -56.67836 -83.50047 -136.54146
282512175483337 0 0 -56.461346 -83.38457 -136.59106
282512185528754 0 0 -56.241226 -83.25848 -136.64078
282512195572347 0 0 -56.02193 -83.12217 -136.67699
282512205617816 0 0 -55.803814 -82.99265 -136.7169
282512215662504 0 0 -55.59127 -82.874054 -136.75954
282512225706983 0 0 -55.38372 -82.74939 -136.791
282512235749743 0 0 -55.181095 -82.618805 -136.81152
282512245794066 0 0 -54.985096 -82.482956 -136.83635
282512255837660 0 0 -54.786068 -82.35452 -136.88806
282512265883545 0 0 -54.58793 -82.22038 -136.9389
282512275928754 0 0 -54.396965 -82.085075 -136.99052
282512285973806 0 0 -54.21667 -81.960976 -137.04294
282512296020525 0 0 -54.050003 -81.84335 -137.07922
282512306067400 0 0 -53.87984 -81.71991 -137.1223
282512316114795 0 0 -53.706257 -81.59045 -137.16269
282512326160264 0 0 -53.53679 -81.4674 -137.1931
282512336205889 0 0 -53.371998 -81.34351 -137.24397
282512346251150 0 0 -53.21063 -81.210396 -137.30824
282512356297035 0 0 -53.046833 -81.07976 -137.37291
282512366340368 0 0 -52.88331 -80.94352 -137.43643
282512376383233 0 0 -52.721214 -80.809235 -137.47742
282512386424900 0 0 -52.566635 -80.694016 -137.5147
282512396468129 0 0 -52.41571 -80.5856 -137.56389
282512406510525 0 0 -52.261703 -80.46296 -137.61554
282512416555577 0 0 -52.115112 -80.34687 -137.66212
282512426601775 0 0 -51.965096 -80.24064 -137.69795
282512436648650 0 0 -51.81125 -80.12814 -137.73434
282512446696775 0 0 -51.665546 -80.013985 -137.76813
282512456742920 0 0 -51.52528 -79.9061 -137.79463
282512466788285 0 0 -51.388428 -79.80459 -137.82391
282512476834483 0 0 -51.25054 -79.70499 -137.85373
282512486877243 0 0 -51.114296 -79.59922 -137.88254
282512496923077 0 0 -50.98134 -79.49954 -137.90787
282512506968285 0 0 -50.849174 -79.40181 -137.93324
282512517012452 0 0 -50.724743 -79.302345 -137.96246
282512527055785 0 0 -50.603413 -79.208885 -137.98817
282512537098545 0 0 -50.48817 -79.12977 -138.01651
282512547143129 0 0 -50.376984 -79.06463 -138.04799
282512557187087 0 0 -50.25802 -78.99639 -138.08145
282512567231983 0 0 -50.135906 -78.916885 -138.10854
282512577277712 0 0 -50.021324 -78.83454 -138.1176
282512587322920 0 0 -49.90904 -78.754166 -138.13583
282512597367920 0 0 -49.793957 -78.6789 -138.14311
282512607413702 0 0 -49.68119 -78.60473 -138.13779
282512617459014 0 0 -49.568195 -78.52861 -138.15475
282512627503441 0 0 -49.45241 -78.45794 -138.17326
282512637551670 0 0 -49.34079 -78.38893 -138.19708
282512647598337 0 0 -49.23343 -78.30936 -138.22493
282512657645108 0 0 -49.126938 -78.23511 -138.24362
282512667690212 0 0 -49.024372 -78.17455 -138.25941
282512677734535 0 0 -48.917633 -78.11083 -138.27325
282512687776670 0 0 -48.807518 -78.03619 -138.29358
282512697821358 0 0 -48.69888 -77.971054 -138.31134
282512707865368 0 0 -48.593616 -77.91512 -138.3198
282512717909118 0 0 -48.49059 -77.84829 -138.33315
282512727951827 0 0 -48.396584 -77.779274 -138.35313
282512737996983 0 0 -48.30256 -77.71156 -138.37329
282512748043025 0 0 -48.20347 -77.64874 -138.38614
282512758088910 0 0 -48.104504 -77.5865 -138.38058
282512768136931 0 0 -48.011272 -77.52583 -138.38025
282512778184066 0 0 -47.9205 -77.470795 -138.38948
282512788230525 0 0 -47.82967 -77.417015 -138.40532
282512798275889 0 0 -47.743267 -77.35625 -138.41931
282512808323806 0 0 -47.657543 -77.27573 -138.4159
282512818372243 0 0 -47.576 -77.201294 -138.42154
282512828418702 0 0 -47.49644 -77.15746 -138.44516
282512838465160 0 0 -47.421528 -77.12319 -138.48062
282512848511097 0 0 -47.350147 -77.07692 -138.49806
282512858556514 0 0 -47.274677 -77.01894 -138.50945
282512868601254 0 0 -47.206387 -76.962326 -138.5189
282512878647452 0 0 -47.133816 -76.906136 -138.51427
282512888693545 0 0 -47.058926 -76.85115 -138.51709
282512898741931 0 0 -46.994232 -76.80613 -138.53049
282512908789379 0 0 -46.924717 -76.74549 -138.54393
282512918838233 0 0 -46.856 -76.68206 -138.56003
282512928885212 0 0 -46.7842 -76.62772 -138.57166
282512938932295 0 0 -46.718204 -76.5786 -138.579
282512948978702 0 0 -46.66298 -76.53057 -138.57715
282512959024900 0 0 -46.60203 -76.47502 -138.5735
282512969069900 0 0 -46.538666 -76.408226 -138.5699
282512979114795 0 0 -46.473274 -76.35878 -138.5626
282512989159847 0 0 -46.41095 -76.32294 -138.56541
282512999206097 0 0 -46.350464 -76.29181 -138.56525
282513009250420 0 0 -46.28931 -76.26145 -138.57188
282513019294327 0 0 -46.23763 -76.224236 -138.58765
282513029338129 0 0 -46.188293 -76.183426 -138.59299
282513039379327 0 0 -46.135593 -76.13953 -138.60849
282513049420785 0 0 -46.083946 -76.09661 -138.6268
282513059460056 0 0 -46.031475 -76.05409 -138.63283
282513069502295 0 0 -45.980625 -76.01672 -138.64517
282513079546566 0 0 -45.933258 -75.98426 -138.6569
282513089590368 0 0 -45.883186 -75.9404 -138.67772
282513099634222 0 0 -45.832947 -75.889114 -138.69461
282513109677608 0 0 -45.790436 -75.859276 -138.70479
282513119723702 0 0 -45.755 -75.83473 -138.72575
282513129766879 0 0 -45.71229 -75.79379 -138.73784
282513139810368 0 0 -45.66809 -75.737076 -138.74265
282513149855733 0 0 -45.625343 -75.686104 -138.76314
282513159902191 0 0 -45.578968 -75.644165 -138.78531
282513169947712 0 0 -45.535408 -75.60323 -138.80959
282513179994639 0 0 -45.49225 -75.54689 -138.83514
282513190039847 0 0 -45.448086 -75.49142 -138.8545
282513200085629 0 0 -45.415405 -75.44578 -138.87732
282513210129900 0 0 -45.37857 -75.38019 -138.88988
282513220174379 0 0 -45.335518 -75.31987 -138.90775
282513230221670 0 0 -45.29885 -75.27328 -138.92786
282513240266358 0 0 -45.26187 -75.207405 -138.95224
282513250308910 0 0 -45.2294 -75.1433 -138.98436
282513260353545 0 0 -45.20018 -75.0722 -139.00809
282513270399014 0 0 -45.16602 -74.98967 -139.0194
282513280441827 0 0 -45.128784 -74.9087 -139.03159
282513290483702 0 0 -45.086746 -74.817566 -139.06276
282513300525316 0 0 -45.046856 -74.72402 -139.08632
282513310569379 0 0 -45.01719 -74.632545 -139.10349
282513320614222 0 0 -44.991276 -74.53965 -139.14081
282513330661462 0 0 -44.960934 -74.44017 -139.175
282513340706358 0 0 -44.934387 -74.33884 -139.2103
282513350748597 0 0 -44.913437 -74.23607 -139.25546
282513360790004 0 0 -44.886192 -74.11497 -139.30608
282513370831358 0 0 -44.857014 -73.99235 -139.36227
282513380872139 0 0 -44.829025 -73.87588 -139.40508
282513390915472 0 0 -44.802425 -73.74124 -139.44179
282513400960160 0 0 -44.776474 -73.59716 -139.47974
282513411002660 0 0 -44.749874 -73.44781 -139.51653
282513421045629 0 0 -44.723797 -73.30176 -139.56192
282513431089275 0 0 -44.698948 -73.150604 -139.60857
282513441132191 0 0 -44.670486 -72.9738 -139.6529
282513451177087 0 0 -44.640823 -72.78832 -139.69885
282513461220993 0 0 -44.61612 -72.61081 -139.74297
282513471262139 0 0 -44.601917 -72.44174 -139.79604
282513481302660 0 0 -44.583527 -72.28388 -139.84389
282513491346254 0 0 -44.55384 -72.100296 -139.89476
282513501390837 0 0 -44.531807 -71.904816 -139.9566
282513511435525 0 0 -44.513275 -71.72163 -140.02016
282513521479795 0 0 -44.492638 -71.53807 -140.08592
282513531523077 0 0 -44.47372 -71.35397 -140.14336
282513541565420 0 0 -44.454723 -71.15716 -140.19516
282513551606670 0 0 -44.43493 -70.95633 -140.25175
282513561646566 0 0 -44.41611 -70.76396 -140.31676
282513571689587 0 0 -44.402718 -70.572014 -140.39418
282513581735004 0 0 -44.396675 -70.36758 -140.46022
282513591782712 0 0 -44.388397 -70.1508 -140.52417
282513601826514 0 0 -44.387703 -69.95116 -140.59195
282513611872816 0 0 -44.387024 -69.75548 -140.65839
282513621917347 0 0 -44.385986 -69.53602 -140.7459
282513631961462 0 0 -44.389465 -69.31255 -140.81711
282513642006827 0 0 -44.396538 -69.1055 -140.87445
282513652052764 0 0 -44.413456 -68.90794 -140.9561
282513662099743 0 0 -44.43076 -68.70578 -141.02269
282513672144900 0 0 -44.44028 -68.49554 -141.09837
282513682191097 0 0 -44.45208 -68.29387 -141.1784
282513692236879 0 0 -44.46932 -68.095825 -141.23643
282513702283702 0 0 -44.483257 -67.88176 -141.3079
282513712329743 0 0 -44.498203 -67.66818 -141.38342
282513722375525 0 0 -44.51981 -67.45495 -141.45186
282513732418858 0 0 -44.541588 -67.24942 -141.49727
282513742464379 0 0 -44.561047 -67.04791 -141.54234
282513752507556 0 0 -44.57657 -66.82642 -141.6009
282513762552243 0 0 -44.596287 -66.60062 -141.6344
282513772596150 0 0 -44.62997 -66.38831 -141.67303
282513782642504 0 0 -44.6599 -66.17268 -141.7329
282513792689847 0 0 -44.68369 -65.94904 -141.7952
282513802736983 0 0 -44.72585 -65.73095 -141.8631
282513812784066 0 0 -44.772095 -65.526085 -141.9445
282513822831931 0 0 -44.821186 -65.32555 -142.02628
282513832879222 0 0 -44.86825 -65.10799 -142.08614
282513842925577 0 0 -44.90825 -64.87819 -142.142
282513852974379 0 0 -44.95368 -64.65787 -142.21399
282513863020368 0 0 -44.999954 -64.454025 -142.27574
282513873067556 0 0 -45.045315 -64.25404 -142.33003
282513883111045 0 0 -45.097393 -64.046684 -142.3954
282513893155733 0 0 -45.152782 -63.848007 -142.46788
282513903202816 0 0 -45.21026 -63.6493 -142.5376
282513913248858 0 0 -45.271652 -63.450382 -142.59468
282513923293233 0 0 -45.332382 -63.259903 -142.66016
282513933337920 0 0 -45.394485 -63.065277 -142.72592
282513943385525 0 0 -45.45607 -62.86626 -142.7863
282513953435264 0 0 -45.521492 -62.667603 -142.85295
282513963484118 0 0 -45.59139 -62.46059 -142.90607
282513973534014 0 0 -45.666836 -62.254177 -142.96503
282513983584847 0 0 -45.74667 -62.027805 -143.02505
282513993631462 0 0 -45.81803 -61.797688 -143.08513
282514003678545 0 0 -45.88784 -61.58442 -143.14516
282514013724535 0 0 -45.96121 -61.383163 -143.18454
282514023773493 0 0 -46.04137 -61.178318 -143.2293
282514033821879 0 0 -46.127563 -60.966232 -143.28845
282514043871410 0 0 -46.21568 -60.77096 -143.3527
282514053919691 0 0 -46.296936 -60.58376 -143.42378
282514063966983 0 0 -46.375504 -60.37969 -143.48563
282514074016462 0 0 -46.456413 -60.16735 -143.53773
282514084067139 0 0 -46.538883 -59.95549 -143.59372
282514094115368 0 0 -46.6205 -59.727867 -143.6558
282514104167087 0 0 -46.698032 -59.50037 -143.71078
282514114216045 0 0 -46.778812 -59.298077 -143.76508
282514124266306 0 0 -46.869293 -59.100513 -143.82426
282514134317556 0 0 -46.96552 -58.906944 -143.87378
282514144368962 0 0 -47.051666 -58.713116 -143.93059
282514154418702 0 0 -47.135586 -58.507393 -144.00049
282514164467556 0 0 -47.22667 -58.30162 -144.0535
282514174520264 0 0 -47.32233 -58.091953 -144.10281
282514184571306 0 0 -47.415337 -57.89478 -144.15521
282514194619483 0 0 -47.510098 -57.714092 -144.2097
282514204668597 0 0 -47.60178 -57.529026 -144.26894
282514214717295 0 0 -47.687977 -57.334904 -144.31447
282514224767868 0 0 -47.776356 -57.132427 -144.3537
282514234817712 0 0 -47.861057 -56.93418 -144.39894
282514244866775 0 0 -47.935917 -56.73558 -144.44531
282514254914900 0 0 -48.01929 -56.545197 -144.4819
282514264962452 0 0 -48.10606 -56.354633 -144.51276
282514275009170 0 0 -48.189896 -56.159924 -144.54883
282514285055264 0 0 -48.27828 -55.973736 -144.59204
282514295101514 0 0 -48.368073 -55.78731 -144.63306
282514305145785 0 0 -48.457928 -55.604836 -144.6758
282514315192764 0 0 -48.550945 -55.43441 -144.72008
282514325239743 0 0 -48.64268 -55.271507 -144.76367
282514335285941 0 0 -48.737633 -55.10819 -144.81075
282514345332295 0 0 -48.834564 -54.93624 -144.86082
282514355379275 0 0 -48.93038 -54.747467 -144.9109
282514365427712 0 0 -49.031715 -54.57485 -144.95578
282514375475420 0 0 -49.125217 -54.41797 -145.00883
282514385522139 0 0 -49.214478 -54.247856 -145.06001
282514395570160 0 0 -49.310097 -54.08528 -145.10188
282514405617556 0 0 -49.41427 -53.94695 -145.1479
282514415665733 0 0 -49.51023 -53.794853 -145.19333
282514425713910 0 0 -49.597424 -53.637527 -145.24225
282514435761358 0 0 -49.697826 -53.496223 -145.28996
282514445809952 0 0 -49.795055 -53.349228 -145.32697
282514455858337 0 0 -49.890335 -53.204983 -145.357
282514465906827 0 0 -49.988766 -53.05993 -145.39078
282514475954952 0 0 -50.090263 -52.914505 -145.4407
282514486002087 0 0 -50.19796 -52.76434 -145.49266
282514496051097 0 0 -50.297394 -52.600426 -145.53767
282514506100733 0 0 -50.394714 -52.452038 -145.58293
282514516147816 0 0 -50.50373 -52.323242 -145.61845
282514526195108 0 0 -50.6129 -52.21385 -145.66653
282514536240212 0 0 -50.717957 -52.10682 -145.72043
282514546286775 0 0 -50.825417 -51.9935 -145.7587
282514556333754 0 0 -50.9339 -51.878685 -145.80112
282514566382243 0 0 -51.03715 -51.758 -145.84598
282514576429639 0 0 -51.133244 -51.64377 -145.89493
282514586476410 0 0 -51.236115 -51.540394 -145.94417
282514596522243 0 0 -51.338337 -51.422623 -145.98425
282514606567816 0 0 -51.438606 -51.295506 -146.03796
282514616613910 0 0 -51.540638 -51.171165 -146.0926
282514626659795 0 0 -51.644394 -51.049244 -146.13878
282514636704535 0 0 -51.74958 -50.954487 -146.18832
282514646753129 0 0 -51.853283 -50.865593 -146.23398
282514656800941 0 0 -51.955612 -50.77015 -146.27151
282514666846775 0 0 -52.051632 -50.65997 -146.30182
282514676893597 0 0 -52.14325 -50.54814 -146.34125
282514686940681 0 0 -52.23621 -50.434685 -146.38167
282514696986358 0 0 -52.324818 -50.31926 -146.41852
282514707033597 0 0 -52.4047 -50.209984 -146.45708
282514717080108 0 0 -52.485455 -50.10687 -146.48827
282514727126202 0 0 -52.568226 -50.0184 -146.5251
282514737174222 0 0 -52.6556 -49.935875 -146.5566
282514747218754 0 0 -52.7425 -49.85069 -146.57733
282514757266514 0 0 -52.820835 -49.75911 -146.6083
282514767313962 0 0 -52.90325 -49.669563 -146.63696
282514777363025 0 0 -52.988384 -49.58603 -146.66412
282514787408545 0 0 -53.07483 -49.512775 -146.69992
282514797453806 0 0 -53.158955 -49.436687 -146.72856
282514807501827 0 0 -53.230694 -49.365417 -146.74773
282514817549952 0 0 -53.306057 -49.291874 -146.77086
282514827598754 0 0 -53.3786 -49.22426 -146.80676
282514837648181 0 0 -53.447563 -49.182312 -146.8417
282514847695420 0 0 -53.518196 -49.149277 -146.86954
282514857742660 0 0 -53.585644 -49.104603 -146.89622
282514867791462 0 0 -53.649864 -49.060654 -146.91982
282514877840837 0 0 -53.704674 -49.012817 -146.93251
282514887889222 0 0 -53.75084 -48.96538 -146.93784
282514897938233 0 0 -53.80045 -48.922916 -146.9359
282514907987139 0 0 -53.854137 -48.87729 -146.92899
282514918035264 0 0 -53.90686 -48.820446 -146.92418
282514928084952 0 0 -53.962284 -48.765484 -146.93706
282514938132660 0 0 -54.014698 -48.711575 -146.95024
282514948181306 0 0 -54.06855 -48.662598 -146.95345
282514958230525 0 0 -54.125557 -48.63128 -146.96304
282514968277295 0 0 -54.18081 -48.5966 -146.97537
282514978323077 0 0 -54.23506 -48.55059 -146.99252
282514988369118 0 0 -54.283745 -48.513515 -147.01141
282514998415264 0 0 -54.332043 -48.48108 -147.0239
282515008463025 0 0 -54.378788 -48.445293 -147.03905
282515018509379 0 0 -54.42023 -48.4059 -147.0517
282515028554795 0 0 -54.456352 -48.375416 -147.06929
282515038603337 0 0 -54.497417 -48.345726 -147.08485
282515048652920 0 0 -54.540268 -48.30824 -147.08922
282515058700629 0 0 -54.5734 -48.27551 -147.10274
282515068747035 0 0 -54.60515 -48.251682 -147.12007
282515078794743 0 0 -54.640633 -48.232246 -147.12677
282515088842816 0 0 -54.68118 -48.201458 -147.13985
282515098893493 0 0 -54.718575 -48.154667 -147.14565
282515108941254 0 0 -54.745766 -48.108723 -147.16037
282515118990577 0 0 -54.774757 -48.08041 -147.18494
282515129039014 0 0 -54.806355 -48.04859 -147.20457
282515139084327 0 0 -54.841072 -48.017754 -147.22893
282515149128233 0 0 -54.88063 -47.999756 -147.24602
282515159174327 0 0 -54.916348 -47.973644 -147.2567
282515169219170 0 0 -54.94887 -47.943794 -147.26442
282515179262816 0 0 -54.98378 -47.92333 -147.2874
282515189306306 0 0 -55.02493 -47.89984 -147.31995
282515199351566 0 0 -55.059017 -47.87243 -147.3502
282515209398025 0 0 -55.087357 -47.849373 -147.37863
282515219443129 0 0 -55.119602 -47.818874 -147.40752
282515229487920 0 0 -55.15248 -47.78537 -147.44753
282515239533754 0 0 -55.187187 -47.756386 -147.47702
282515249578129 0 0 -55.226036 -47.74803 -147.49077
282515259624170 0 0 -55.26339 -47.74829 -147.51454
282515269671358 0 0 -55.300114 -47.73641 -147.53981
282515279716306 0 0 -55.3341 -47.736526 -147.55382
282515289762504 0 0 -55.36492 -47.73279 -147.57726
282515299810160 0 0 -55.397255 -47.70482 -147.60046
282515309857712 0 0 -55.429527 -47.681507 -147.62341
282515319906983 0 0 -55.463627 -47.66293 -147.64865
282515329955525 0 0 -55.500114 -47.65268 -147.66386
282515340003493 0 0 -55.535152 -47.65088 -147.68285
282515350049275 0 0 -55.570187 -47.641083 -147.7036
282515360094275 0 0 -55.605915 -47.61573 -147.73761
282515370140629 0 0 -55.641636 -47.582848 -147.7731
282515380189587 0 0 -55.67537 -47.55414 -147.79306
282515390240264 0 0 -55.710903 -47.530167 -147.81226
282515400289222 0 0 -55.745007 -47.51482 -147.83202
282515410336045 0 0 -55.78089 -47.50405 -147.85413
282515420382035 0 0 -55.822414 -47.485657 -147.87627
282515430426827 0 0 -55.86817 -47.46362 -147.89296
282515440471306 0 0 -55.91477 -47.454426 -147.91304
282515450517139 0 0 -55.95608 -47.440983 -147.9274
282515460563181 0 0 -55.999756 -47.423733 -147.93704
282515470609535 0 0 -56.0501 -47.407078 -147.94424
282515480655056 0 0 -56.102604 -47.386993 -147.9562
282515490702139 0 0 -56.15534 -47.36389 -147.98589
282515500747920 0 0 -56.21774 -47.337433 -148.00829
282515510793754 0 0 -56.287014 -47.31596 -148.0313
282515520841358 0 0 -56.357967 -47.303387 -148.05992
282515530887868 0 0 -56.432564 -47.28695 -148.07985
282515540935472 0 0 -56.50579 -47.2586 -148.09822
282515550981931 0 0 -56.583336 -47.218254 -148.0978
282515561025733 0 0 -56.666725 -47.191216 -148.09628
282515571070889 0 0 -56.750908 -47.169296 -148.10692
282515581120108 0 0 -56.83486 -47.13132 -148.10918
282515591167920 0 0 -56.92784 -47.090595 -148.11406
282515601216879 0 0 -57.02969 -47.047066 -148.11841
282515611263285 0 0 -57.133125 -47.016575 -148.11646
282515621310629 0 0 -57.23155 -46.966297 -148.11667
282515631358858 0 0 -57.341908 -46.909637 -148.12135
282515641407452 0 0 -57.468903 -46.855156 -148.1328
282515651455108 0 0 -57.60265 -46.814224 -148.13924
282515661502712 0 0 -57.741135 -46.786503 -148.14134
282515671554379 0 0 -57.8802 -46.743107 -148.14093
282515681603962 0 0 -58.01774 -46.696655 -148.14288
282515691654900 0 0 -58.163143 -46.659546 -148.13927
282515701703233 0 0 -58.321983 -46.619553 -148.12735
282515711753025 0 0 -58.481403 -46.58121 -148.13638
282515721802243 0 0 -58.641968 -46.548077 -148.15054
282515731851827 0 0 -58.805115 -46.502827 -148.13974
282515741900056 0 0 -58.974262 -46.47136 -148.13687
282515751949431 0 0 -59.145557 -46.453262 -148.14288
282515761997972 0 0 -59.317886 -46.42731 -148.14046
282515772046202 0 0 -59.507492 -46.40278 -148.13814
282515782094014 0 0 -59.702003 -46.387196 -148.13402
282515792142347 0 0 -59.8945 -46.371986 -148.12941
282515802192139 0 0 -60.092712 -46.345257 -148.12405
282515812240056 0 0 -60.296318 -46.3199 -148.13159
282515822288441 0 0 -60.501377 -46.307587 -148.14157
282515832336150 0 0 -60.709846 -46.295773 -148.1491
282515842384743 0 0 -60.919086 -46.292732 -148.16199
282515852433754 0 0 -61.12849 -46.29398 -148.17369
282515862483858 0 0 -61.342083 -46.275276 -148.18704
282515872534483 0 0 -61.552708 -46.252388 -148.18376
282515882585108 0 0 -61.762165 -46.238228 -148.18039
282515892637452 0 0 -61.97924 -46.24097 -148.17195
282515902685264 0 0 -62.196213 -46.24799 -148.16588
282515912736514 0 0 -62.41396 -46.251266 -148.16739
282515922786566 0 0 -62.639355 -46.246197 -148.14896
282515932836670 0 0 -62.86965 -46.241646 -148.1312
282515942885733 0 0 -63.10198 -46.25875 -148.14174
282515952933754 0 0 -63.333977 -46.279636 -148.14803
282515962985368 0 0 -63.566467 -46.296196 -148.1523
282515973034483 0 0 -63.79989 -46.312607 -148.1548
282515983082295 0 0 -64.03992 -46.328854 -148.14764
282515993128545 0 0 -64.283195 -46.349644 -148.15417
282516003176410 0 0 -64.52092 -46.37816 -148.16153
282516013223129 0 0 -64.7562 -46.422188 -148.16017
282516023271150 0 0 -64.99681 -46.46975 -148.15623
282516033317816 0 0 -65.23573 -46.51227 -148.14795
282516043364014 0 0 -65.47102 -46.562035 -148.1371
282516053411097 0 0 -65.69784 -46.610573 -148.12448
282516063458285 0 0 -65.91373 -46.666084 -148.11475
282516073505837 0 0 -66.13093 -46.721294 -148.12224
282516083553545 0 0 -66.35202 -46.76751 -148.12637
282516093602452 0 0 -66.57673 -46.828876 -148.11394
282516103648337 0 0 -66.8031 -46.89328 -148.10027
282516113693858 0 0 -67.02621 -46.952557 -148.09235
282516123743181 0 0 -67.24667 -47.02318 -148.09142
282516133791827 0 0 -67.463295 -47.09606 -148.07823
282516143839483 0 0 -67.68061 -47.163666 -148.06654
282516153889743 0 0 -67.897964 -47.234467 -148.06352
282516163941410 0 0 -68.114044 -47.312122 -148.0604
282516173990837 0 0 -68.327614 -47.388367 -148.05989
282516184038597 0 0 -68.53251 -47.45863 -148.0541
282516194085889 0 0 -68.72645 -47.518883 -148.04346
282516204136045 0 0 -68.925865 -47.590084 -148.0189
282516214185472 0 0 -69.138824 -47.664722 -147.99623
282516224235056 0 0 -69.35315 -47.738567 -147.98792
282516234284535 0 0 -69.5687 -47.82336 -147.97925
282516244334170 0 0 -69.78371 -47.90647 -147.9665
282516254382347 0 0 -69.99378 -47.983486 -147.94447
282516264429691 0 0 -70.20079 -48.06715 -147.92328
282516274475681 0 0 -70.406204 -48.14115 -147.90411
282516284523754 0 0 -70.60421 -48.230415 -147.9034
282516294573754 0 0 -70.79262 -48.317505 -147.89813
282516304619900 0 0 -70.98426 -48.386414 -147.88004
282516314666150 0 0 -71.18253 -48.474796 -147.86415
282516324714431 0 0 -71.37674 -48.573658 -147.84975
282516334763597 0 0 -71.55598 -48.64589 -147.84293
282516344811514 0 0 -71.73537 -48.716785 -147.83511
282516354859170 0 0 -71.92366 -48.794212 -147.80579
282516364908545 0 0 -72.111984 -48.86991 -147.76656
282516374956775 0 0 -72.3039 -48.9574 -147.75198
282516385006202 0 0 -72.49316 -49.05145 -147.74121
282516395055525 0 0 -72.673546 -49.14721 -147.72318
282516405105629 0 0 -72.85422 -49.228935 -147.70323
282516415153910 0 0 -73.0305 -49.317455 -147.694
282516425199847 0 0 -73.19988 -49.420906 -147.70302
282516435244952 0 0 -73.3721 -49.526245 -147.70102
282516445290368 0 0 -73.546524 -49.62966 -147.69737
282516455333285 0 0 -73.7161 -49.735115 -147.69768
282516465377868 0 0 -73.88219 -49.85039 -147.68979
282516475424222 0 0 -74.04639 -49.947098 -147.68013
282516485470056 0 0 -74.2054 -50.041687 -147.66812
282516495515525 0 0 -74.364265 -50.142845 -147.66241
282516505559795 0 0 -74.523575 -50.254215 -147.65375
282516515604535 0 0 -74.67391 -50.375298 -147.64497
282516525649118 0 0 -74.823105 -50.49432 -147.64517
282516535693077 0 0 -74.97364 -50.61548 -147.6538
282516545739743 0 0 -75.12165 -50.750782 -147.66983
282516555788285 0 0 -75.25977 -50.886723 -147.6724
282516565838702 0 0 -75.39586 -51.01161 -147.66771
282516575889118 0 0 -75.539925 -51.130882 -147.67827
282516585937712 0 0 -75.67908 -51.2595 -147.67786
282516595981722 0 0 -75.81408 -51.3893 -147.67198
282516606026670 0 0 -75.946365 -51.51682 -147.67557
282516616071931 0 0 -76.07528 -51.650227 -147.68939
282516626120889 0 0 -76.20473 -51.788853 -147.6903
282516636167920 0 0 -76.32838 -51.928333 -147.68317
282516646213077 0 0 -76.450226 -52.05695 -147.67833
282516656259483 0 0 -76.567055 -52.19066 -147.66264
282516666306618 0 0 -76.67894 -52.33018 -147.66127
282516676351983 0 0 -76.78737 -52.45909 -147.672
282516686398025 0 0 -76.89989 -52.589294 -147.66855
282516696444014 0 0 -77.01333 -52.712803 -147.66074
282516706490733 0 0 -77.12698 -52.837795 -147.64647
282516716535525 0 0 -77.24705 -52.968803 -147.63376
282516726581827 0 0 -77.36589 -53.1054 -147.6217
282516736627295 0 0 -77.47986 -53.235184 -147.61337
282516746671358 0 0 -77.59529 -53.36257 -147.60721
282516756716827 0 0 -77.70713 -53.491245 -147.59569
282516766762764 0 0 -77.81673 -53.617237 -147.58128
282516776808441 0 0 -77.92412 -53.740902 -147.5734
282516786855004 0 0 -78.0263 -53.853725 -147.56271
282516796899170 0 0 -78.12888 -53.968315 -147.54877
282516806944587 0 0 -78.230705 -54.07689 -147.5437
282516816987139 0 0 -78.33175 -54.17911 -147.53487
282516827031306 0 0 -78.43443 -54.29166 -147.52623
282516837075108 0 0 -78.52939 -54.401962 -147.5257
282516847119483 0 0 -78.61502 -54.497463 -147.52313
282516857164275 0 0 -78.70131 -54.60693 -147.50583
282516867207608 0 0 -78.787735 -54.714245 -147.48831
282516877249379 0 0 -78.87264 -54.795235 -147.4782
282516887292920 0 0 -78.955864 -54.87461 -147.46828
282516897338285 0 0 -79.0393 -54.952885 -147.47046
282516907384639 0 0 -79.12543 -55.03382 -147.47168
282516917433702 0 0 -79.203606 -55.10855 -147.46501
282516927481931 0 0 -79.278915 -55.185707 -147.45612
282516937528806 0 0 -79.35082 -55.26093 -147.4386
282516947573389 0 0 -79.42516 -55.32251 -147.41916
282516957618493 0 0 -79.49542 -55.39093 -147.40163
282516967662504 0 0 -79.55352 -55.46211 -147.4005
282516977706358 0 0 -79.61481 -55.53608 -147.39845
282516987750785 0 0 -79.68242 -55.608612 -147.38797
282516997798233 0 0 -79.743614 -55.683727 -147.3827
282517007844379 0 0 -79.79109 -55.748432 -147.37117
282517017891306 0 0 -79.83891 -55.80791 -147.36221
282517027935108 0 0 -79.89388 -55.87073 -147.35764
282517037980472 0 0 -79.95154 -55.932114 -147.34267
282517048027608 0 0 -80.00439 -55.980118 -147.3342
282517058074275 0 0 -80.05488 -56.03109 -147.32355
282517068121670 0 0 -80.106255 -56.08079 -147.30319
282517078168650 0 0 -80.16354 -56.12606 -147.29327
282517088215004 0 0 -80.22167 -56.158657 -147.29431
282517098260525 0 0 -80.2818 -56.18693 -147.30336
282517108305004 0 0 -80.33636 -56.2102 -147.30692
282517118350368 0 0 -80.384766 -56.23671 -147.30605
282517128395368 0 0 -80.43208 -56.274715 -147.30011
282517138443285 0 0 -80.482704 -56.328434 -147.29453
282517148492243 0 0 -80.53231 -56.380974 -147.28593
282517158539639 0 0 -80.583046 -56.40814 -147.27776
282517168584066 0 0 -80.63474 -56.422886 -147.27739
282517178629222 0 0 -80.684105 -56.441376 -147.27779
282517188675056 0 0 -80.7306 -56.45933 -147.27562
282517198716722 0 0 -80.77919 -56.485386 -147.27957
282517208758233 0 0 -80.83235 -56.523026 -147.27356
282517218800785 0 0 -80.88505 -56.563698 -147.25851
282517228842243 0 0 -80.93797 -56.599724 -147.24925
282517238882400 0 0 -80.99113 -56.630882 -147.2363
282517248927816 0 0 -81.03842 -56.64066 -147.21693
282517258974170 0 0 -81.08548 -56.64221 -147.20012
282517269019587 0 0 -81.130875 -56.651863 -147.1846
282517279066827 0 0 -81.17407 -56.66526 -147.16702
282517289115108 0 0 -81.216866 -56.694836 -147.15428
282517299162191 0 0 -81.25949 -56.71619 -147.15642
282517309209222 0 0 -81.30762 -56.729374 -147.16211
282517319254691 0 0 -81.354774 -56.742188 -147.16457
282517329300629 0 0 -81.3997 -56.75868 -147.16463
282517339344952 0 0 -81.44183 -56.774254 -147.14966
282517349390525 0 0 -81.482544 -56.785522 -147.13791
282517359435785 0 0 -81.52491 -56.800518 -147.1198
282517369479014 0 0 -81.56018 -56.81082 -147.10042
282517379523129 0 0 -81.601555 -56.829926 -147.09885
282517389570264 0 0 -81.64588 -56.848778 -147.09618
282517399615941 0 0 -81.688736 -56.86284 -147.08401
282517409660889 0 0 -81.73875 -56.892994 -147.06497
282517419706983 0 0 -81.79647 -56.931206 -147.05069
282517429753650 0 0 -81.84996 -56.9607 -147.04622
282517439798389 0 0 -81.90531 -57.009888 -147.03659
282517449845681 0 0 -81.967 -57.07028 -147.01671
282517459891254 0 0 -82.03205 -57.10899 -146.98776
282517469937452 0 0 -82.09391 -57.14707 -146.96619
282517479986410 0 0 -82.15323 -57.188747 -146.95515
282517490032191 0 0 -82.21135 -57.229366 -146.93811
282517500075681 0 0 -82.268745 -57.285595 -146.92589
282517510120108 0 0 -82.325584 -57.344902 -146.91722
282517520165941 0 0 -82.382 -57.394684 -146.90154
282517530210472 0 0 -82.444824 -57.44371 -146.88393
282517540256566 0 0 -82.51134 -57.500187 -146.86905
282517550306202 0 0 -82.56523 -57.55486 -146.84848
282517560355993 0 0 -82.62995 -57.61281 -146.82204
282517570402087 0 0 -82.70455 -57.681877 -146.78456
282517580449795 0 0 -82.77508 -57.75744 -146.74312
282517590495993 0 0 -82.84229 -57.831406 -146.70308
282517600545004 0 0 -82.91005 -57.90418 -146.66951
282517610593389 0 0 -82.976906 -57.991825 -146.63797
282517620638441 0 0 -83.04606 -58.089733 -146.59775
282517630681202 0 0 -83.11557 -58.19795 -146.55894
282517640725316 0 0 -83.18924 -58.316326 -146.51727
282517650771827 0 0 -83.260735 -58.44049 -146.47739
282517660818597 0 0 -83.3269 -58.574276 -146.44058
282517670865368 0 0 -83.38867 -58.697006 -146.40155
282517680911306 0 0 -83.446014 -58.82123 -146.36464
282517690954639 0 0 -83.50221 -58.942413 -146.31288
282517700999639 0 0 -83.554695 -59.069252 -146.26369
282517711043493 0 0 -83.60657 -59.210384 -146.23242
282517721086410 0 0 -83.65857 -59.356865 -146.20218
282517731130160 0 0 -83.7152 -59.500187 -146.15839
282517741174014 0 0 -83.76988 -59.66038 -146.09889
282517751217972 0 0 -83.82205 -59.833424 -146.03627
282517761260889 0 0 -83.870575 -60.011044 -145.97643
282517771306410 0 0 -83.91919 -60.205475 -145.9162
282517781351306 0 0 -83.96683 -60.39609 -145.8603
282517791397035 0 0 -84.00857 -60.574257 -145.7969
282517801442087 0 0 -84.05253 -60.7572 -145.73773
282517811486254 0 0 -84.09477 -60.956715 -145.67876
282517821529639 0 0 -84.13547 -61.159927 -145.60945
282517831575629 0 0 -84.174774 -61.354908 -145.53821
282517841619014 0 0 -84.213745 -61.562256 -145.46977
282517851662295 0 0 -84.2544 -61.769806 -145.40858
282517861706670 0 0 -84.29106 -61.97718 -145.34993
282517871751150 0 0 -84.32557 -62.196457 -145.28815
282517881792868 0 0 -84.360565 -62.419052 -145.21555
282517891836306 0 0 -84.39605 -62.645206 -145.13855
282517901879118 0 0 -84.424576 -62.862514 -145.06459
282517911921670 0 0 -84.44252 -63.07083 -144.9885
282517921965004 0 0 -84.45609 -63.299118 -144.91112
282517932007035 0 0 -84.4655 -63.534897 -144.83759
282517942051618 0 0 -84.46789 -63.757507 -144.76369
282517952097920 0 0 -84.47506 -63.996246 -144.69168
282517962143962 0 0 -84.48386 -64.24238 -144.6186
282517972188806 0 0 -84.4781 -64.47469 -144.54431
282517982233545 0 0 -84.46291 -64.71436 -144.47859
282517992279431 0 0 -84.45297 -64.95757 -144.41345
282518002325472 0 0 -84.442055 -65.1877 -144.34923
282518012370056 0 0 -84.428055 -65.429375 -144.28877
282518022418285 0 0 -84.41362 -65.67432 -144.22736
282518032464900 0 0 -84.39642 -65.90593 -144.16423
282518042511618 0 0 -84.37463 -66.12405 -144.08751
282518052555472 0 0 -84.34822 -66.341736 -144.01735
282518062601618 0 0 -84.325386 -66.563675 -143.95776
282518072645993 0 0 -84.3049 -66.780975 -143.8926
282518082690733 0 0 -84.28152 -67.01033 -143.83745
282518092735837 0 0 -84.25531 -67.25078 -143.7703
282518102781097 0 0 -84.23037 -67.47754 -143.6817
282518112825889 0 0 -84.20143 -67.70816 -143.60945
282518122870837 0 0 -84.16175 -67.93398 -143.54825
282518132916254 0 0 -84.12544 -68.14783 -143.50546
282518142960420 0 0 -84.08857 -68.36138 -143.4643
282518153005108 0 0 -84.04055 -68.56556 -143.40842
282518163051150 0 0 -83.99715 -68.77802 -143.3537
282518173093702 0 0 -83.95392 -68.994286 -143.30106
282518183137087 0 0 -83.90732 -69.18966 -143.24611
282518193182556 0 0 -83.86412 -69.38531 -143.1919
282518203230108 0 0 -83.80858 -69.57662 -143.14268
282518213273441 0 0 -83.7411 -69.75134 -143.09726
282518223317347 0 0 -83.67437 -69.91857 -143.05566
282518233363181 0 0 -83.609665 -70.07485 -143.02953
282518243410056 0 0 -83.544365 -70.22805 -143.0076
282518253454587 0 0 -83.476036 -70.37391 -142.98703
282518263497660 0 0 -83.40966 -70.521225 -142.97644
282518273542035 0 0 -83.34074 -70.6773 -142.95586
282518283586150 0 0 -83.27119 -70.84241 -142.93741
282518293630629 0 0 -83.2068 -71.004326 -142.91821
282518303676254 0 0 -83.143845 -71.15036 -142.88577
282518313721462 0 0 -83.08273 -71.29787 -142.86354
282518323769275 0 0 -83.01645 -71.45081 -142.85686
282518333813285 0 0 -82.94658 -71.592094 -142.8448
282518343860056 0 0 -82.884346 -71.734764 -142.82838
282518353906202 0 0 -82.81558 -71.898575 -142.81062
282518363949795 0 0 -82.738686 -72.07035 -142.77847
282518373995941 0 0 -82.65578 -72.23836 -142.7461
282518384042139 0 0 -82.57005 -72.411 -142.71645
282518394086879 0 0 -82.480415 -72.57955 -142.6766
282518404132087 0 0 -82.38196 -72.736626 -142.65245
282518414175629 0 0 -82.27913 -72.89847 -142.63142
282518424218702 0 0 -82.17884 -73.07317 -142.60594
282518434261410 0 0 -82.087395 -73.25306 -142.58904
282518444306722 0 0 -81.99411 -73.416916 -142.56932
282518454351566 0 0 -81.89012 -73.58041 -142.5323
282518464397816 0 0 -81.788086 -73.75287 -142.49718
282518474442504 0 0 -81.68635 -73.909546 -142.46217
282518484486358 0 0 -81.57594 -74.06668 -142.42833
282518494534066 0 0 -81.459335 -74.240845 -142.3995
282518504580004 0 0 -81.33874 -74.419014 -142.36143
282518514624795 0 0 -81.216705 -74.60486 -142.30147
282518524669795 0 0 -81.09395 -74.79064 -142.23468
282518534716670 0 0 -80.96301 -74.96462 -142.1841
282518544760316 0 0 -80.8265 -75.14284 -142.13464
282518554805056 0 0 -80.6926 -75.32973 -142.08733
282518564849743 0 0 -80.55832 -75.5047 -142.04425
282518574893441 0 0 -80.429695 -75.69653 -141.99991
282518584937243 0 0 -80.29906 -75.90456 -141.95346
282518594983285 0 0 -80.159836 -76.09531 -141.89456
282518605026514 0 0 -80.02487 -76.2658 -141.83183
282518615070420 0 0 -79.88565 -76.436935 -141.77904
282518625114795 0 0 -79.742744 -76.624306 -141.71552
282518635157972 0 0 -79.60203 -76.81561 -141.64175
282518645200681 0 0 -79.466736 -76.9951 -141.57108
282518655245472 0 0 -79.32269 -77.18298 -141.50945
282518665290785 0 0 -79.18012 -77.38337 -141.45097
282518675336775 0 0 -79.0416 -77.587326 -141.37535
282518685382972 0 0 -78.89713 -77.77894 -141.30934
282518695428441 0 0 -78.75875 -77.96303 -141.25269
282518705474900 0 0 -78.62243 -78.15157 -141.19812
282518715522400 0 0 -78.48825 -78.33194 -141.1351
282518725568337 0 0 -78.3574 -78.51213 -141.05484
282518735615368 0 0 -78.220314 -78.69261 -140.98232
282518745663389 0 0 -78.07596 -78.86486 -140.90761
282518755712035 0 0 -77.93192 -79.0409 -140.81097
282518765761514 0 0 -77.784996 -79.22537 -140.71599
282518775811045 0 0 -77.62722 -79.401695 -140.62976
282518785860420 0 0 -77.46696 -79.57429 -140.54697
282518795910525 0 0 -77.30979 -79.75525 -140.4545
282518805960785 0 0 -77.15945 -79.94473 -140.35768
282518816011618 0 0 -77.01835 -80.135124 -140.2738
282518826064535 0 0 -76.87828 -80.30984 -140.20348
282518836115993 0 0 -76.746826 -80.46906 -140.13486
282518846166306 0 0 -76.62677 -80.63311 -140.0533
282518856215472 0 0 -76.51551 -80.78578 -139.96762
282518866261097 0 0 -76.41218 -80.93573 -139.88824
282518876307556 0 0 -76.31397 -81.09104 -139.81342
282518886353181 0 0 -76.225296 -81.24337 -139.73473
282518896398181 0 0 -76.14077 -81.408714 -139.64906
282518906443025 0 0 -76.049706 -81.57821 -139.55586
282518916486670 0 0 -75.95366 -81.73547 -139.45335
282518926531983 0 0 -75.8619 -81.90538 -139.33498
282518936576722 0 0 -75.777534 -82.08419 -139.21533
282518946622868 0 0 -75.70157 -82.27995 -139.09483
282518956670212 0 0 -75.62772 -82.47528 -138.95822
282518966713545 0 0 -75.55435 -82.64576 -138.8104
282518976758754 0 0 -75.488594 -82.828545 -138.64024
282518986805264 0 0 -75.42391 -83.03205 -138.47267
282518996852608 0 0 -75.35674 -83.23146 -138.3127
282519006900785 0 0 -75.29022 -83.43461 -138.14441
282519016949795 0 0 -75.221756 -83.64907 -137.95702
282519026997087 0 0 -75.15471 -83.858154 -137.74223
282519037043337 0 0 -75.08773 -84.06684 -137.52632
282519047090785 0 0 -75.0294 -84.29557 -137.2992
282519057138337 0 0 -74.977936 -84.51917 -137.05312
282519067183337 0 0 -74.92753 -84.73781 -136.79958
282519077227452 0 0 -74.88038 -84.98025 -136.54062
282519087274066 0 0 -74.83641 -85.2461 -136.27629
282519097320733 0 0 -74.79276 -85.50189 -135.99835
282519107366983 0 0 -74.747665 -85.735405 -135.7034
282519117413702 0 0 -74.70395 -85.98006 -135.40012
282519127460004 0 0 -74.66406 -86.24018 -135.10081
282519137508077 0 0 -74.624405 -86.490295 -134.78545
282519147553233 0 0 -74.58935 -86.73482 -134.45668
282519157599379 0 0 -74.55242 -86.9817 -134.11107
282519167645472 0 0 -74.511765 -87.231316 -133.76512
282519177691045 0 0 -74.47383 -87.47545 -133.40999
282519187737608 0 0 -74.435974 -87.72201 -133.03798
282519197782764 0 0 -74.4002 -87.95892 -132.65402
282519207827087 0 0 -74.36399 -88.18234 -132.26183
282519217871045 0 0 -74.334656 -88.41706 -131.85538
282519227914535 0 0 -74.308426 -88.65007 -131.42245
282519237959900 0 0 -74.2746 -88.87378 -130.99084
282519248004639 0 0 -74.24382 -89.108864 -130.55315
282519258049691 0 0 -74.21734 -89.35076 -130.09932
282519268096150 0 0 -74.1921 -89.57949 -129.64735
282519278144222 0 0 -74.169266 -89.803406 -129.19447
282519288191722 0 0 -74.13995 -90.02593 -128.73134
282519298238181 0 0 -74.116905 -90.243744 -128.2634
282519308282712 0 0 -74.100586 -90.46111 -127.79411
282519318328910 0 0 -74.08082 -90.67403 -127.3353
282519328376150 0 0 -74.06276 -90.87802 -126.86619
282519338420785 0 0 -74.052055 -91.07319 -126.37924
282519348465525 0 0 -74.03603 -91.2518 -125.89636
282519358511670 0 0 -74.01468 -91.42656 -125.421684
282519368558858 0 0 -73.99872 -91.60553 -124.93706
282519378604014 0 0 -73.98996 -91.78812 -124.42669
282519388648493 0 0 -73.98374 -91.983 -123.914925
282519398693754 0 0 -73.97719 -92.15734 -123.402695
282519408740264 0 0 -73.9702 -92.32348 -122.88179
282519418787400 0 0 -73.96147 -92.486015 -122.36565
282519428835733 0 0 -73.96061 -92.63269 -121.8377
282519438881306 0 0 -73.95803 -92.76325 -121.29497
282519448928597 0 0 -73.95243 -92.88305 -120.766335
282519458972139 0 0 -73.95391 -92.99634 -120.23984
282519469015889 0 0 -73.9596 -93.12361 -119.7179
282519479061618 0 0 -73.965096 -93.25965 -119.17944
282519489109743 0 0 -73.966835 -93.38032 -118.64229
282519499154483 0 0 -73.96995 -93.48266 -118.12666
282519509198962 0 0 -73.963 -93.57801 -117.60843
282519519242347 0 0 -73.95996 -93.67136 -117.09331
282519529288233 0 0 -73.96267 -93.76241 -116.568016
282519539335837 0 0 -73.96214 -93.85553 -116.05139
282519549382972 0 0 -73.96233 -93.938736 -115.54733
282519559430993 0 0 -73.961945 -94.01576 -115.04069
282519569478858 0 0 -73.96086 -94.09907 -114.535835
282519579522868 0 0 -73.95864 -94.17194 -114.02534
282519589566202 0 0 -73.95906 -94.23538 -113.526726
282519599612712 0 0 -73.96701 -94.29803 -113.04196
282519609658754 0 0 -73.976685 -94.359474 -112.5664
282519619705525 0 0 -73.9811 -94.42339 -112.096
282519629752868 0 0 -73.98487 -94.480995 -111.606766
282519639797347 0 0 -73.99612 -94.53737 -111.115906
282519649843962 0 0 -74.00583 -94.597176 -110.65115
282519659890785 0 0 -74.01345 -94.65582 -110.19941
282519669936983 0 0 -74.02222 -94.70925 -109.75601
282519679985993 0 0 -74.03154 -94.75296 -109.30485
282519690033129 0 0 -74.036194 -94.80359 -108.85867
282519700079587 0 0 -74.03886 -94.85365 -108.43765
282519710124275 0 0 -74.04158 -94.89057 -108.02712
282519720171097 0 0 -74.04484 -94.930855 -107.624954
282519730216879 0 0 -74.04673 -94.974365 -107.23167
282519740263389 0 0 -74.044815 -95.01678 -106.84425
282519750309014 0 0 -74.043655 -95.04999 -106.457466
282519760357712 0 0 -74.043816 -95.078606 -106.080696
282519770405733 0 0 -74.05399 -95.11106 -105.708916
282519780453025 0 0 -74.059616 -95.13832 -105.3362
282519790496775 0 0 -74.05076 -95.15618 -104.9684
282519800542191 0 0 -74.04832 -95.17797 -104.606445
282519810589222 0 0 -74.04769 -95.211525 -104.249176
282519820638233 0 0 -74.04636 -95.25297 -103.91245
282519830686150 0 0 -74.0494 -95.29811 -103.590965
282519840735629 0 0 -74.053696 -95.3379 -103.26265
282519850783337 0 0 -74.05733 -95.37237 -102.92832
282519860830785 0 0 -74.065834 -95.41457 -102.60311
282519870877816 0 0 -74.06863 -95.4436 -102.28809
282519880920941 0 0 -74.062065 -95.45939 -101.978065
282519890965577 0 0 -74.056335 -95.46693 -101.6795
282519901011202 0 0 -74.051895 -95.48262 -101.39041
282519911058962 0 0 -74.04684 -95.505936 -101.10179
282519921107243 0 0 -74.04376 -95.52905 -100.82463
282519931153129 0 0 -74.04322 -95.55586 -100.55274
282519941198545 0 0 -74.04647 -95.58195 -100.275856
282519951242920 0 0 -74.04601 -95.59504 -100.00141
282519961288285 0 0 -74.039894 -95.60789 -99.74037
282519971332816 0 0 -74.04132 -95.63317 -99.48974
282519981377660 0 0 -74.04214 -95.65364 -99.2377
282519991421410 0 0 -74.0367 -95.6691 -98.98289
282520001468493 0 0 -74.02947 -95.684395 -98.73991
282520011516722 0 0 -74.02122 -95.691185 -98.50139
282520021564743 0 0 -74.01443 -95.693695 -98.26379
282520031611410 0 0 -74.01272 -95.70458 -98.03339
282520041657816 0 0 -74.017296 -95.71954 -97.80614
282520051706358 0 0 -74.01788 -95.74632 -97.585686
282520061754691 0 0 -74.01977 -95.76832 -97.36267
282520071806202 0 0 -74.0229 -95.78604 -97.14954
282520081855837 0 0 -74.02221 -95.80318 -96.93874
282520091905212 0 0 -74.024124 -95.81179 -96.72755
282520101954327 0 0 -74.03107 -95.81652 -96.524956
282520112002608 0 0 -74.03091 -95.82511 -96.332016
282520122049900 0 0 -74.024376 -95.84168 -96.151855
282520132096462 0 0 -74.01871 -95.84916 -95.95566
282520142140993 0 0 -74.023186 -95.86059 -95.75148
282520152189275 0 0 -74.0325 -95.880745 -95.56931
282520162237712 0 0 -74.035385 -95.8962 -95.392296
282520172287504 0 0 -74.031364 -95.90307 -95.22322
282520182337920 0 0 -74.028145 -95.90144 -95.05034
282520192387504 0 0 -74.02677 -95.91174 -94.869064
282520202435577 0 0 -74.02648 -95.942276 -94.69301
282520212484066 0 0 -74.02125 -95.96387 -94.52121
282520222532087 0 0 -74.02071 -95.964874 -94.35275
282520232580837 0 0 -74.02574 -95.97809 -94.1809
282520242630108 0 0 -74.024864 -96.00361 -94.03093
282520252679483 0 0 -74.0253 -96.02468 -93.88634
282520262728181 0 0 -74.0215 -96.02855 -93.73507
282520272776983 0 0 -74.01775 -96.03296 -93.60555
282520282825368 0 0 -74.01136 -96.0577 -93.484436
282520292873233 0 0 -74.00699 -96.0818 -93.35896
282520302922035 0 0 -74.00107 -96.080666 -93.22801
282520312970212 0 0 -73.99221 -96.07108 -93.09363
282520323017139 0 0 -73.98341 -96.07393 -92.96312
282520333065681 0 0 -73.97162 -96.080284 -92.82406
282520343113702 0 0 -73.95439 -96.08673 -92.70196
282520353162139 0 0 -73.940094 -96.08539 -92.59326
282520363210629 0 0 -73.93233 -96.08836 -92.48526
282520373258181 0 0 -73.92011 -96.111534 -92.382675
282520383306514 0 0 -73.90875 -96.13772 -92.26363
282520393352035 0 0 -73.89527 -96.14707 -92.149345
282520403400160 0 0 -73.877686 -96.15233 -92.0476
282520413445837 0 0 -73.86292 -96.16174 -91.950676
282520423491150 0 0 -73.84586 -96.17894 -91.85411
282520433538285 0 0 -73.82103 -96.19092 -91.745926
282520443587972 0 0 -73.79669 -96.20266 -91.639885
282520453635733 0 0 -73.772835 -96.21458 -91.54847
282520463683181 0 0 -73.7457 -96.225716 -91.44754
282520473730004 0 0 -73.716515 -96.2445 -91.34393
282520483780368 0 0 -73.68472 -96.26699 -91.24681
282520493828337 0 0 -73.65617 -96.280945 -91.15015
282520503877087 0 0 -73.6276 -96.29063 -91.058334
282520513925889 0 0 -73.59135 -96.308105 -90.97469
282520523973806 0 0 -73.552055 -96.32479 -90.88451
282520534023650 0 0 -73.50166 -96.335945 -90.77745
282520544073910 0 0 -73.43978 -96.338295 -90.67552
282520554123754 0 0 -73.37725 -96.34094 -90.588684
282520564171358 0 0 -73.31836 -96.35942 -90.48881
282520574217035 0 0 -73.26359 -96.398445 -90.40442
282520584263025 0 0 -73.203674 -96.43229 -90.32009
282520594309587 0 0 -73.1445 -96.44881 -90.226746
282520604357400 0 0 -73.08521 -96.46914 -90.139145
282520614405420 0 0 -73.01899 -96.4844 -90.04599
282520624451983 0 0 -72.95091 -96.50353 -89.96228
282520634500472 0 0 -72.87664 -96.52224 -89.88872
282520644547504 0 0 -72.79574 -96.53622 -89.818695
282520654596722 0 0 -72.71385 -96.55789 -89.74847
282520664644222 0 0 -72.626076 -96.57877 -89.67879
282520674691306 0 0 -72.536316 -96.59859 -89.59605
282520684736618 0 0 -72.44226 -96.60106 -89.50284
282520694785889 0 0 -72.34133 -96.59524 -89.419556
282520704835316 0 0 -72.23287 -96.601456 -89.34191
282520714882816 0 0 -72.12272 -96.61967 -89.26812
282520724930368 0 0 -72.01301 -96.62531 -89.19833
282520734978441 0 0 -71.896774 -96.62239 -89.1318
282520745027035 0 0 -71.781456 -96.635704 -89.06539
282520755074222 0 0 -71.66965 -96.656845 -88.99761
282520765120629 0 0 -71.55573 -96.67333 -88.93212
282520775165889 0 0 -71.43411 -96.68476 -88.86121
282520785213181 0 0 -71.30797 -96.699394 -88.781685
282520795261931 0 0 -71.17736 -96.718414 -88.73114
282520805308910 0 0 -71.043144 -96.732864 -88.68622
282520815354170 0 0 -70.8954 -96.7378 -88.630714
282520825398233 0 0 -70.73944 -96.73034 -88.5879
282520835444066 0 0 -70.58139 -96.73928 -88.55209
282520845490577 0 0 -70.42003 -96.767914 -88.51145
282520855536202 0 0 -70.24637 -96.77903 -88.47165
282520865582868 0 0 -70.07559 -96.78582 -88.43244
282520875632400 0 0 -69.904884 -96.80891 -88.402725
282520885680733 0 0 -69.7176 -96.82228 -88.366356
282520895726722 0 0 -69.52801 -96.81854 -88.3217
282520905774170 0 0 -69.33713 -96.818794 -88.27982
282520915820733 0 0 -69.14054 -96.83117 -88.248985
282520925866618 0 0 -68.939766 -96.83946 -88.23641
282520935912712 0 0 -68.734314 -96.838615 -88.21035
282520945960681 0 0 -68.52354 -96.83706 -88.17514
282520956007556 0 0 -68.30498 -96.843605 -88.15432
282520966054170 0 0 -68.083275 -96.84956 -88.12993
282520976101306 0 0 -67.864716 -96.85965 -88.11302
282520986147712 0 0 -67.65246 -96.86928 -88.08654
282520996194952 0 0 -67.431366 -96.86594 -88.06025
282521006243389 0 0 -67.203354 -96.86291 -88.056564
282521016291254 0 0 -66.976166 -96.8597 -88.05096
282521026338962 0 0 -66.75284 -96.86471 -88.046425
282521036388233 0 0 -66.52003 -96.87783 -88.06246
282521046437400 0 0 -66.275505 -96.894325 -88.08655
282521056483077 0 0 -66.03657 -96.91459 -88.110344
282521066532764 0 0 -65.79799 -96.92991 -88.12524
282521076580056 0 0 -65.55235 -96.940445 -88.143
282521086629431 0 0 -65.30085 -96.95501 -88.17957
282521096676983 0 0 -65.04949 -96.96116 -88.22237
282521106722452 0 0 -64.796394 -96.9589 -88.2687
282521116766254 0 0 -64.53205 -96.959915 -88.30999
282521126814222 0 0 -64.26783 -96.96513 -88.36171
282521136862139 0 0 -64.007614 -96.974594 -88.4225
282521146908545 0 0 -63.75149 -96.975555 -88.478546
282521156953545 0 0 -63.494892 -96.97631 -88.53515
282521166997243 0 0 -63.232742 -96.98109 -88.60352
282521177041879 0 0 -62.971577 -96.969925 -88.689
282521187088441 0 0 -62.716793 -96.96698 -88.766945
282521197134847 0 0 -62.46265 -96.97211 -88.8454
282521207180837 0 0 -62.197216 -96.981186 -88.943115
282521217226670 0 0 -61.933926 -96.99436 -89.04954
282521227272504 0 0 -61.680996 -97.003365 -89.15194
282521237318181 0 0 -61.429375 -97.01216 -89.25652
282521247363285 0 0 -61.167847 -97.008354 -89.37169
282521257409014 0 0 -60.911434 -97.01697 -89.48882
282521267454952 0 0 -60.662647 -97.029366 -89.59701
282521277501410 0 0 -60.417084 -97.02921 -89.70243
282521287546566 0 0 -60.176464 -97.029686 -89.824425
282521297592504 0 0 -59.935005 -97.029854 -89.94254
282521307639795 0 0 -59.690224 -97.02588 -90.06659
282521317688545 0 0 -59.449726 -97.018295 -90.20044
282521327737295 0 0 -59.21583 -97.02296 -90.32596
282521337784222 0 0 -58.984676 -97.0396 -90.447525
282521347831879 0 0 -58.75495 -97.06019 -90.57734
282521357881566 0 0 -58.526848 -97.06017 -90.71294
282521367930160 0 0 -58.2958 -97.06012 -90.85428
282521377978962 0 0 -58.071148 -97.07258 -90.99961
282521388026775 0 0 -57.848557 -97.08062 -91.14237
282521398075420 0 0 -57.62666 -97.088066 -91.27405
282521408123129 0 0 -57.41549 -97.09965 -91.40157
282521418170785 0 0 -57.207382 -97.1029 -91.52926
282521428219222 0 0 -57.00036 -97.09844 -91.67326
282521438268025 0 0 -56.789345 -97.08993 -91.82267
282521448316097 0 0 -56.585766 -97.07782 -91.973976
282521458362139 0 0 -56.393734 -97.07865 -92.12736
282521468409743 0 0 -56.19858 -97.083115 -92.27389
282521478457660 0 0 -55.998028 -97.07514 -92.42537
282521488505889 0 0 -55.79525 -97.063034 -92.575294
282521498553493 0 0 -55.6034 -97.05936 -92.714676
282521508601254 0 0 -55.41717 -97.06795 -92.84873
282521518647191 0 0 -55.226 -97.06781 -92.978806
282521528692712 0 0 -55.03938 -97.05985 -93.114655
282521538737868 0 0 -54.859562 -97.06073 -93.26007
282521548781306 0 0 -54.673958 -97.06128 -93.40535
282521558825420 0 0 -54.49466 -97.05395 -93.55244
282521568866775 0 0 -54.327717 -97.05553 -93.70403
282521578910108 0 0 -54.157856 -97.05258 -93.84786
282521588955264 0 0 -53.98267 -97.04093 -93.98132
282521599002816 0 0 -53.815315 -97.03394 -94.11745
282521609049900 0 0 -53.65322 -97.027054 -94.247154
282521619098077 0 0 -53.491196 -97.023865 -94.36311
282521629144795 0 0 -53.33245 -97.020744 -94.47672
282521639191097 0 0 -53.173702 -97.02207 -94.60184
282521649237087 0 0 -53.00813 -97.01896 -94.72704
282521659282191 0 0 -52.844856 -96.995056 -94.8357
282521669328702 0 0 -52.690968 -96.98816 -94.941864
282521679373910 0 0 -52.537018 -96.98506 -95.03785
282521689421462 0 0 -52.38435 -96.97004 -95.140686
282521699466254 0 0 -52.232304 -96.95158 -95.254265
282521709509952 0 0 -52.07886 -96.94108 -95.355156
282521719553597 0 0 -51.92719 -96.93524 -95.46725
282521729595941 0 0 -51.77928 -96.9217 -95.58547
282521739640472 0 0 -51.63491 -96.91222 -95.69219
282521749686514 0 0 -51.489662 -96.90238 -95.78543
282521759734066 0 0 -51.35295 -96.89345 -95.89072
282521769782504 0 0 -51.22157 -96.876724 -95.9955
282521779828597 0 0 -51.08356 -96.84747 -96.09045
282521789872243 0 0 -50.951424 -96.82697 -96.18018
282521799917972 0 0 -50.82673 -96.82776 -96.277916
282521809964691 0 0 -50.706413 -96.82859 -96.37314
282521820009535 0 0 -50.58549 -96.820625 -96.451004
282521830054587 0 0 -50.460037 -96.81677 -96.53287
282521840100577 0 0 -50.3458 -96.82186 -96.62372
282521850149900 0 0 -50.227573 -96.82246 -96.711136
282521860198181 0 0 -50.108086 -96.81068 -96.79676
282521870246514 0 0 -49.997253 -96.803215 -96.87294
282521880294900 0 0 -49.886166 -96.79195 -96.954185
282521890341566 0 0 -49.783566 -96.78551 -97.04166
282521900386879 0 0 -49.6755 -96.778946 -97.1296
282521910434275 0 0 -49.56205 -96.77185 -97.205574
282521920482712 0 0 -49.45713 -96.76877 -97.26607
282521930531827 0 0 -49.351833 -96.76169 -97.32883
282521940581410 0 0 -49.245567 -96.747 -97.40609
282521950630160 0 0 -49.145805 -96.73684 -97.480865
282521960678389 0 0 -49.05124 -96.72291 -97.55282
282521970724014 0 0 -48.96238 -96.709076 -97.61283
282521980770160 0 0 -48.874725 -96.691 -97.658966
282521990818025 0 0 -48.78881 -96.6736 -97.71354
282522000869118 0 0 -48.69574 -96.66054 -97.77628
282522010920212 0 0 -48.610203 -96.64782 -97.832954
282522020970056 0 0 -48.535847 -96.63526 -97.8732
282522031016983 0 0 -48.45664 -96.630806 -97.91215
282522041064743 0 0 -48.37335 -96.626564 -97.96136
282522051112868 0 0 -48.298096 -96.614456 -98.006935
282522061160108 0 0 -48.2312 -96.61088 -98.04719
282522071206462 0 0 -48.16318 -96.60331 -98.09011
282522081250629 0 0 -48.09408 -96.59132 -98.120056
282522091295472 0 0 -48.02377 -96.58764 -98.15092
282522101339170 0 0 -47.949203 -96.584366 -98.198425
282522111384847 0 0 -47.87752 -96.56541 -98.25866
282522121429483 0 0 -47.810356 -96.55488 -98.31128
282522131474222 0 0 -47.74315 -96.560005 -98.33982
282522141521150 0 0 -47.67668 -96.56114 -98.37383
282522151567295 0 0 -47.61415 -96.55418 -98.40564
282522161613441 0 0 -47.554176 -96.54331 -98.43604
282522171658545 0 0 -47.488453 -96.53662 -98.4714
282522181702816 0 0 -47.426666 -96.52148 -98.48893
282522191747400 0 0 -47.376125 -96.51146 -98.515976
282522201794639 0 0 -47.327766 -96.50974 -98.539764
282522211841931 0 0 -47.27343 -96.5116 -98.55616
282522221888181 0 0 -47.217716 -96.509254 -98.572586
282522231935837 0 0 -47.165 -96.50702 -98.58813
282522241983181 0 0 -47.115227 -96.5051 -98.60903
282522252031983 0 0 -47.06774 -96.49928 -98.631874
282522262078858 0 0 -47.01933 -96.49362 -98.657936
282522272126670 0 0 -46.9719 -96.48766 -98.671005
282522282174431 0 0 -46.927895 -96.48609 -98.68656
282522292222035 0 0 -46.879093 -96.484985 -98.7222
282522302266879 0 0 -46.821404 -96.466835 -98.74609
282522312315004 0 0 -46.77053 -96.448715 -98.75224
282522322362243 0 0 -46.728825 -96.43521 -98.7531
282522332407504 0 0 -46.69102 -96.43034 -98.75689
282522342454900 0 0 -46.64888 -96.43001 -98.77808
282522352503702 0 0 -46.59944 -96.42553 -98.80714
282522362550368 0 0 -46.55536 -96.425575 -98.84091
282522372595160 0 0 -46.507824 -96.42098 -98.86246
282522382637295 0 0 -46.461273 -96.41596 -98.86798
282522392680160 0 0 -46.418827 -96.40738 -98.881424
282522402724066 0 0 -46.370262 -96.40324 -98.90951
282522412766306 0 0 -46.32572 -96.40795 -98.952446
282522422811097 0 0 -46.287132 -96.40877 -98.995766
282522432857400 0 0 -46.248745 -96.40485 -99.01932
282522442903962 0 0 -46.20734 -96.40129 -99.05599
282522452950108 0 0 -46.16419 -96.405464 -99.08097
282522462997347 0 0 -46.121437 -96.39311 -99.10098
282522473042660 0 0 -46.083317 -96.38135 -99.1257
282522483087764 0 0 -46.040882 -96.37404 -99.161156
282522493132972 0 0 -45.999283 -96.36739 -99.21149
282522503179170 0 0 -45.964176 -96.36097 -99.25601
282522513227504 0 0 -45.936615 -96.362755 -99.289
282522523271670 0 0 -45.911503 -96.36467 -99.323875
282522533317608 0 0 -45.88076 -96.35012 -99.3615
282522543362556 0 0 -45.84615 -96.344185 -99.409805
282522553405368 0 0 -45.82166 -96.3389 -99.46055
282522563448077 0 0 -45.79683 -96.35408 -99.51239
282522573493285 0 0 -45.764957 -96.36851 -99.55921
282522583539379 0 0 -45.734554 -96.36227 -99.60298
282522593585733 0 0 -45.698494 -96.352486 -99.66607
282522603631045 0 0 -45.66127 -96.34305 -99.73468
282522613674222 0 0 -45.629875 -96.32968 -99.793785
282522623717816 0 0 -45.604053 -96.32501 -99.854095
282522633760577 0 0 -45.57745 -96.32468 -99.92018
282522643803910 0 0 -45.54266 -96.3159 -99.98679
282522653851254 0 0 -45.5023 -96.30322 -100.059814
282522663895056 0 0 -45.469463 -96.31184 -100.14368
282522673940056 0 0 -45.437286 -96.320175 -100.22275
282522683986254 0 0 -45.40457 -96.32025 -100.30296
282522694031410 0 0 -45.37497 -96.32511 -100.3999
282522704077816 0 0 -45.34101 -96.32155 -100.49563
282522714123025 0 0 -45.309616 -96.31843 -100.59821
282522724169795 0 0 -45.280125 -96.31185 -100.713585
282522734216045 0 0 -45.25123 -96.305405 -100.82663
282522744262712 0 0 -45.224796 -96.29915 -100.93685
282522754309379 0 0 -45.197716 -96.28493 -101.04758
282522764356462 0 0 -45.172234 -96.29143 -101.15764
282522774403545 0 0 -45.146664 -96.29411 -101.27776
282522784447556 0 0 -45.119965 -96.272415 -101.39992
282522794493441 0 0 -45.093777 -96.25178 -101.53835
282522804539222 0 0 -45.07046 -96.24816 -101.68103
282522814587139 0 0 -45.055035 -96.2571 -101.81978
282522824634743 0 0 -45.048046 -96.270325 -101.95681
282522834680160 0 0 -45.03813 -96.27522 -102.09746
282522844723025 0 0 -45.031 -96.27247 -102.249306
282522854770056 0 0 -45.022697 -96.27401 -102.40517
282522864815212 0 0 -45.01702 -96.280205 -102.57309
282522874860056 0 0 -45.017933 -96.26661 -102.74943
282522884903441 0 0 -45.026253 -96.265564 -102.91487
282522894946827 0 0 -45.030502 -96.27696 -103.08862
282522904991045 0 0 -45.027817 -96.280266 -103.27577
282522915035472 0 0 -45.026493 -96.27915 -103.44905
282522925079222 0 0 -45.025288 -96.26676 -103.64574
282522935126827 0 0 -45.030346 -96.25911 -103.8433
282522945169900 0 0 -45.038353 -96.260185 -104.04599
282522955214639 0 0 -45.038055 -96.2572 -104.25604
282522965259066 0 0 -45.03977 -96.24232 -104.466385
282522975304952 0 0 -45.049667 -96.22077 -104.69739
282522985348025 0 0 -45.065006 -96.20038 -104.93759
282522995392764 0 0 -45.074387 -96.17999 -105.16846
282523005438910 0 0 -45.09159 -96.176605 -105.39382
282523015485941 0 0 -45.124123 -96.1782 -105.619736
282523025531618 0 0 -45.15291 -96.172226 -105.863075
282523035579743 0 0 -45.173573 -96.16622 -106.10695
282523045624170 0 0 -45.191444 -96.14446 -106.36063
282523055667556 0 0 -45.21403 -96.11902 -106.60107
282523065711462 0 0 -45.241104 -96.10272 -106.845314
282523075758806 0 0 -45.27081 -96.08329 -107.09901
282523085804847 0 0 -45.302513 -96.056076 -107.34293
282523095854952 0 0 -45.33912 -96.042244 -107.594
282523105903493 0 0 -45.374264 -96.03704 -107.84718
282523115952347 0 0 -45.408813 -96.02011 -108.106606
282523125998285 0 0 -45.44407 -95.987564 -108.36817
282523136045160 0 0 -45.47355 -95.95948 -108.623276
282523146092400 0 0 -45.50737 -95.9408 -108.88812
282523156138910 0 0 -45.55182 -95.92309 -109.1505
282523166186150 0 0 -45.59408 -95.90977 -109.40838
282523176233389 0 0 -45.634907 -95.89261 -109.66088
282523186282035 0 0 -45.686226 -95.87648 -109.91433
282523196328389 0 0 -45.736614 -95.848755 -110.17083
282523206374170 0 0 -45.785408 -95.81718 -110.412605
282523216421722 0 0 -45.84194 -95.79499 -110.657074
282523226468962 0 0 -45.89851 -95.78166 -110.90325
282523236515472 0 0 -45.957115 -95.76473 -111.14626
282523246565577 0 0 -46.02587 -95.74903 -111.396706
282523256614743 0 0 -46.100075 -95.742035 -111.6408
282523266664379 0 0 -46.171722 -95.71515 -111.89092
282523276712191 0 0 -46.24532 -95.66108 -112.154175
282523286760525 0 0 -46.321804 -95.61233 -112.411224
282523296808702 0 0 -46.397213 -95.581 -112.66757
282523306858910 0 0 -46.477364 -95.554794 -112.92357
282523316909275 0 0 -46.559086 -95.52524 -113.17622
282523326959379 0 0 -46.649185 -95.5008 -113.4243
282523337006670 0 0 -46.751816 -95.485916 -113.67626
282523347056150 0 0 -46.84933 -95.46337 -113.93274
282523357105733 0 0 -46.944435 -95.42452 -114.170235
282523367154379 0 0 -47.04892 -95.38735 -114.41516
282523377201462 0 0 -47.160694 -95.35208 -114.67726
282523387250629 0 0 -47.273315 -95.32557 -114.92775
282523397296358 0 0 -47.3861 -95.30397 -115.178986
282523407343493 0 0 -47.496147 -95.26719 -115.44569
282523417392035 0 0 -47.605885 -95.2312 -115.706505
282523427441514 0 0 -47.720974 -95.19619 -115.959854
282523437489483 0 0 -47.841267 -95.162445 -116.21519
282523447535368 0 0 -47.96854 -95.13001 -116.47188
282523457581827 0 0 -48.09893 -95.09821 -116.71551
282523467626722 0 0 -48.229145 -95.07143 -116.960075
282523477671358 0 0 -48.35179 -95.03696 -117.20357
282523487716306 0 0 -48.47705 -94.99916 -117.43718
282523497763337 0 0 -48.60794 -94.96678 -117.67345
282523507811775 0 0 -48.735645 -94.930534 -117.89233
282523517857504 0 0 -48.86062 -94.90747 -118.11414
282523527904587 0 0 -48.983692 -94.88886 -118.32861
282523537950889 0 0 -49.10617 -94.87059 -118.53508
282523547999639 0 0 -49.232555 -94.845764 -118.76599
282523558048337 0 0 -49.364788 -94.800995 -118.97854
282523568096150 0 0 -49.50237 -94.77351 -119.17967
282523578142452 0 0 -49.629616 -94.746445 -119.382095
282523588190681 0 0 -49.74573 -94.69922 -119.581184
282523598239743 0 0 -49.86446 -94.661575 -119.78492
282523608287660 0 0 -49.98385 -94.633064 -119.98749
282523618335577 0 0 -50.104614 -94.605255 -120.18486
282523628381514 0 0 -50.224823 -94.577866 -120.37144
282523638428962 0 0 -50.337692 -94.54249 -120.54878
282523648475577 0 0 -50.448284 -94.50782 -120.72255
282523658519795 0 0 -50.5717 -94.47467 -120.897644
282523668565785 0 0 -50.70633 -94.45896 -121.06667
282523678612400 0 0 -50.831303 -94.44752 -121.23788
282523688658597 0 0 -50.953876 -94.42417 -121.4076
282523698705837 0 0 -51.074127 -94.38895 -121.56966
282523708752347 0 0 -51.19064 -94.35889 -121.74168
282523718802556 0 0 -51.306038 -94.33742 -121.90446
282523728852868 0 0 -51.41606 -94.30791 -122.0579
282523738898285 0 0 -51.52582 -94.26704 -122.2127
282523748944743 0 0 -51.635265 -94.22725 -122.37008
282523758989847 0 0 -51.738014 -94.19628 -122.52636
282523769034170 0 0 -51.83669 -94.1779 -122.674965
282523779082243 0 0 -51.94462 -94.1725 -122.81843
282523789129535 0 0 -52.051674 -94.162964 -122.952
282523799176410 0 0 -52.148567 -94.136925 -123.08066
282523809223337 0 0 -52.249172 -94.111595 -123.20505
282523819270889 0 0 -52.350815 -94.09535 -123.336136
282523829318702 0 0 -52.44853 -94.079475 -123.46827
282523839365629 0 0 -52.54239 -94.063644 -123.592064
282523849411775 0 0 -52.63059 -94.047905 -123.711365
282523859459066 0 0 -52.715263 -94.02007 -123.82457
282523869505108 0 0 -52.792576 -93.99241 -123.93094
282523879549275 0 0 -52.871967 -93.977776 -124.0383
282523889598389 0 0 -52.945446 -93.95899 -124.138245
282523899645368 0 0 -53.009293 -93.93645 -124.24444
282523909691879 0 0 -53.07561 -93.914894 -124.35985
282523919737764 0 0 -53.14495 -93.8981 -124.47512
282523929787191 0 0 -53.217285 -93.885765 -124.584076
282523939835160 0 0 -53.28249 -93.8737 -124.698746
282523949883702 0 0 -53.346973 -93.86608 -124.81444
282523959929222 0 0 -53.417698 -93.85845 -124.91305
282523969974431 0 0 -53.478886 -93.84611 -124.99614
282523980019275 0 0 -53.533302 -93.82169 -125.0812
282523990063702 0 0 -53.587914 -93.79394 -125.17003
282524000108702 0 0 -53.64013 -93.77099 -125.26407
282524010156150 0 0 -53.693905 -93.74031 -125.35161
282524020202191 0 0 -53.74529 -93.7145 -125.44437
282524030248389 0 0 -53.796818 -93.69741 -125.53566
282524040296306 0 0 -53.84968 -93.69685 -125.61969
282524050343181 0 0 -53.903362 -93.69637 -125.70146
282524060390056 0 0 -53.959854 -93.68389 -125.78243
282524070435837 0 0 -54.010857 -93.66712 -125.85334
282524080481775 0 0 -54.059532 -93.65483 -125.9267
282524090527556 0 0 -54.10851 -93.639275 -126.01341
282524100573806 0 0 -54.158394 -93.62409 -126.097824
282524110620785 0 0 -54.21271 -93.633354 -126.16558
282524120666358 0 0 -54.261574 -93.6381 -126.229774
282524130713129 0 0 -54.31158 -93.618546 -126.29605
282524140760785 0 0 -54.361176 -93.603485 -126.3612
282524150809118 0 0 -54.407173 -93.59701 -126.4328
282524160858597 0 0 -54.44671 -93.57844 -126.509735
282524170905941 0 0 -54.485443 -93.56014 -126.58199
282524180953025 0 0 -54.52647 -93.55017 -126.64327
282524191000212 0 0 -54.566563 -93.55232 -126.69512
282524201046931 0 0 -54.605133 -93.56278 -126.75312
282524211092452 0 0 -54.642437 -93.55721 -126.82419
282524221139431 0 0 -54.677822 -93.54355 -126.89344
282524231185785 0 0 -54.716145 -93.54253 -126.96133
282524241231775 0 0 -54.752533 -93.532906 -127.01498
282524251279795 0 0 -54.788193 -93.52358 -127.07068
282524261328025 0 0 -54.825138 -93.50248 -127.12978
282524271375525 0 0 -54.85451 -93.4732 -127.18275
282524281420837 0 0 -54.879864 -93.472855 -127.23515
282524291466410 0 0 -54.907196 -93.47627 -127.273674
282524301511045 0 0 -54.94092 -93.47608 -127.31832
282524311555316 0 0 -54.97585 -93.476166 -127.367744
282524321600785 0 0 -55.007618 -93.47167 -127.404076
282524331643077 0 0 -55.03436 -93.46367 -127.45929
282524341685733 0 0 -55.06316 -93.44765 -127.50876
282524351730733 0 0 -55.09187 -93.44787 -127.54613
282524361776097 0 0 -55.11623 -93.44806 -127.58699
282524371822816 0 0 -55.142586 -93.4522 -127.62044
282524381866306 0 0 -55.170876 -93.46042 -127.65284
282524391907868 0 0 -55.18669 -93.464 -127.68775
282524401952504 0 0 -55.19666 -93.45508 -127.7225
282524411999066 0 0 -55.21527 -93.44255 -127.753555
282524422045837 0 0 -55.235394 -93.43044 -127.786545
282524432090525 0 0 -55.255684 -93.42299 -127.828415
282524442135056 0 0 -55.27994 -93.419495 -127.85605
282524452178025 0 0 -55.295 -93.40742 -127.87874
282524462223181 0 0 -55.30975 -93.39568 -127.90409
282524472269847 0 0 -55.330334 -93.40071 -127.92861
282524482317191 0 0 -55.351784 -93.40212 -127.967476
282524492365004 0 0 -55.37528 -93.40767 -128.00519
282524502411775 0 0 -55.394535 -93.412766 -128.03703
282524512459170 0 0 -55.41353 -93.405525 -128.06708
282524522505472 0 0 -55.432144 -93.398224 -128.09029
282524532550420 0 0 -55.45156 -93.39927 -128.11342
282524542594743 0 0 -55.469284 -93.404434 -128.13997
282524552640993 0 0 -55.487247 -93.41338 -128.15994
282524562687035 0 0 -55.50178 -93.4141 -128.18591
282524572733181 0 0 -55.50542 -93.40619 -128.21066
282524582778910 0 0 -55.512764 -93.39835 -128.22755
282524592828962 0 0 -55.517487 -93.38661 -128.24759
282524602876202 0 0 -55.524 -93.37517 -128.26666
282524612923702 0 0 -55.53982 -93.36396 -128.2732
282524622969222 0 0 -55.55779 -93.35745 -128.28857
282524633016514 0 0 -55.579155 -93.351616 -128.315
282524643062764 0 0 -55.595016 -93.349915 -128.3459
282524653112347 0 0 -55.606785 -93.34833 -128.38354
282524663159379 0 0 -55.62338 -93.34306 -128.42477
282524673207608 0 0 -55.644135 -93.32958 -128.45375
282524683254118 0 0 -55.668827 -93.3207 -128.48433
282524693300056 0 0 -55.700436 -93.3247 -128.51944
282524703345264 0 0 -55.730816 -93.32462 -128.55676
282524713391358 0 0 -55.768127 -93.325005 -128.59732
282524723438025 0 0 -55.811653 -93.32132 -128.62839
282524733485056 0 0 -55.853592 -93.32595 -128.6629
282524743530733 0 0 -55.890335 -93.32595 -128.6883
282524753574275 0 0 -55.930202 -93.31447 -128.7296
282524763617972 0 0 -55.988705 -93.30825 -128.77402
282524773664014 0 0 -56.04912 -93.310005 -128.80492
282524783710733 0 0 -56.113266 -93.320465 -128.84694
282524793756514 0 0 -56.179424 -93.3144 -128.88252
282524803804900 0 0 -56.248756 -93.30034 -128.9122
282524813850941 0 0 -56.32728 -93.29539 -128.94821
282524823897660 0 0 -56.416718 -93.29922 -128.98364
282524833944952 0 0 -56.512375 -93.319565 -129.01747
282524843992972 0 0 -56.60246 -93.32735 -129.05682
282524854036775 0 0 -56.695877 -93.31913 -129.10168
282524864081410 0 0 -56.79107 -93.32365 -129.15192
282524874124118 0 0 -56.891163 -93.336464 -129.19984
282524884168858 0 0 -56.998695 -93.349335 -129.24402
282524894214014 0 0 -57.107254 -93.35808 -129.2891
282524904260525 0 0 -57.215656 -93.35437 -129.32845
282524914306410 0 0 -57.330017 -93.354774 -129.35559
282524924352972 0 0 -57.455765 -93.37174 -129.37338
282524934395368 0 0 -57.583282 -93.3929 -129.39923
282524944439795 0 0 -57.715218 -93.40989 -129.42525
282524954483337 0 0 -57.8571 -93.422874 -129.44661
282524964527243 0 0 -57.996143 -93.4356 -129.46754
282524974571254 0 0 -58.14546 -93.46106 -129.49464
282524984614483 0 0 -58.30436 -93.482864 -129.53265
282524994657295 0 0 -58.463367 -93.48802 -129.56741
282525004699170 0 0 -58.632946 -93.497826 -129.60397
282525014742868 0 0 -58.81411 -93.52027 -129.63959
282525024787347 0 0 -58.999912 -93.53407 -129.66194
282525034833337 0 0 -59.18532 -93.53118 -129.67513
282525044879431 0 0 -59.368176 -93.53675 -129.69469
282525054924847 0 0 -59.556065 -93.55066 -129.712
282525064970004 0 0 -59.751614 -93.55243 -129.72444
282525075013181 0 0 -59.953915 -93.55065 -129.7393
282525085056358 0 0 -60.164513 -93.56992 -129.75829
282525095101410 0 0 -60.375397 -93.5809 -129.77792
282525105147191 0 0 -60.587852 -93.5792 -129.78186
282525115192087 0 0 -60.806046 -93.58174 -129.77687
282525125235889 0 0 -61.031017 -93.597046 -129.776
282525135280212 0 0 -61.25902 -93.612404 -129.77602
282525145322452 0 0 -61.487587 -93.61141 -129.77611
282525155364327 0 0 -61.71591 -93.61466 -129.77528
282525165410368 0 0 -61.95283 -93.630424 -129.76859
282525175459795 0 0 -62.19274 -93.633675 -129.75237
282525185505941 0 0 -62.435295 -93.637215 -129.73735
282525195552452 0 0 -62.684902 -93.644844 -129.71011
282525205597556 0 0 -62.942654 -93.65297 -129.68573
282525215645004 0 0 -63.20035 -93.65723 -129.66618
282525225689170 0 0 -63.455975 -93.657326 -129.64261
282525235735785 0 0 -63.71158 -93.65392 -129.63008
282525245780316 0 0 -63.970135 -93.65473 -129.60953
282525255823702 0 0 -64.230896 -93.6677 -129.57895
282525265870212 0 0 -64.49157 -93.676605 -129.55022
282525275914222 0 0 -64.74964 -93.665436 -129.53186
282525285958233 0 0 -65.00878 -93.658676 -129.50928
282525296002452 0 0 -65.270874 -93.65578 -129.46638
282525306045785 0 0 -65.53475 -93.636955 -129.42387
282525316089431 0 0 -65.802055 -93.62707 -129.38348
282525326135472 0 0 -66.062645 -93.63323 -129.33334
282525336179847 0 0 -66.32726 -93.65172 -129.27945
282525346224222 0 0 -66.592804 -93.67433 -129.23138
282525356268597 0 0 -66.848656 -93.69216 -129.1821
282525366314639 0 0 -67.101875 -93.714005 -129.13966
282525376360004 0 0 -67.34941 -93.730995 -129.08853
282525386403337 0 0 -67.59901 -93.73156 -129.03484
282525396448754 0 0 -67.858604 -93.74486 -128.97888
282525406493389 0 0 -68.11794 -93.76538 -128.89839
282525416540785 0 0 -68.369675 -93.78113 -128.81361
282525426585420 0 0 -68.620636 -93.80088 -128.73276
282525436631358 0 0 -68.869064 -93.824295 -128.65004
282525446674952 0 0 -69.110565 -93.84686 -128.56021
282525456719639 0 0 -69.34984 -93.86091 -128.47066
282525466765160 0 0 -69.58751 -93.8708 -128.38469
282525476810264 0 0 -69.82606 -93.88047 -128.29253
282525486853962 0 0 -70.06357 -93.88956 -128.18553
282525496899275 0 0 -70.296936 -93.90246 -128.07774
282525506949222 0 0 -70.52324 -93.91125 -127.98179
282525516998962 0 0 -70.753586 -93.94056 -127.88707
282525527044222 0 0 -70.98229 -93.97691 -127.77543
282525537090629 0 0 -71.2048 -93.98737 -127.64556
282525547136097 0 0 -71.427895 -93.99382 -127.51955
282525557181202 0 0 -71.654495 -94.01682 -127.39829
282525567225316 0 0 -71.87769 -94.047874 -127.28924
282525577270368 0 0 -72.09525 -94.0699 -127.175735
282525587316983 0 0 -72.31732 -94.08759 -127.05837
282525597363389 0 0 -72.54047 -94.117256 -126.93972
282525607410993 0 0 -72.75538 -94.1462 -126.82456
282525617458545 0 0 -72.97106 -94.170235 -126.697365
282525627504587 0 0 -73.188034 -94.19408 -126.57417
282525637551879 0 0 -73.398895 -94.20555 -126.46532
282525647596670 0 0 -73.60476 -94.22483 -126.356514
282525657643337 0 0 -73.804054 -94.239456 -126.24712
282525667690316 0 0 -74.00007 -94.24534 -126.129616
282525677736722 0 0 -74.197075 -94.259636 -126.01999
282525687785681 0 0 -74.390884 -94.26561 -125.914696
282525697831983 0 0 -74.58393 -94.26739 -125.807106
282525707875993 0 0 -74.778 -94.27756 -125.704094
282525717918962 0 0 -74.96438 -94.2874 -125.60429
282525727964275 0 0 -75.1414 -94.29685 -125.50814
282525738011670 0 0 -75.318085 -94.30235 -125.41882
282525748056879 0 0 -75.49059 -94.30344 -125.32489
282525758104379 0 0 -75.66899 -94.31684 -125.22493
282525768147452 0 0 -75.84809 -94.33409 -125.12298
282525778192868 0 0 -76.019295 -94.34625 -125.00839
282525788237660 0 0 -76.1821 -94.34974 -124.89372
282525798284795 0 0 -76.34541 -94.35412 -124.80515
282525808329275 0 0 -76.50294 -94.35414 -124.71564
282525818375056 0 0 -76.66238 -94.35056 -124.635376
282525828421618 0 0 -76.82299 -94.351074 -124.54956
282525838465212 0 0 -76.9728 -94.35091 -124.45527
282525848508858 0 0 -77.1289 -94.3636 -124.370575
282525858552660 0 0 -77.2867 -94.39639 -124.28177
282525868596618 0 0 -77.44274 -94.41247 -124.199066
282525878640993 0 0 -77.5933 -94.41193 -124.120346
282525888688025 0 0 -77.73086 -94.406975 -124.0458
282525898733441 0 0 -77.868095 -94.4066 -123.98175
282525908778806 0 0 -78.005646 -94.414185 -123.90947
282525918826045 0 0 -78.140465 -94.4213 -123.82928
282525928871775 0 0 -78.273735 -94.43638 -123.747986
282525938917816 0 0 -78.41317 -94.44757 -123.671555
282525948959066 0 0 -78.54608 -94.44649 -123.60601
282525959001566 0 0 -78.67505 -94.44915 -123.53318
282525969045420 0 0 -78.79638 -94.45557 -123.46057
282525979091097 0 0 -78.91789 -94.453575 -123.38165
282525989134691 0 0 -79.03694 -94.45162 -123.30434
282525999176566 0 0 -79.152855 -94.45826 -123.24201
282526009219743 0 0 -79.27141 -94.472984 -123.177086
282526019263025 0 0 -79.391365 -94.48723 -123.10299
282526029307243 0 0 -79.505875 -94.49251 -123.018074
282526039352139 0 0 -79.61244 -94.497284 -122.930305
282526049397556 0 0 -79.71876 -94.50203 -122.843735
282526059442868 0 0 -79.82163 -94.510925 -122.7659
282526069488233 0 0 -79.92042 -94.53213 -122.7007
282526079535056 0 0 -80.01911 -94.55318 -122.64247
282526089583181 0 0 -80.120926 -94.569374 -122.56793
282526099630316 0 0 -80.22459 -94.57292 -122.48638
282526109678181 0 0 -80.32441 -94.5641 -122.40587
282526119722868 0 0 -80.42264 -94.57242 -122.34706
282526129768025 0 0 -80.52009 -94.58825 -122.27424
282526139812972 0 0 -80.61442 -94.59525 -122.19313
282526149857243 0 0 -80.70989 -94.61079 -122.12596
282526159900577 0 0 -80.80898 -94.63822 -122.05338
282526169945056 0 0 -80.89867 -94.65283 -121.98958
282526179990889 0 0 -80.98351 -94.65837 -121.91163
282526190039170 0 0 -81.06904 -94.67999 -121.82978
282526200086150 0 0 -81.148575 -94.685234 -121.764946
282526210133285 0 0 -81.22157 -94.68173 -121.69279
282526220179222 0 0 -81.304886 -94.69491 -121.61695
282526230227295 0 0 -81.39102 -94.69991 -121.54366
282526240274170 0 0 -81.46976 -94.70463 -121.47354
282526250321306 0 0 -81.553154 -94.713745 -121.40958
282526260368233 0 0 -81.63617 -94.71875 -121.34926
282526270414639 0 0 -81.71998 -94.72802 -121.29602
282526280460733 0 0 -81.80268 -94.74141 -121.25029
282526290508025 0 0 -81.88185 -94.754265 -121.1998
282526300557087 0 0 -81.95827 -94.758766 -121.15304
282526310607452 0 0 -82.03314 -94.76349 -121.11657
282526320654847 0 0 -82.10096 -94.75548 -121.075134
282526330702712 0 0 -82.154945 -94.73843 -121.01879
282526340749379 0 0 -82.20771 -94.73427 -120.9741
282526350795889 0 0 -82.261894 -94.73415 -120.923706
282526360844431 0 0 -82.311356 -94.72136 -120.86493
282526370890889 0 0 -82.36417 -94.71336 -120.81577
282526380935004 0 0 -82.412605 -94.72143 -120.76074
282526390980368 0 0 -82.45937 -94.737366 -120.70465
282526401023754 0 0 -82.50531 -94.740845 -120.65166
282526411070264 0 0 -82.544205 -94.72804 -120.6094
282526421120004 0 0 -82.58396 -94.740456 -120.5822
282526431163545 0 0 -82.623344 -94.76946 -120.5725
282526441209535 0 0 -82.6583 -94.785324 -120