name=BMP380 Barometer vendor=Bosch current_time_ms=1561446802429
measured_at recorded_at accuracy value
282509793637191 282509810209648 3 1007.1472
282509833639066 282509883985228 3 1007.0688
282509873604900 282509884046843 3 1006.9659
282509913606722 282509916464190 3 1007.174
282509953608025 282509960676121 3 1007.2621
282509993605420 282510058448787 3 1007.13794
282510033605420 282510058498944 3 1007.23706
282510073586775 282510076241862 3 1007.1671
282510113605733 282510147896921 3 1007.0672
282510153604900 282510165868538 3 1007.2228
282510193605993 282510195042551 3 1007.17377
282510233606202 282510235997138 3 1007.0228
282510273605160 282510275071361 3 1006.98096
282510313616618 282510319179803 3 1007.03674
282510353610889 282510355141786 3 1007.0085
282510393584639 282510394666790 3 1007.0573
282510433585837 282510436433461 3 1007.07263
282510473585316 282510475468569 3 1007.08246
282510513583129 282510515680135 3 1007.10535
282510553624431 282510556221493 3 1007.08704
282510593608545 282510596144466 3 1007.0412
282510633620004 282510635475876 3 1007.06396
282510673611150 282510675191088 3 1007.0691
282510713621045 282510715592238 3 1007.04315
282510753617400 282510755764846 3 1007.02545
282510793616879 282510795052090 3 1007.04376
282510833613754 282510835883084 3 1007.04315
282510873610420 282510875105692 3 1007.0251
282510913584535 282510914950435 3 1007.0887
282510953589431 282510955166273 3 1007.04565
282510993617920 282510995611381 3 1007.04517
282511033614275 282511036739562 3 1007.0585
282511073616879 282511075159097 3 1007.0426
282511113614275 282511115034101 3 1007.053
282511153603597 282511155361345 3 1007.068
282511193617139 282511195038640 3 1007.03467
282511233614587 282511235834321 3 1007.0573
282511273586462 282511275102554 3 1007.06024
282511313598285 282511314677090 3 1007.06024
282511353584379 282511354938448 3 1007.0552
282511393584275 282511395596525 3 1007.06506
282511433582087 282511436634446 3 1007.01416
282511473583181 282511476013720 3 1007.0367
282511513583181 282511515288620 3 1007.06244
282511553584483 282511557736697 3 1007.0262
282511593583962 282511594897586 3 1007.0521
282511633583077 282511635049257 3 1007.0544
282511673582087 282511675048584 3 1007.06433
282511713584275 282511715052494 3 1007.06946
282511753618441 282511754939165 3 1007.0442
282511793584275 282511794911096 3 1007.0342
282511833585160 282511835027819 3 1006.9982
282511873616618 282511875498812 3 1007.12006
282511913603389 282511914752670 3 1007.04895
282511953605993 282511954693143 3 1007.04895
282511993604900 282511994770699 3 1007.0431
282512033605160 282512034771224 3 1007.0637
282512073605941 282512074829665 3 1007.0354
282512113605420 282512114706961 3 1006.99506
282512153612295 282512155691236 3 1007.0252
282512193594118 282512195187073 3 1007.04846
282512233586410 282512235333171 3 1007.09717
282512273583910 282512275742342 3 1007.10425
282512313604379 282512315982241 3 1007.07605
282512353606254 282512355545006 3 1007.0376
282512393604118 282512394981468 3 1007.0222
282512433605420 282512435011889 3 1007.0556
282512473617400 282512475511528 3 1007.0663
282512513603077 282512514995855 3 1007.01196
282512553605420 282512556288984 3 1006.9662
282512593625941 282512594953311 3 1007.0144
282512633605681 282512635506805 3 1007.05035
282512673584847 282512676719257 3 1007.053
282512713592712 282512714828271 3 1007.05817
282512753615577 282512756807077 3 1007.058
282512793611410 282512795586925 3 1007.04236
282512833606931 282512835185054 3 1007.01166
282512873606462 282512875144953 3 1007.02704
282512913614535 282512915045687 3 1007.04987
282512953617920 282512955048399 3 1007.045
282512993618181 282512995380018 3 1007.0167
282513033614587 282513035175282 3 1007.0113
282513073585889 282513075308255 3 1007.0544
282513113585056 282513114952738 3 1007.0417
282513153596410 282513155577846 3 1007.0471
282513193603337 282513196388110 3 1007.05457
282513233605733 282513236182802 3 1007.05963
282513273617920 282513275129993 3 1007.01355
282513313616618 282513315232654 3 1007.05176
282513353618389 282513355069949 3 1007.0392
282513393617087 282513395209172 3 1007.0721
282513433620785 282513435119749 3 1007.1029
282513473623129 282513475152409 3 1007.1031
282513513618754 282513515141319 3 1007.1208
282513553585525 282513555159136 3 1007.1006
282513593583806 282513594840025 3 1007.0516
282513633583181 282513635528779 3 1006.99036
282513673584431 282513676061908 3 1006.9977
282513713586566 282513761564313 3 1006.9954
282513753583910 282513761577542 3 1007.01025
282513793586097 282513794771868 3 1007.0287
282513833593129 282513835142237 3 1007.059
282513873595629 282513875531511 3 1007.02826
282513913584275 282513914883547 3 1007.0233
282513953589743 282513955058811 3 1007.01025
282513993584952 282514000622253 3 1007.04126
282514033585160 282514036535850 3 1007.04376
282514073616879 282514076826115 3 1007.1079
282514113584535 282514116894765 3 1007.0668
282514153628285 282514155273987 3 1007.0077
282514193621514 282514195377116 3 1006.98206
282514233606722 282514235245922 3 1007.0097
282514273605160 282514274903895 3 1007.018
282514313617920 282514315099368 3 1007.0481
282514353618441 282514355170101 3 1007.0789
282514393610889 282514395417553 3 1007.0912
282514433586150 282514435349848 3 1007.0514
282514473583806 282514474870113 3 1007.0197
282514513608806 282514515516211 3 1007.0174
282514553619170 282514555483142 3 1007.0094
282514593615316 282514594944656 3 1007.0479
282514633622608 282514635179139 3 1007.0348
282514673626254 282514674962424 3 1007.0403
282514713622035 282514715368887 3 1007.0805
282514753617087 282514755415297 3 1007.0736
282514793615629 282514795671186 3 1007.0244
282514833585681 282514835200253 3 1007.0527
282514873593441 282514876721247 3 1007.09845
282514913582816 282514916207292 3 1007.0425
282514953621514 282514956119171 3 1006.9394
282514993618441 282514996387613 3 1007.00104
282515033619743 282515035901419 3 1007.09845
282515073620264 282515075714704 3 1007.0761
282515113613181 282515115587989 3 1007.0549
282515153626202 282515155532524 3 1007.04675
282515193620004 282515196220133 3 1007.02893
282515233624170 282515235498574 3 1007.05963
282515273621306 282515275517484 3 1007.06775
282515313584431 282515315877801 3 1007.0036
282515353584952 282515355993846 3 1007.04694
282515393605993 282515396275673 3 1007.04425
282515433604900 282515435725938 3 1007.0412
282515473622295 282515475554535 3 1007.04407
282515513610368 282515515467873 3 1007.04425
282515553606983 282515555149283 3 1007.0369
282515593605681 282515596544860 3 1007.06915
282515633582868 282515635743458 3 1007.04626
282515673585212 282515675402107 3 1007.0621
282515713583650 282515715158309 3 1007.0242
282515753585993 282515755840553 3 1007.06946
282515793583545 282515795485765 3 1007.04645
282515833585993 282515836257228 3 1007.04407
282515873584587 282515876377805 3 1007.01324
282515913585004 282515915336923 3 1007.0412
282515953605420 282515956440312 3 1007.0051
282515993584691 282515998705317 3 1007.0205
282516033583025 282516036729435 3 1007.0305
282516073584379 282516075020376 3 1007.057
282516113603910 282516115061735 3 1007.0662
282516153607035 282516155021061 3 1006.9895
282516193582087 282516195325597 3 1007.01447
282516233585577 282516235432059 3 1007.0636
282516273605420 282516275387636 3 1006.9976
282516313604431 282516315328682 3 1007.0867
282516353604900 282516354861290 3 1007.0948
282516393616618 282516394894887 3 1007.0149
282516433628545 282516435528277 3 1007.0226
282516473619483 282516475018177 3 1007.02216
282516513609587 282516515705733 3 1007.0632
282516553616410 282516555071883 3 1007.0376
282516593584118 282516594912928 3 1007.0606
282516633584795 282516635497984 3 1007.061
282516673586722 282516676026530 3 1007.068
282516713616358 282516716488982 3 1006.9889
282516753634066 282516755733153 3 1006.96295
282516793619952 282516795107271 3 1007.01416
282516833623129 282516835345660 3 1007.0633
282516873619743 282516875150769 3 1007.0398
282516913623389 282516916745252 3 1007.0655
282516953615577 282516955599266 3 1007.05774
282516993610889 282516995369791 3 1007.0527
282517033620837 282517035719639 3 1007.06024
282517073584952 28